(3562100,2)
(2646900,1)
(2977200,1)
(1085700,1)
(9806000,1)
(4043600,23)
(10727000,1)
(9931100,1)
(10248200,1)
(10798200,1)
(1617600,1)
(11171600,1)
(10436300,1)
(948800,363)
(10519100,1)
(9264200,2)
(4245200,1)
(11302000,1)
(360000,14)
(9867300,1)
(1524900,2)
(5709600,1)
(7155500,2)
(2502800,2)
(6545300,1)
(3413600,6)
(9582900,3)
(8260700,1)
(11264300,1)
(11115800,1)
(719200,3)
(10816100,1)
(11214800,1)
(152100,1)
(6941300,2)
(395200,7)
(8248100,3)
(4542200,1)
(4013900,14)
(1952000,3)
(4474800,7)
(1123400,3)
(4192100,11)
(9416300,6)
(11105900,1)
(1138800,1)
(4390100,2)
(3344300,12)
(9280400,2)
(3437000,1)
(4266900,1)
(4676400,3)
(6773000,1)
(4172300,4)
(7214900,1)
(3261500,1)
(9744900,1)
(3286800,9)
(6685800,6)
(10294100,1)
(4957200,2)
(11145500,1)
(93500,77)
(9847500,2)
(9032900,2)
(2696400,2)
(8996100,23)
(3854700,1)
(10333700,2)
(197200,1)
(7401100,6)
(10541600,1)
(2390300,1)
(10640600,1)
(9129200,1)
(8412800,1)
(10956600,1)
(4167900,1)
(11119400,1)
(2380400,3)
(9649500,4)
(10307600,1)
(2121100,2)
(6901700,5)
(8816000,21)
(2843000,39)
(7442600,1)
(11244500,1)
(3572000,2)
(10842200,1)
(10264400,2)
(10521800,1)
(5101000,2)
(8717000,1)
(6743300,2)
(8619900,1)
(9105800,4)
(10056500,1)
(5725800,1)
(6628100,5)
(1957500,1)
(2957400,1)
(7608200,1)
(2898000,22)
(10852100,1)
(4557600,8)
(1698700,2)
(10857600,1)
(10312000,1)
(8535200,4)
(1459200,3)
(5894100,1)
(9778200,1)
(132300,16)
(8887200,1)
(3088800,19)
(8733200,2)
(3433400,5)
(11181500,1)
(4656600,1)
(725500,21)
(418600,15)
(6883800,5)
(10046600,1)
(6551600,5)
(3912200,1)
(47600,414)
(3330800,38)
(9853800,1)
(11086100,1)
(6748800,9)
(9794400,1)
(10551500,1)
(9006800,1)
(5017400,1)
(8936700,3)
(4407200,5)
(6862100,3)
(2192300,6)
(4562000,1)
(4813100,1)
(10492100,1)
(10213000,1)
(5369400,2)
(10254500,1)
(10748700,1)
(5672700,5)
(9992400,1)
(10114000,1)
(5775300,2)
(9604400,1)
(5869900,4)
(626500,1)
(563500,1)
(1366500,1)
(974900,2)
(9191300,1)
(1326900,2)
(1267500,2)
(2478600,9)
(830800,1)
(52000,1)
(11104000,1)
(9521600,5)
(2043800,1)
(2848500,1)
(8660300,2)
(9873600,1)
(11248100,1)
(523900,1)
(5488200,1)
(11208500,1)
(6521900,1)
(2017700,1)
(9402800,1)
(5848200,1)
(11092400,1)
(1633800,14)
(8806100,6)
(127900,138)
(4136300,2)
(1361000,2)
(292600,12)
(4765500,1)
(860500,3)
(9218300,2)
(9784500,1)
(10571300,1)
(8608100,1)
(5000,26)
(9898900,1)
(10497600,1)
(2864700,2)
(10041100,1)
(4106600,16)
(8743100,1)
(7432700,1)
(9279600,1)
(3552200,1)
(11139200,1)
(9358800,1)
(5761800,1)
(2053700,1)
(2498400,1)
(1382700,1)
(7294100,1)
(9483900,1)
(8976300,1)
(53900,1)
(10926900,1)
(4686300,1)
(2807000,2)
(11096000,1)
(9812300,2)
(9295800,13)
(10976400,1)
(1508700,13)
(4988800,1)
(9586500,2)
(4219100,1)
(1028000,6)
(10442600,1)
(676000,19)
(1967400,1)
(1667100,7)
(10343600,1)
(9837600,1)
(4532300,1)
(9487500,2)
(4844700,3)
(9546900,1)
(9843900,1)
(9422600,2)
(4583700,1)
(10195100,1)
(1612100,1)
(5380100,1)
(4073300,1)
(10525400,1)
(10753100,1)
(4838400,1)
(1216100,6)
(7529000,1)
(1937700,8)
(3225500,2)
(4187700,51)
(8357000,2)
(9679200,2)
(1813400,1)
(1848600,142)
(786800,28)
(460900,1)
(6539000,1)
(8302000,1)
(11279700,1)
(236800,1)
(8323700,2)
(9110200,2)
(8941100,1)
(1315100,10)
(9452300,1)
(8832200,122)
(10733300,1)
(10258100,2)
(8867400,3)
(8416400,3)
(10317500,1)
(646300,1)
(10966500,1)
(11072600,1)
(10175300,1)
(9056300,1)
(9214700,16)
(7096100,1)
(251100,1)
(9764700,1)
(4458600,1)
(9119300,1)
(9541400,1)
(9248000,1)
(2710700,4)
(3359700,7)
(3162500,2)
(5002000,1)
(2676600,1)
(10915100,1)
(10383200,2)
(7576800,1)
(3557700,1)
(11195000,1)
(10139300,1)
(8394900,1)
(9447900,1)
(10778400,1)
(9827700,2)
(3993300,1)
(1049700,11)
(9181400,1)
(3374000,15)
(7561400,1)
(6788400,2)
(9333500,4)
(4709700,8)
(5751900,1)
(10531700,2)
(5967000,1)
(4902200,1)
(3142700,1)
(8794500,56)
(8764800,14)
(8347100,1)
(3587400,3)
(6737000,9)
(7571300,1)
(177400,1)
(10680200,2)
(9155300,2)
(3265100,2)
(10669500,1)
(2364200,1)
(16000,305)
(9596400,1)
(1158600,5)
(7274300,1)
(507700,4)
(6733400,4)
(11254400,1)
(11155400,1)
(221400,2)
(3022000,1)
(10284200,2)
(4522400,5)
(4860900,114)
(10545200,1)
(5890500,43)
(10763000,1)
(4023800,1)
(502200,224)
(10827900,1)
(8699100,1)
(11125700,1)
(10115900,1)
(2818800,4)
(1184700,5)
(314100,6)
(6931400,1)
(1828800,1)
(2468700,2)
(2093300,6)
(9817800,2)
(448300,4)
(1523000,1)
(10052900,1)
(7639800,1)
(1754000,6)
(5983200,24)
(1297200,1)
(729100,3)
(9901400,3)
(10005100,1)
(2087000,5)
(3870900,5)
(6738900,1)
(11280500,1)
(9204800,2)
(1853000,2)
(7743200,1)
(9290300,1)
(4122800,1)
(1305200,7)
(1554600,3)
(9768300,1)
(10129400,1)
(4874400,2)
(9644000,1)
(5354000,1)
(1779300,1)
(1372800,10)
(1419600,18)
(10015000,1)
(3601700,3)
(8462300,1)
(8778300,1)
(557200,2)
(10982700,1)
(2473100,1)
(5729400,1)
(1749600,6)
(1481700,132)
(6555200,1)
(9660200,2)
(1277400,1)
(10125800,1)
(9893400,1)
(5053400,1)
(6509300,2)
(5484600,2)
(205200,1)
(7234700,2)
(10100500,1)
(1589800,7)
(745300,1)
(6822500,2)
(9921200,1)
(1090100,2)
(9581000,2)
(3057200,1)
(7664000,1)
(8467800,1)
(5379300,10)
(741700,2)
(9097800,5)
(7092500,8)
(9426200,1)
(2275100,1)
(9713300,2)
(2370500,3)
(2126600,2)
(10016900,1)
(3987000,1)
(11100400,2)
(9600800,1)
(4818600,1)
(10268000,1)
(10728900,1)
(7114000,1)
(7031200,1)
(8877300,1)
(2484900,1)
(9675600,1)
(6713600,16)
(10555100,1)
(9042800,2)
(601200,8)
(10887300,1)
(1376400,1)
(4385700,1)
(3215600,1)
(3933900,2)
(3488400,1)
(1040600,2)
(8307500,1)
(5136200,1)
(1301600,1)
(10466000,2)
(2704400,1)
(4417100,1)
(692200,1)
(4527900,4)
(611100,4)
(1739700,15)
(8853900,2)
(9501800,1)
(87200,13)
(10280600,1)
(10806200,1)
(1133300,6)
(454600,5)
(3012100,14)
(7062800,4)
(621000,72)
(8250800,1)
(3403700,1)
(10214900,1)
(3308300,20)
(106200,30)
(1450100,1)
(375400,4)
(8097900,1)
(5735700,2)
(9353300,1)
(1780100,2)
(10624400,1)
(9052700,1)
(3755700,21)
(10634300,1)
(1163000,4)
(2894400,1)
(4593600,3)
(9942900,1)
(11196900,1)
(9363200,1)
(1653600,1)
(10743200,1)
(10972800,1)
(226900,34)
(3894300,1)
(9482000,7)
(4563900,1)
(9509000,1)
(1206200,1)
(7258100,1)
(9348900,1)
(10996200,1)
(11052800,1)
(8228300,1)
(97100,12)
(10703600,1)
(4912100,4)
(4516100,1)
(7357100,1)
(1854900,2)
(4428900,1)
(11295900,1)
(3390200,6)
(5063300,1)
(2899900,3)
(6634400,1)
(7284200,1)
(11082500,1)
(9592800,2)
(9432500,1)
(3122900,2)
(3235400,1)
(10630700,2)
(1868400,1)
(9139100,1)
(7492100,1)
(1424000,4)
(1174800,1)
(5771700,1)
(2106800,5)
(63800,666)
(10452500,1)
(10620800,1)
(9001300,1)
(2779200,1)
(10323800,1)
(9493800,3)
(4824900,1)
(547300,13)
(1044200,1)
(4488300,1)
(5502500,1)
(9842000,2)
(9655800,1)
(10270700,1)
(335800,2)
(7130200,3)
(8723300,1)
(8159000,1)
(10511900,1)
(77300,29)
(2265200,1)
(7482200,2)
(6816200,10)
(4998700,1)
(10238300,3)
(7280600,59)
(1440200,2)
(10832300,1)
(10313900,1)
(9936600,1)
(9171500,1)
(527500,10)
(5478300,2)
(2709900,1)
(9624200,1)
(10290500,2)
(9681900,1)
(22300,5)
(11307500,1)
(9799900,1)
(8274200,1)
(11140000,2)
(9911300,1)
(666100,314)
(7264400,5)
(10893600,1)
(3324500,1)
(9650300,1)
(9691800,2)
(2088900,2)
(3522500,1)
(6689400,25)
(984800,1)
(2536100,1)
(7614500,1)
(11270600,1)
(8901500,2)
(5923800,2)
(4963500,2)
(7500100,2)
(10302100,1)
(27800,36)
(11294000,1)
(10367000,1)
(2631500,1)
(10130200,1)
(2775600,3)
(11313800,1)
(8972700,23)
(10707200,1)
(10510000,1)
(9151700,1)
(2330900,4)
(5349600,1)
(9630500,1)
(10596600,1)
(1906100,109)
(8046500,1)
(5537700,13)
(6565100,3)
(6576900,2)
(10011400,1)
(1194600,2)
(9976200,4)
(8802500,6)
(9556800,2)
(9576600,1)
(7290500,1)
(266500,543)
(1059600,1)
(8847600,3)
(4803200,2)
(408700,9)
(2781900,5)
(10467900,3)
(5943600,1)
(10072700,1)
(4808700,2)
(3927600,4)
(3360500,415)
(5740100,1)
(5616900,3)
(4320800,1)
(3740300,2)
(9916800,1)
(2973600,1)
(3484800,20)
(1977300,1)
(6893700,1)
(7289700,1)
(2073500,2)
(5413400,2)
(2803400,2)
(2027600,2)
(10561400,1)
(1222400,12)
(10664000,4)
(1663500,1)
(10670300,1)
(11260700,1)
(11042900,1)
(4933800,1)
(10689300,1)
(3166100,1)
(9956400,1)
(2176100,1)
(583300,1)
(9780900,1)
(8620700,1)
(1750400,1)
(3271400,3)
(5973300,1)
(8545100,1)
(9011200,1)
(9115700,3)
(2488500,2)
(8343500,1)
(2463200,4)
(9497400,1)
(7411000,1)
(5621300,1)
(67400,4)
(1226000,191)
(8822300,15)
(7052900,1)
(4973400,4)
(9634100,1)
(2692800,1)
(2997000,4)
(9383000,1)
(215100,1)
(998300,23)
(10299600,1)
(10432700,1)
(10368900,1)
(300,124)
(2719800,3)
(721900,7)
(7119500,3)
(6531800,13)
(11041000,1)
(6877500,5)
(10618100,1)
(8303900,4)
(9728700,1)
(5739300,9)
(10086200,1)
(1386300,12)
(9092300,1)
(1351100,228)
(2494800,14)
(102600,10)
(4577400,1)
(6620900,1)
(10446200,1)
(10862000,1)
(5494500,1)
(6723500,7)
(3334400,1)
(8952900,2)
(5542100,20)
(3083300,1)
(10412900,1)
(4502600,5)
(6778500,1)
(3795300,1)
(494200,1)
(4453100,1)
(3443300,1)
(6986400,2)
(1623900,8880)
(1795500,3)
(9571100,1)
(10031200,1)
(9120100,3)
(11016800,1)
(3808800,1)
(1089300,67)
(8784600,2)
(2334500,1)
(9462200,2)
(7279800,2)
(5803100,2)
(5720300,14)
(300600,20)
(4162400,2)
(573400,1)
(10327400,1)
(3328100,9)
(9962700,1)
(6753200,2)
(10802600,1)
(5765400,6)
(5385600,1)
(7175300,1)
(8982600,1)
(9629700,2)
(2635100,6)
(10353500,1)
(201600,1)
(11274200,1)
(10472300,1)
(10151900,1)
(7510000,1)
(7228400,2)
(9240800,3)
(739000,3)
(8921300,1)
(8768400,1)
(4360400,1)
(7422800,1)
(5201900,1)
(9269700,1)
(9412700,1)
(10416500,1)
(1688800,1)
(2765700,1)
(1730600,2)
(10529000,1)
(1607700,1)
(1724300,1)
(9244400,1)
(7690100,1)
(4864500,2)
(10565000,1)
(735400,3)
(10936800,1)
(8284100,1)
(10535300,1)
(3007700,5)
(1983600,1)
(10986300,1)
(1065900,3)
(7313900,2)
(10185200,1)
(9620600,1)
(9228200,1)
(9289500,1)
(4399200,1)
(8827800,47)
(4365900,1)
(4177800,2)
(10500100,1)
(8905100,1)
(8353400,1)
(10713500,1)
(11130100,1)
(9551300,1)
(2063600,3)
(10208600,1)
(2172500,7)
(11191400,1)
(8883600,1)
(3922100,1)
(5808600,21)
(1803500,11)
(6224900,1)
(9758400,1)
(2823200,2)
(3494700,1)
(6911600,2)
(403200,1)
(5889700,4)
(379000,1)
(3917700,1)
(8863800,1)
(2888100,7)
(11161700,1)
(11269800,1)
(4795200,1)
(10477800,1)
(5390000,1)
(1578000,3)
(8551400,1)
(2186000,3)
(1700900,9)
(9997900,2)
(122400,37)
(927100,76)
(9665700,1)
(10925000,1)
(9343400,3)
(9135500,5)
(11165300,1)
(3172400,1)
(9708900,1)
(9531500,1)
(8294000,2)
(490600,6)
(6644300,6)
(1455600,72)
(9234500,1)
(3111100,3)
(7046600,6)
(2296800,1)
(2318300,2)
(9788100,2)
(9145400,2)
(9614300,1)
(2200300,13)
(10604600,1)
(11046500,1)
(7951100,3)
(10509200,1)
(9733100,1)
(1568100,2)
(9986100,1)
(6717200,1)
(6836000,1)
(355600,1)
(1008200,3)
(10654100,1)
(3389400,10)
(6604700,47)
(10946700,1)
(8685600,1)
(10911500,1)
(1010900,3)
(1637400,4)
(577000,3)
(7525400,1)
(12400,1)
(6177600,1)
(4265000,1)
(1414100,48)
(1471800,1)
(2007800,1)
(11066300,1)
(1775700,4)
(10244600,1)
(3229100,1)
(9457800,1)
(2111200,6)
(7406600,1)
(5988700,1)
(8788200,1)
(2209400,672)
(9016700,1)
(2369700,1)
(2136500,3)
(10659600,1)
(10145600,1)
(3399300,3)
(3136400,1)
(9026600,1)
(10649700,1)
(8893500,6)
(126000,3)
(9798000,1)
(9545000,1)
(2413700,1)
(7519100,1)
(7066400,1)
(672400,9)
(994700,6)
(1237800,4)
(112500,1)
(8951000,45)
(2251700,2)
(3182300,2)
(4209200,1)
(1168500,1)
(9857400,2)
(8610800,2)
(5360300,1)
(9566700,2)
(9926700,1)
(9946500,1)
(1548300,1)
(3221900,4)
(1744100,10)
(1475400,1)
(1153100,1)
(5884200,3)
(9535100,4)
(2868300,3)
(5626800,1)
(4858200,1)
(2884500,61)
(241200,21)
(5389200,3)
(1107200,1)
(8707100,1)
(3354200,140)
(8897100,1)
(9208400,3)
(2187900,3)
(7383200,1)
(10224800,1)
(11109500,1)
(10269900,2)
(147700,1)
(9472100,2)
(2506400,2)
(6784800,7)
(4700600,2)
(3192200,6)
(4953600,1)
(10608200,2)
(10082600,1)
(9250700,2)
(3583800,118)
(9723200,1)
(9467700,1)
(6525500,35)
(8837700,183)
(1460000,5)
(11303900,1)
(9186900,2)
(11005000,1)
(3033800,1)
(3884400,4)
(10411000,1)
(10586700,1)
(11110300,1)
(958700,15)
(4002100,10)
(9270500,1)
(2344400,2)
(3512600,1)
(7104100,1)
(5953500,2)
(6900,197)
(9036500,2)
(163900,5)
(1341200,7)
(8946600,2)
(10378800,1)
(6654200,1)
(6142400,1)
(193600,16)
(9072500,2)
(11141900,1)
(9347000,1)
(1449300,2)
(9260600,16)
(11149100,1)
(10690100,2)
(10001500,1)
(598700,1)
(5968900,1)
(10591100,1)
(2022100,1)
(8446100,2)
(1293600,3)
(11185100,1)
(6575000,3)
(5197500,1)
(9317300,3)
(1720700,1)
(4704200,2)
(6182000,2)
(10784700,1)
(8604500,1)
(10120300,2)
(9313700,3)
(8817900,1)
(1678900,5)
(2261600,2)
(83600,14)
(2395800,77)
(9109400,4)
(9398400,2)
(8363300,1)
(10363400,1)
(2686500,14)
(4993200,6)
(8812400,3)
(8798100,21)
(5791500,1)
(10482200,1)
(9608000,1)
(616600,6)
(7509200,1)
(869600,184)
(3047300,1)
(10487700,1)
(9659400,1)
(11006900,1)
(9941000,1)
(3542300,3)
(349300,1)
(9802400,2)
(4210000,4)
(4854600,9)
(9639600,1)
(1485300,18)
(11056400,1)
(8738700,1)
(2067200,4)
(10140100,4)
(7748700,4)
(11228300,1)
(9087900,2)
(5407100,1)
(4413500,18)
(6505700,1)
(8650400,1)
(9394800,1)
(2249000,2)
(1770200,7)
(5947200,2)
(9609900,1)
(2808900,3)
(10738800,1)
(3245300,2)
(8629800,8)
(4468500,2)
(890200,1)
(10110400,2)
(4626900,5)
(9695400,1)
(7591100,1)
(296200,7)
(5516000,3)
(4221800,1)
(7467900,2)
(10092500,1)
(3255200,18)
(9284000,1)
(709300,3)
(10962900,1)
(636400,3)
(5399100,1)
(1060400,3)
(3380300,1)
(2906000,37)
(1283700,1)
(5391900,1)
(10679400,1)
(9832100,3)
(4235300,1)
(9327200,1)
(8956500,1)
(1400,344)
(2349900,1)
(10837800,1)
(10723400,1)
(8926800,4)
(11250800,1)
(1127000,1)
(10150000,1)
(3339900,1)
(10169000,1)
(7624400,1)
(2389500,12)
(1917900,7)
(3023900,5)
(2998900,2)
(10699200,1)
(517600,5)
(10695600,1)
(11120200,1)
(4791600,2)
(7551500,1)
(7110400,1)
(10135700,1)
(256600,10)
(10104100,1)
(9388500,1)
(9249900,1)
(10515500,1)
(10847700,1)
(10576800,1)
(3067100,1)
(1714400,1)
(10279800,1)
(1495200,1)
(10867500,1)
(4526000,1)
(10165400,1)
(10456100,1)
(7161800,1)
(9076100,1)
(7426400,1)
(9640400,3)
(656200,1)
(1838700,1)
(1947600,1)
(2285000,23)
(10812500,1)
(9807900,1)
(10289700,2)
(10644200,1)
(2304800,2)
(3536000,1)
(4692600,7)
(3281300,1)
(9224600,1)
(3478500,26)
(9996000,1)
(9165200,3)
(5370200,2)
(3219200,2)
(3276900,1)
(6798300,8)
(10462400,1)
(1325000,2)
(1953900,1)
(6535400,1)
(10203100,2)
(804700,1)
(11001400,1)
(6638000,5)
(2239100,1)
(4112900,1)
(8873700,30)
(1198200,1)
(9021100,1)
(10036700,1)
(9274100,1)
(2142800,186)
(10096100,1)
(3239000,1)
(9031000,1)
(10155500,1)
(1528500,5)
(10794600,1)
(2770100,3)
(1963800,10)
(1039800,4)
(8703500,1)
(4443200,11)
(8857500,1)
(731800,3)
(1336800,2)
(8299500,3)
(7505600,1)
(2360600,5)
(10076300,1)
(3547800,1)
(4666500,1)
(4229000,4)
(9822200,1)
(11204900,1)
(937000,1)
(10250900,2)
(9685500,1)
(5593500,1)
(10650500,2)
(9100300,8)
(9323600,6)
(2795400,9)
(11218400,1)
(9238100,1)
(10660400,1)
(1657200,11)
(2799000,1)
(10234700,2)
(1538400,1)
(1704500,2)
(9082400,2)
(8962800,1)
(11021200,1)
(9511700,4)
(1534800,1)
(9230900,4)
(10941200,1)
(5828400,1)
(4478400,1)
(6806300,8)
(42100,39)
(9863700,1)
(4182200,3)
(3350600,2)
(3932000,8)
(9952800,1)
(1445700,4)
(1227900,1)
(2661200,3)
(10161800,1)
(682300,27)
(142200,3)
(4890600,2)
(10119500,2)
(2609000,2)
(225000,11)
(1029900,2)
(6639900,3)
(2838600,1)
(4947300,1)
(11076200,1)
(933400,14)
(2340800,1)
(9303800,5)
(11299500,1)
(642700,2)
(167500,1)
(907300,39)
(3379500,5)
(4828500,13)
(9743000,1)
(8931200,10)
(9669300,1)
(2291300,2)
(7260800,1)
(2324600,3)
(11031100,1)
(2780000,1)
(1247700,1)
(4328000,2)
(6608300,2)
(17900,18)
(2423600,2)
(5517900,1)
(1425900,16)
(9477600,1)
(8290400,6)
(5587200,2)
(899300,1)
(3458700,6)
(8401000,1)
(6581300,4)
(791200,54)
(9307400,5)
(1710800,1)
(1718000,1)
(8317400,1)
(2255300,1)
(10614500,1)
(3121000,2)
(2749500,3)
(1833200,2)
(10398600,1)
(10764900,1)
(10768500,1)
(9254300,2)
(10992600,1)
(37700,352)
(10961000,1)
(8082500,1)
(3098700,5)
(9699000,1)
(9299400,1)
(10388700,1)
(10051000,1)
(8966400,9)
(9062600,1)
(1064000,1)
(6915200,2)
(7139300,1)
(4027400,1)
(8402900,1)
(6571400,1)
(4464900,2)
(4448700,10)
(9883500,1)
(1740500,31)
(9406400,1)
(10566900,1)
(10357100,1)
(4870800,1)
(7665900,2)
(10218500,1)
(8368800,1)
(1356600,1)
(10897200,1)
(246700,7)
(8373200,1)
(3073400,1)
(7051000,3)
(5403500,2)
(116100,91)
(9130000,1)
(1922300,1)
(10665900,1)
(1987200,4)
(10401100,1)
(3438900,3)
(11135600,1)
(9125600,1)
(1755900,103)
(8259900,1)
(385300,9)
(10109600,1)
(1030700,1)
(7798200,8)
(3899800,1)
(10901600,1)
(9982500,1)
(7269900,2)
(1518600,2)
(10951100,1)
(2641400,1)
(7151900,4)
(9175100,2)
(2562200,1)
(8289600,1)
(8586600,2)
(8915000,4)
(4760000,2)
(913600,11)
(10066400,2)
(6624500,1)
(9887100,1)
(6774900,1)
(1799100,1)
(3983400,1)
(6510100,1)
(7618100,3)
(10921400,1)
(10159100,1)
(6586800,1)
(3537900,1)
(3953700,1)
(9905000,1)
(9790800,1)
(7076300,1)
(6826100,2)
(9703400,1)
(6768600,1)
(8679300,1)
(9161600,2)
(9774600,1)
(3407300,7)
(7367000,1)
(10758600,1)
(6520000,4)
(3567600,15)
(3116600,1)
(10883700,1)
(9131900,3)
(5755500,1)
(6529100,58)
(662500,1)
(10021300,3)
(10406600,1)
(917200,6)
(4710500,1)
(10426400,1)
(10685700,1)
(11284100,1)
(7794600,3)
(3453200,4)
(9619800,2)
(10505600,1)
(9337100,1)
(4943700,1)
(5334200,16)
(8852000,2)
(5474700,4)
(1769400,20)
(8456000,1)
(7327400,2)
(3251600,1)
(8140000,1)
(10373300,1)
(261000,17)
(8596500,2)
(4255100,2)
(4823000,1)
(1212500,1)
(10877400,1)
(1148700,29)
(889400,18)
(6837900,27)
(3907800,4)
(8600900,1)
(8790900,1)
(10337300,1)
(3937500,1)
(9718800,2)
(9748500,1)
(57500,1)
(3205700,1)
(10822400,1)
(923500,2)
(2789100,1)
(1558200,1)
(11159000,1)
(9505400,5)
(10171700,1)
(6758700,2)
(9378600,2)
(10788300,1)
(10026800,1)
(4672800,4)
(1560900,1)
(10629900,1)
(9897000,1)
(8561300,5)
(2522600,2)
(2101300,1)
(2286900,1)
(211500,1)
(11026700,1)
(1410500,2)
(5917500,1)
(10149200,3)
(4379400,1)
(11036600,1)
(10228400,1)
(6248300,8)
(11151800,1)
(953200,9)
(1590600,1)
(4403600,2)
(2057300,1)
(3369600,10)
(10191500,1)
(7436300,8)
(10675800,1)
(1898100,2)
(5563800,2)
(1579900,3)
(7129400,1)
(428500,12)
(11062700,1)
(8155400,1)
(5458500,3)
(4370300,5)
(8333600,1)
(9754800,1)
(9906900,1)
(10628000,1)
(11258000,3)
(1791900,1)
(444700,45)
(537400,7)
(4132700,2)
(8992500,1)
(4438800,1)
(1513100,22)
(5418900,1)
(7893600,1)
(4587300,1)
(6897300,1)
(11234600,1)
(231300,11)
(9185000,1)
(4937400,1)
(3385800,1)
(11129300,1)
(1095600,10)
(8774700,1)
(4012000,2)
(8591000,1)
(2350700,4)
(8457900,1)
(8566800,1)
(9689100,1)
(11097900,1)
(7398600,3)
(4197600,15)
(9066200,1)
(6707300,3)
(8398500,2)
(6867600,1)
(3037400,26)
(8442500,1)
(8916900,6)
(1790000,1)
(1683300,8)
(10931300,1)
(8986200,1)
(3526100,1)
(796700,5)
(6614600,3)
(820900,1)
(1643700,1)
(4281200,7)
(1287300,56)
(286300,5)
(3320900,1)
(2947500,2)
(700200,1)
(11290400,1)
(3417200,1)
(9373100,2)
(183700,3)
(9561200,1)
(2557800,4)
(7758600,1)
(8713400,1)
(10610900,1)
(162000,1)
(2615300,1)
(4329900,3)
(8337200,1)
(391600,66)
(1346700,1)
(9738600,3)
(2098800,8)
(3597300,1)
(9972600,1)
(2791800,5)
(2328200,2)
(8618000,1)
(6794700,2)
(9966300,3)
(11224700,1)
(2427200,19)
(10639800,1)
(10062800,1)
(11289600,1)
(1004600,1)
(4200100,1)
(10274300,1)
(7515500,1)
(10260800,1)
(9141800,1)
(9707000,4)
(1069500,1)
(6727100,1)
(5615000,2)
(7323800,1)
(8754900,1)
(8036600,1)
(11175200,1)
(8728800,1)
(4661000,5)
(8911400,8)
(1503200,6)
(2967300,3)
(484300,9)
(1311500,6)
(9442400,1)
(9645900,2)
(5963400,4)
(567100,10)
(5058900,1)
(10826000,1)
(6695700,20)
(4834800,9)
(11259900,1)
(282700,25)
(3672900,1)
(5710400,396)
(4547700,2)
(7446200,1)
(6812600,3)
(7675800,9)
(9086000,4)
(4156100,4)
(2708000,1)
(3027500,4)
(9446000,1)
(1874700,1)
(895700,9)
(9046400,4)
(7363400,1)
(8842100,2)
(11011300,1)
(903700,1)
(7566900,2)
(1331300,6)
(381700,59)
(4215500,15)
(2116700,20)
(622900,17)
(4389300,2)
(10863900,1)
(6519200,2)
(11238200,1)
(9285900,6)
(9610700,2)
(2720600,2)
(10774800,1)
(8224700,1)
(10581200,1)
(9259800,3)
(7149200,1)
(9384900,1)
(9680000,1)
(9515300,1)
(2131000,1)
(10393100,3)
(10717100,1)
(5490900,1)
(10905200,1)
(6905300,4)
(2813300,19)
(2146400,1)
(4978900,1)
(7254500,3)
(10873800,1)
(10422800,1)
(8541500,1)
(11240900,1)
(9368700,2)
(7373300,2)
(2880900,1)
(9149000,1)
(1014500,1)
(9877200,1)
(3002200,1)
(7416500,9)
(2437100,14)
(9525200,1)
(1202600,4)
(4719600,2)
(1018100,15)
(6887400,2)
(4340600,1)
(11203000,2)
(10181600,1)
(9436100,2)
(9196800,1)
(4211900,36)
(2152700,1)
(1020800,4)
(2621600,3)
(7456100,1)
(9670100,2)
(6699300,7)
(2532500,5)
(10347200,1)
