(2858700,1)
(1262300,5)
(9472400,4)
(9041200,1)
(9961100,2)
(11171900,1)
(10713800,6)
(563800,22)
(2182700,2)
(6900100,1)
(10509500,7)
(1361300,11)
(10244900,1)
(11035000,1)
(9139400,1)
(9466100,2)
(6905600,2)
(4192400,1)
(7061200,3)
(7426700,2)
(11110600,1)
(10264700,3)
(464800,54)
(4724300,3)
(3334700,2)
(8976600,1)
(10011700,1)
(10208900,1)
(10551800,1)
(2691200,1)
(4512800,1)
(8011600,1)
(7041400,1)
(860800,1)
(3291500,3)
(255000,1)
(10092800,1)
(10806500,1)
(329800,2)
(3162800,1)
(9377000,1)
(6822800,1)
(3111400,2)
(11005300,1)
(1201000,11)
(11130400,1)
(9703700,1)
(10280900,1)
(5947500,1)
(10446500,1)
(9005200,1)
(1499100,10)
(9867600,1)
(10801000,1)
(4536200,1)
(2639000,1)
(1449600,24)
(126300,8)
(1414400,1)
(5775600,7)
(5417300,1)
(8124100,1)
(10867800,1)
(11294300,1)
(11096300,1)
(7149500,12)
(1564800,1)
(7416800,1)
(672700,4)
(10981100,1)
(1888500,3)
(7284500,2)
(4546100,1)
(11056700,1)
(11071000,1)
(3884700,6)
(5468700,1)
(9862100,2)
(10793000,1)
(2281700,2)
(2597700,1)
(11129600,1)
(714000,1)
(3433700,2)
(11165600,2)
(5522600,1)
(9254600,2)
(9505700,1)
(9778500,4)
(8679600,1)
(2641700,1)
(1355000,5)
(6713900,5)
(9604700,1)
(6887700,3)
(4417400,1)
(7096400,7)
(10056800,2)
(8561600,1)
(2651600,1)
(1163300,7)
(1157000,1)
(11258300,1)
(1868700,4)
(1513400,1)
(7436600,1)
(5833100,1)
(7496000,1)
(6669900,1)
(9565100,1)
(2245700,2)
(5724200,1)
(3369900,1)
(308100,1)
(10862300,1)
(8421100,1)
(10456400,1)
(9289800,1)
(8877600,15)
(10768800,1)
(9972900,1)
(9051100,1)
(10342000,2)
(3200500,1)
(5354300,1)
(621300,281)
(913900,3)
(1795800,5)
(9618200,1)
(1533200,17)
(5370500,1)
(6897600,2)
(10248500,1)
(8882000,2)
(9826100,1)
(517900,61)
(1740800,3)
(10347500,6)
(6569000,1)
(1034600,2)
(403500,11)
(438700,11)
(399100,2)
(2121400,6)
(52300,9)
(9248300,1)
(3229400,1)
(9986400,1)
(7071100,4)
(1912700,1)
(7144000,2)
(5898000,3)
(8981000,1)
(10120600,1)
(3016000,14)
(1173200,1)
(2126900,1)
(1697100,1)
(10702000,1)
(9620900,1)
(10397000,1)
(2380700,2)
(365800,11)
(1455900,131)
(201900,271)
(9130300,2)
(2239400,2)
(77600,1)
(6555500,2)
(8783000,1)
(256900,17)
(10638200,1)
(1381100,2)
(9223000,1)
(6812900,1)
(1054400,1)
(5858400,1)
(735700,1)
(6192200,1)
(11119700,1)
(1734500,2)
(8333900,1)
(7203400,1)
(2463500,1)
(10170100,1)
(1823600,2)
(271200,4)
(1069800,14)
(57800,5)
(11124100,1)
(9591200,6)
(2473400,8)
(6504100,1)
(7387100,6)
(1123700,1)
(4572200,1)
(7956900,1)
(9208700,1)
(193900,187)
(1089600,14)
(10377200,1)
(739300,9)
(8462600,1)
(10955000,1)
(7500400,1)
(9307700,2)
(9031300,1)
(10555400,1)
(1827200,1)
(7545500,2)
(9727100,2)
(9145700,1)
(9149300,1)
(9784800,1)
(3417500,1)
(11072900,1)
(3151000,4)
(9270800,8)
(10694000,4)
(1232600,2)
(177700,4)
(7046900,1)
(3269000,1)
(2770400,1)
(10591400,3)
(494500,2)
(4399500,9)
(2412100,2)
(10991000,1)
(1267800,1)
(11203300,1)
(11208800,1)
(11104300,2)
(3172700,1)
(1873100,1)
(6618500,3)
(3032200,4)
(889700,5)
(488200,1)
(10945100,1)
(3210400,4)
(9100600,5)
(8971100,1)
(1376700,1)
(10545500,1)
(10332100,1)
(101000,765)
(3006100,4)
(8302300,1)
(1926200,4)
(3017900,1)
(6550000,1)
(5572100,1)
(9758700,1)
(1003000,1)
(10294400,1)
(1429800,1)
(4516400,1)
(3265400,1)
(5542400,1)
(8130400,1)
(795100,2)
(4656900,1)
(10956900,1)
(9011500,2)
(2111500,4)
(1277700,2)
(10071100,1)
(11169200,1)
(1335200,4)
(5779200,1)
(10393400,1)
(10180000,1)
(4973700,1)
(9462500,1)
(9654200,1)
(7081000,1)
(1687200,1)
(3249200,3)
(1683600,1)
(626800,3)
(11139500,1)
(1178700,20)
(2952200,2)
(998600,2)
(2696700,1)
(26200,1)
(4493000,1)
(5838600,2)
(4848600,3)
(7411300,1)
(9768600,1)
(9680300,1)
(1356900,5)
(6441100,1)
(5384000,1)
(10571600,1)
(11100700,1)
(8747000,1)
(8935100,1)
(9025000,5)
(2259200,71)
(182100,1)
(9707300,1)
(8941400,1)
(9274400,1)
(10496000,1)
(3676800,1)
(3567900,2)
(9639900,2)
(10500400,1)
(9699300,1)
(6628400,18)
(9802700,1)
(8119700,1)
(9982800,1)
(4473200,5)
(1774100,2)
(7442900,1)
(413400,3)
(1321700,38)
(3666900,2)
(6747200,4)
(10081000,1)
(7342000,1)
(9422900,1)
(10634600,4)
(3235700,1)
(83900,10)
(4447100,10)
(9936900,1)
(3380600,7)
(7363700,1)
(4557900,3)
(2364500,1)
(4625300,4)
(10207000,2)
(10082900,1)
(1647600,1)
(10919000,1)
(11233000,1)
(7195400,1)
(1301900,1)
(11021500,2)
(9224900,3)
(7181900,1)
(11109800,1)
(8862200,1)
(4696500,26)
(9492200,2)
(10585100,1)
(3097100,1)
(9931400,1)
(8717300,1)
(2973900,9)
(2609300,2)
(3360800,4)
(10298000,1)
(7139600,1)
(567400,238)
(666400,16)
(1612400,1)
(1090400,2)
(5888100,12)
(973300,1)
(4239200,2)
(9124000,1)
(2012500,1)
(6699600,3)
(3057500,1)
(4245500,2)
(4818900,3)
(8357300,2)
(4230100,9)
(9576900,4)
(8289900,1)
(11254700,1)
(291000,1)
(725800,7)
(6624800,2)
(1475700,1)
(2378000,5)
(36100,1)
(3384200,20)
(6717500,3)
(11268200,1)
(391900,1)
(5843000,1)
(1459500,1)
(136200,5)
(443100,4)
(10778700,1)
(10213300,1)
(9941300,1)
(11195300,1)
(10472600,1)
(10614800,1)
(2898300,11)
(281100,27)
(5755800,1)
(4042000,1)
(7456400,1)
(8109800,1)
(5601800,1)
(9951200,3)
(4977300,6)
(532200,4)
(10155800,1)
(2360900,6)
(11150200,1)
(8867700,1)
(3611900,2)
(4833200,2)
(1553000,49)
(10966800,1)
(10466300,1)
(2962100,3)
(5823200,1)
(11223100,1)
(6559100,2)
(10961300,1)
(300900,8)
(2125000,4)
(10727300,1)
(3239300,4)
(4275200,1)
(10935200,1)
(9634400,1)
(11213200,1)
(6581600,2)
(557500,13)
(2676900,1)
(6935300,1)
(10608500,1)
(601500,14)
(9669600,1)
(5494800,6)
(2093600,1)
(8591300,1)
(4963800,1)
(6767000,1)
(5963700,4)
(407100,2)
(2863100,7)
(957100,4)
(1503500,6)
(67700,4)
(6919100,12)
(4083500,1)
(3577800,80)
(10258400,2)
(261300,3)
(11185400,1)
(5818800,1)
(5577600,2)
(1293900,18)
(9586800,1)
(10788600,1)
(8446400,1)
(700500,3)
(10119800,3)
(7541900,1)
(4303000,2)
(1590900,6)
(10897500,1)
(11288000,1)
(3285200,2)
(10900000,1)
(8713700,1)
(9689400,1)
(1102000,1)
(5749500,1)
(9388800,4)
(10826300,2)
(2097200,5)
(221700,3)
(7280900,2)
(502500,1)
(1008500,1)
(6525800,29)
(1507100,294)
(4494900,4)
(5027600,3)
(9228500,1)
(11270900,1)
(605100,2)
(4864800,2)
(2249300,3)
(11155700,1)
(5385900,2)
(2605700,1)
(10905500,2)
(10515800,1)
(9794700,1)
(8883900,1)
(1444100,7)
(7476200,2)
(3192500,2)
(6811000,2)
(3176300,3)
(1704800,3)
(7758900,1)
(11274500,1)
(4116800,1)
(7737200,1)
(9539000,1)
(2151100,283)
(6644600,19)
(10689600,1)
(6561800,5)
(6613000,18)
(8545400,1)
(9806300,1)
(1568400,5)
(10931600,1)
(4488600,1)
(710400,10)
(5803400,2)
(10695900,1)
(2344700,1)
(8120500,2)
(9284300,2)
(1183100,2)
(6689700,1)
(1616000,9)
(9140200,1)
(8337500,1)
(4073600,1)
(10747100,1)
(10549100,1)
(10654400,1)
(662800,8)
(9685800,1)
(7505900,1)
(10519400,1)
(8966700,1)
(7446500,4)
(3131200,1)
(428800,2)
(978800,4)
(9343700,1)
(7549100,1)
(10288100,1)
(9649800,1)
(7268300,1)
(9015100,5)
(10976700,1)
(6892100,5)
(963400,70)
(8768700,1)
(5878200,1)
(8264600,1)
(8986500,8)
(10160200,1)
(9076400,1)
(3042100,4)
(9774900,2)
(9061000,5)
(9119600,1)
(10679700,1)
(10149500,1)
(1554900,1)
(5890800,6)
(3281600,1)
(10530100,1)
(4526300,1)
(10367300,1)
(9996300,1)
(9056600,1)
(9026900,3)
(9519200,1)
(10541900,1)
(10035100,6)
(6793100,3)
(9432800,1)
(9529100,1)
(9872000,1)
(6519500,1)
(9171800,1)
(5983500,1)
(10723700,1)
(4458900,28)
(1977600,27)
(1018400,25)
(2477000,1)
(7191800,1)
(4111300,1)
(937300,1)
(9897300,1)
(907600,6)
(10254800,1)
(9510100,1)
(9155600,1)
(11001700,1)
(10169300,1)
(8748900,1)
(1843400,1)
(4304900,1)
(3592100,10)
(9092600,2)
(2807300,38)
(6694100,9)
(380100,1)
(1028300,1)
(2769600,3)
(899600,3)
(9525500,1)
(10181900,1)
(552000,19)
(7299900,14)
(7565300,1)
(4947600,2)
(8476100,1)
(4457000,18)
(3370700,27)
(46000,328)
(3390500,4)
(8674100,1)
(1099500,1)
(1972100,2)
(9659700,1)
(9327500,1)
(9713600,1)
(8737100,1)
(7551800,1)
(1799400,2)
(1700,34)
(2295200,1)
(3467000,1)
(10893900,1)
(9421000,1)
(10312300,1)
(2006200,2)
(2291600,2)
(1024700,6)
(395500,1)
(8909000,1)
(10278200,1)
(8758800,1)
(266800,115)
(2279000,1)
(12700,8)
(10648100,2)
(5073500,2)
(10539200,2)
(600,1)
(8893800,4)
(9915200,2)
(9571400,1)
(11051200,1)
(2042200,1)
(2620000,8)
(3987300,1)
(3250000,1)
(10492400,2)
(2997300,7)
(3230200,7)
(10941500,1)
(3354500,10)
(9129500,1)
(7228700,1)
(1714700,2)
(9161900,2)
(1803800,1)
(3259100,1)
(8784900,1)
(8982900,10)
(156000,1)
(11175500,2)
(10909100,1)
(5807000,2)
(3225800,13)
(3344600,6)
(1578300,8)
(11290700,1)
(10001800,1)
(4957500,5)
(3146600,76)
(4582100,1)
(10421200,1)
(10603000,1)
(9169100,1)
(11076500,1)
(1315400,1)
(6763400,1)
(7021600,1)
(10758900,2)
(5744000,18)
(8179100,1)
(3874800,1)
(3215900,1)
(7134100,4)
(6712000,10)
(9596700,3)
(10901900,1)
(10108000,1)
(874300,11)
(390000,10)
(5729700,1)
(11135900,1)
(1216400,357)
(9773000,1)
(512400,6)
(2073800,1)
(7510300,1)
(9001600,5)
(8472500,1)
(6520300,1)
(11011600,1)
(10911800,1)
(10581500,1)
(10452800,2)
(682600,4)
(1287600,4)
(1543100,20)
(9165500,1)
(8650700,1)
(8695800,1)
(5033900,1)
(5002300,1)
(1143500,108)
(10076600,1)
(72100,19)
(9581300,2)
(1947900,10)
(9411100,1)
(651000,3)
(9630800,1)
(3488700,1)
(6788700,1)
(2894700,1)
(2250100,5)
(9290600,1)
(11299800,1)
(1817300,2)
(1922600,3)
(8549000,1)
(3511000,1)
(9337400,1)
(8956800,1)
(11041300,1)
(5379600,4)
(5734100,4)
(10832600,1)
(4567800,10)
(1738100,2)
(10497900,1)
(10674200,1)
(11160100,2)
(8466200,1)
(10228700,1)
(5791800,1)
(10051300,1)
(10595000,1)
(6551900,3)
(8322100,1)
(10284500,1)
(8585000,1)
(4186100,10)
(10322200,1)
(296500,28)
(5473100,6)
(10406900,2)
(8332000,1)
(10822700,1)
(9500200,1)
(1748000,2)
(2052100,21)
(9066500,3)
(4983600,2)
(2906300,11)
(433200,6)
(122700,511)
(453000,238)
(1967700,2)
(3389700,80)
(5943900,1)
(1769700,7)
(4413800,2)
(9832400,1)
(1495500,12)
(9535400,2)
(7288100,3)
(8393300,3)
(359500,1)
(10773200,1)
(10846100,1)
(7421200,1)
(3402100,3)
(1982000,1)
(9925100,1)
(10436600,4)
(1883000,1)
(11181800,1)
(11061100,2)
(3562400,2)
(10317800,1)
(1657500,3)
(11264600,1)
(10203400,1)
(10540000,1)
(2833400,2)
(10624700,9)
(5536100,1)
(5359800,3)
(379300,1054)
(1311800,3)
(5780000,1)
(10218800,1)
(10559000,1)
(7327700,4)
(7274600,2)
(5399400,2)
(11307800,1)
(200000,15)
(4987200,1)
(1538700,1)
(3552500,2)
(2779500,6)
(4803500,1)
(4823300,2)
(6773300,10)
(9120400,1)
(5828700,1)
(3478800,3)
(4720700,1)
(2775900,14)
(5349900,7)
(10882100,1)
(9670400,3)
(5427200,1)
(5953800,1)
(10763300,1)
(3932300,1)
(4141000,6)
(1848900,32)
(9452600,6)
(1371200,10)
(5057300,1)
(8565200,2)
(4790000,6)
(2394200,1)
(3204100,23)
(5730500,2)
(4542500,1)
(9234800,1)
(1744400,1)
(3374300,1)
(10816400,1)
(1906400,6)
(8452700,6)
(10307900,1)
(1341500,1)
(1188600,1)
(9104200,5)
(1749900,4)
(9317600,1)
(10842500,3)
(9497700,4)
(3166400,3)
(4894500,1)
(8649900,11)
(9946800,1)
(4176200,2)
(10659900,1)
(7472600,1)
(2947800,2)
(8644400,1)
(11284400,1)
(3271700,1)
(9333800,1)
(9798300,1)
(9788400,4)
(730200,1)
(10383500,1)
(10921700,1)
(458500,1)
(8842400,2)
(4215800,1)
(1222700,75)
(9515600,1)
(2417600,8)
(4235600,3)
(1424300,4)
(10486100,1)
(423300,5)
(10872200,1)
(9545300,2)
(8618300,1)
(1305500,8)
(9628100,1)
(10802900,1)
(11189000,1)
(9905300,1)
(10086500,3)
(10783100,1)
(1784000,1)
(751900,17)
(9357200,1)
(3501100,3)
(10140400,2)
(9268100,3)
(10195400,1)
(10343900,1)
(1113800,2)
(8961200,1)
(3358100,8)
(10670600,1)
(3240100,1)
(676300,108)
(9046700,1)
(3101500,2)
(1627800,1)
(10971200,1)
(9737000,1)
(824800,4)
(9373400,6)
(9723500,2)
(2260000,20)
(10753400,1)
(286600,28)
(6312400,1)
(2972000,2)
(10144000,1)
(1528800,2)
(8327600,3)
(3457100,1)
(9312100,1)
(3209600,1)
(1485600,15)
(8442800,1)
(7373600,1)
(10618400,1)
(3848700,4)
(6816500,4)
(9278000,1)
(2977500,1)
(844600,22)
(10185500,2)
(10680500,1)
(1386600,34)
(3661400,1)
(9812600,1)
(2063900,6)
(9531800,6)
(611400,4)
(10535600,1)
(9476000,1)
(5967300,1)
(5719800,1)
(547600,165)
(10925300,1)
(3152900,8)
(10129700,1)
(7383500,1)
(3413900,1)
(553900,68)
(9218600,2)
(3156500,1)
(10139600,1)
(7431100,2)
(1718300,4)
(8278100,1)
(1894800,1)
(8915300,1)
(9185300,2)
(10856000,3)
(2764100,1)
(5512700,2)
(4671200,9)
(7179200,2)
(1282100,8)
(10892000,1)
(3493100,3)
(10290800,1)
(8727200,1)
(8373500,2)
(7826300,1)
(167800,5)
(3926000,1)
(11145800,1)
(4807100,1)
(1014800,4)
(7357400,1)
(10045000,1)
(4182500,6)
(11092700,1)
(10159400,2)
(8778600,3)
(11149400,1)
(6603100,2)
(385600,7)
(10650800,3)
(10165700,1)
(6529400,1)
(1206500,7)
(10061200,1)
(2433800,2)
(1470200,6)
(7290800,3)
(1202900,2)
(10373600,1)
(10596900,3)
(3516500,1)
(7353800,2)
(9893700,1)
(7254800,11)
(10699500,1)
(10644500,10)
(9822500,2)
(7504000,1)
(2536400,12)
(2631800,2)
(7492400,4)
(5043800,1)
(215400,25)
(10794900,1)
(9816200,1)
(4795500,1)
(9842300,2)
(2837000,1)
(4997100,2)
(6509600,1)
(5708000,5)
(8822600,128)
(5364200,3)
(1004900,3)
(9260900,3)
(10191800,1)
(1936100,1)
(696100,3)
(8802800,52)
(6856100,1)
(11015200,1)
(5348000,3)
(8268200,1)
(10565300,2)
(10353800,1)
(2675000,1)
(10431100,1)
(10462700,7)
(11244800,1)
(10104400,1)
(9753200,1)
(8041300,2)
(6925400,1)
(9911600,2)
(9406700,1)
(902100,2)
(10504000,1)
(9258200,1)
(6723800,9)
(7258400,1)
(10005400,1)
(9551600,2)
(3368000,4)
(1430600,1)
(6727400,5)
(10238600,1)
(7452800,2)
(1212800,6)
(9096200,1)
(5516300,1)
(1297500,2)
(6608600,4)
(9748800,1)
(9213100,1)
(2967600,1)
(1764200,6)
(5973600,1)
(9966600,1)
(5557800,1)
(9836000,1)
(4209500,1)
(947200,23)
(6866000,2)
(10996500,1)
(10274600,1)
(10021600,1)
(1858800,25)
(8773100,1)
(7223200,1)
(2916200,1)
(10223200,1)
(3526400,1)
(7140400,1)
(7124200,1)
(3141100,4)
(10041400,5)
(1759800,3)
(11302300,1)
(8608400,1)
(211800,4)
(9353600,1)
(2186300,4)
(8743400,2)
(10690400,1)
(2526500,28)
(5483000,4)
(454900,1)
(8664200,4)
(8353700,1)
(8946900,2)
(1606100,5)
(5300,2)
(9857700,2)
(3498600,10)
(9159200,1)
(8996400,1)
(10915400,1)
(9509300,2)
(10426700,1)
(9086300,7)
(8872100,5)
(4197900,64)
(9487800,1)
(1837100,1)
(5894400,1)
(354000,5)
(6768900,1)
(9690200,1)
(1133600,1)
(2313100,4)
(2823500,1)
(292900,102)
(7540000,4)
(5605400,1)
(5621600,1)
(6778800,1)
(11248400,1)
(7405000,1)
(3858600,7)
(3394100,18)
(8347400,2)
(5380400,2)
(8921600,1)
(11159300,1)
(7816400,2)
(8816300,1)
(4453400,2)
(10150300,1)
(8307800,1)
(2635400,2)
(418900,1)
(10703900,1)
(597100,1)
(10628300,1)
(10664300,3)
(5413700,1)
(2303200,4)
(7377200,1)
(4799100,1)
(2358200,2)
(11179100,1)
(10684100,1)
(4532600,3)
(506100,429)
(5478600,1)
(10660700,1)
(917500,7)
(8317700,1)
(1460300,6)
(715900,4)
(641100,1)
(9203200,2)
(4868400,1)
(10134100,1)
(10100800,1)
(9398700,1)
(8497800,1)
(7441000,1)
(9638000,1)
(2937900,6)
(9852200,1)
(9733400,1)
(8411200,2)
(10363700,2)
(2285300,2)
(8945000,5)
(5350700,1)
(10109900,1)
(2488800,1)
(3105100,1)
(10015300,1)
(8036900,1)
(7794900,1)
(2902700,3)
(646600,256)
(3087200,4)
(593500,1)
(9614600,3)
(7051300,1)
(2790200,1)
(9378900,1)
(1366800,1)
(2370800,1)
(241500,7)
(4390400,5)
(8826200,34)
(106500,119)
(1292000,1)
(6832700,1)
(11120500,1)
(7497900,1)
(16300,50)
(7575200,5)
(2739900,16)
(10743500,1)
(1419900,24)
(9675900,3)
(4225700,3)
(10561700,1)
(10031500,1)
(2115100,1)
(9264500,1)
(2661500,128)
(9624500,1)
(8788500,1)
(3587700,3)
(8951300,1)
(9887400,5)
(1331600,4)
(8388900,1)
(9175400,1)
(2813600,1)
(375700,9)
(9367100,1)
(9482300,2)
(3710900,1)
(10066700,1)
(11234900,1)
(9873900,1)
(834700,98)
(8270900,1)
(9299700,1)
(7108000,1)
(8604800,1)
(2493200,3)
(1853300,6)
(10357400,1)
(10124200,1)
(1319000,9)
(6549200,2)
(417000,2)
(542100,90)
(3412000,61)
(2136800,2)
(7520200,2)
(10110700,1)
(8707400,1)
(9695700,1)
(9921500,1)
(10877700,1)
(9195200,1)
(9446300,1)
(9416600,1)
(3318500,18)
(6510400,2)
(7056800,1)
(10992900,1)
(8363600,59)
(5720600,5)
(8614700,59)
(5977200,2)
(9561500,1)
(8021500,1)
(1256000,1)
(8905400,1)
(2521000,1)
(9717200,2)
(1079700,3)
(5987100,2)
(2478900,13)
(9021400,9)
(8806400,7)
(4106900,4)
(9456200,3)
(9036800,1)
(4730600,1)
(11278100,1)
(3916100,2)
(10046900,1)
(5765700,2)
(10604900,3)
(2176400,1)
(10733600,1)
(8753300,1)
(9575000,1)
(11191700,1)
(10737200,1)
(9114100,1)
(10482500,1)
(2062000,1)
(7207000,1)
(8887500,4)
(9877500,2)
(22600,74)
(1863200,6)
(10887600,1)
(11134000,1)
(8846000,1)
(6826400,1)
(4676700,1)
(10302400,1)
(1351400,2)
(1490000,1)
(9401200,6)
(2047700,1)
(3522800,2)
(6737300,7)
(1480100,3)
(8812700,4)
(2498700,1)
(11082800,1)
(3906200,3)
(631200,5)
(5799000,1)
(6634700,2)
(9302200,1)
(7603000,1)
(10179200,1)
(2101600,1)
(6482600,3)
(9541700,2)
(10199000,1)
(468400,1)
(10525700,1)
(2655200,4)
(1602500,13)
(10130500,2)
(4483100,2)
(8299800,3)
(11140300,1)
(6910000,1)
(10243000,1)
(132600,2)
(5007800,2)
(10009000,1)
(7129700,2)
(2878500,1)
(704100,2)
(10529300,1)
(3912500,4)
(9181700,1)
(2338400,1)
(1518900,71)
(251400,11)
(10510300,1)
(1962200,1)
(11114200,1)
(9238400,1)
(7110700,5)
(1574700,15)
(7482500,1)
(4328300,1)
(9082700,16)
(3364400,2)
(2166500,1)
(11046800,1)
(47900,790)
(2619200,1)
(3002500,2)
(10476200,2)
(4686600,4)
(10398900,1)
(2621900,33)
(7585100,1)
(1404500,1)
(9160000,1)
(9883800,1)
(8857800,1)
(1048100,1)
(4953900,2)
(1064300,29)
(10327700,1)
(9135800,2)
(7596900,2)
(2532800,599)
(9992700,1)
(4937700,1)
(197500,3)
(5552300,1)
(10852400,1)
(3379800,76)
(9436400,1)
(709600,2)
(3681200,1)
(1410800,1)
(11218700,1)
(10717400,1)
(8723600,2)
(10520200,1)
(6733700,1)
(7104400,1)
(1044500,9)
(7092800,2)
(2087300,1)
(1790300,8)
(102900,4)
(1392900,10)
(4196000,12)
(9280700,1)
(4854900,1)
(8852300,6)
(9956700,1)
(1450400,1)
(8992800,1)
(2718200,1)
(9347300,4)
(953500,1)
(9294200,1)
(1642100,1)
(6690500,7)
(9650600,3)
(10233100,1)
(10299900,1)
(10096400,1)
(2592200,29)
(9679500,1)
(5498400,2)
(6288200,1)
(87500,16)
(2261900,1)
(7109900,4)
(32500,13)
(1236200,6)
(2843300,2)
(1558500,17)
(8367200,1)
(9150100,11)
(7322200,1)
(894100,120)
(4318400,2)
(11312200,1)
(5609000,7)
(1517000,66)
(9426500,4)
(6575300,7)
(10114300,5)
(3251900,1)
(10189100,1)
(10268300,2)
(7119800,2)
(983200,7)
(11066600,1)
(1153400,2)
(4719900,1)
(10575200,1)
(9323900,1)
(3546200,1)
(4556000,1)
(10951400,1)
(8836100,1)
(9521900,1)
(11238500,1)
(1833500,5)
(3556100,1)
(11289900,1)
(6545600,5)
(1807400,1)
(9935000,1)
(5615300,1)
(8149400,1)
(7114300,8)
(652900,1)
(4002400,2)
(9110500,1)
(6801100,2)
(10441000,1)
(9442700,1)
(2422000,1)
(10798500,2)
(8535500,1)
(4443500,1)
(583600,1)
(9738900,2)
(219000,2)
(729400,8)
(8901800,1)
(4853000,1)
(7082900,1)
(4240000,51)
(2868600,7)
(9383300,1)
(7045000,1)
(152400,2)
(10812800,1)
(1588200,3)
(11025100,1)
(9072800,2)
(2334800,2)
(2318600,13)
(8294300,1)
(9191600,2)
(8931500,1)
(9179000,2)
(5781900,2)
(6530200,1)
(5740400,1)
(10387100,3)
(2522900,1)
(2368100,1)
(42400,75)
(10145900,1)
(3453500,4)
(62200,2)
(3328400,1)
(310800,32)
(7397000,1)
(6909200,3)
(1785900,1)
(8684000,1)
(10757000,1)
(686200,1)
(9244700,1)
(6142700,1)
(10306000,2)
(8680400,1)
(6514000,1)
(10707500,1)
(1158900,2)
(9608300,1)
(10442900,1)
(5225600,1)
(11031400,1)
(10175600,1)
(2827100,2)
(7529300,1)
(4902500,9)
(6515900,6)
(5360600,2)
(9644300,1)
(10986600,1)
(4229300,57)
(3483200,1)
(2467100,2)
(2204200,1)
(6565400,5)
(10025200,1)
(3898200,2)
(1663800,8)
(7561700,3)
(2785800,1)
(1847000,75)
(5808900,2)
(9477900,1)
(9640700,1)
(10401400,2)
(1070600,21)
(5582000,1)
(4407500,2)
(7066700,2)
(6757100,7)
(11170000,1)
(8541800,1)
(8925200,7)
(1454000,2)
(9664100,2)
(9971000,6)
(3922400,3)
(2987400,2)
(8406800,2)
(5739600,1)
(1898400,1)
(10658000,1)
(3536300,1)
(6539300,24)
(3447200,1)
(4906100,1)
(11086400,1)
(3997200,2)
(5993400,2)
(3512900,1)
(3348200,4)
(7733600,1)
(3902600,1)
(6783200,1)
(6571700,5)
(3214000,9)
(4691000,2)
(8274500,1)
(9520000,2)
(10836200,1)
(7618400,1)
(2789400,2)
(9109700,1)
(3473300,1)
(6798600,4)
(3542600,2)
(9393200,1)
(2817200,7)
(4498500,4)
(9555200,5)
(4993500,8)
(8401300,1)
(9363500,17)
(10669800,1)
(7608500,1)
(11036900,1)
(8847900,5)
(4043900,2)
(4369800,3)
(4506500,4)
(8897400,16)
(9279900,1)
(9674000,1)
(8763200,2)
(1418000,3)
(10416800,1)
(10337600,1)
(8798400,25)
(8832500,1)
(740100,5)
(9062900,1)
(3350900,1)
(4295000,1)
(9743300,1)
(4789200,2)
(11280800,1)
(10405000,1)
(10857900,1)
(8794800,1)
(3437300,1)
(9322000,4)
(4710800,1)
(225300,2)
(9847800,2)
(8685900,1)
(791500,1)
(1226300,1)
(4692900,62)
(9901700,1)
(2795700,1)
(7654400,1)
(5593800,30)
(5334500,12)
(1987500,3)
(7595000,4)
(9837900,1)
(11228600,1)
(2720900,1)
(1434200,1)
(116400,10)
(6614900,13)
(8911700,4)
(9763100,1)
(9976500,1)
(10640900,1)
(9660500,1)
(9125900,3)
(1667400,1)
(6585200,1)
