(10950800,1)
(9908300,1)
(8886900,2)
(9184700,1)
(8612200,2)
(6507100,2)
(4134100,5)
(1949000,10)
(228300,25)
(165300,1864)
(1506500,15)
(4690400,2)
(8643800,1)
(10409900,1)
(9513100,1)
(7470100,1)
(2660900,1)
(10687100,1)
(6598100,6)
(10351300,2)
(8677100,1)
(11090200,1)
(456000,46)
(9820000,1)
(5743400,2)
(9904700,1)
(10622200,2)
(5992800,2)
(388600,8)
(10940900,1)
(8960600,1)
(8589900,1)
(1433600,5)
(71500,42)
(9633800,1)
(9117100,1)
(7602400,4)
(2525900,2)
(9851600,1)
(9891200,1)
(9819200,1)
(2134300,2)
(9969600,1)
(3500500,4)
(1915700,2)
(10356800,1)
(5618300,2)
(9070300,2)
(5492300,1)
(4306000,1)
(2634800,2)
(2397200,1)
(11273900,1)
(11198300,1)
(2045200,22)
(3056900,1)
(6606100,1)
(8948000,5)
(10396400,1)
(1856300,1)
(887200,10)
(1821100,1)
(10434100,1)
(3520300,3)
(8875100,1)
(9315100,3)
(7677200,1)
(4702000,11)
(10845500,1)
(5388900,4)
(3298100,10)
(2931800,87)
(4703900,4)
(4442900,3)
(7804000,1)
(11054200,1)
(10386500,1)
(2535800,1)
(9267500,1)
(4525700,2)
(1192400,2)
(10990400,1)
(8455700,1)
(3096500,1)
(10865300,1)
(11080300,1)
(11099300,1)
(3897600,1)
(1141000,7)
(10590800,1)
(1601900,14)
(55300,140)
(7580900,3)
(9321400,2)
(3486200,3)
(1142900,10)
(10309000,1)
(9787800,1)
(10979700,1)
(11127100,1)
(3185600,1)
(11236000,2)
(2472800,1)
(718900,7)
(5541800,12)
(6814000,1)
(9054100,1)
(10429700,1)
(1063700,2)
(541500,2)
(2185700,2)
(10647500,1)
(4213300,2)
(10980500,1)
(9085700,2)
(9014500,28)
(1116800,9)
(3213400,6)
(9800200,1)
(4223200,2)
(493900,2)
(619900,135)
(7885100,1)
(11075900,1)
(6751000,1)
(11158700,1)
(9039800,1)
(3086600,1)
(1641500,1)
(8831900,9)
(7797900,1)
(1111300,1)
(96800,89)
(4991000,1)
(1712200,7)
(8938100,1)
(10667300,1)
(4170100,1)
(8855300,1)
(4207000,3)
(10538600,1)
(10242400,1)
(10934600,1)
(9938000,2)
(5387000,4)
(5945000,1)
(4393400,4)
(8974100,21)
(1493000,2)
(394900,1)
(363300,2)
(10544900,1)
(11089400,1)
(10475600,1)
(9212500,2)
(9064000,2)
(7117300,3)
(9450100,1)
(9677000,1)
(6523300,4)
(8331400,65)
(10705000,1)
(11216200,1)
(2411500,1)
(4510300,2)
(5981000,2)
(3426800,4)
(5946900,1)
(4509500,1)
(11123500,1)
(1427300,10)
(9341200,1)
(2822900,2)
(9396200,1)
(240900,10)
(65200,62)
(1360700,2)
(9693200,1)
(2561900,2)
(6120400,1)
(10376600,1)
(10954400,1)
(105900,11)
(8721100,1)
(9148700,1)
(10404400,1)
(7805900,1)
(10113700,1)
(10835600,1)
(4041400,3)
(259900,43)
(10503400,1)
(951000,4)
(3986700,1)
(7495400,1)
(1512800,3)
(9325000,1)
(5748900,1)
(1498500,36)
(9643700,1)
(10050700,1)
(7400800,15)
(9336800,1)
(2114500,1)
(10469300,1)
(2041600,3)
(3411400,56)
(3001900,1)
(9732800,1)
(555000,2)
(1295000,4)
(7439600,1)
(9059600,3)
(9414100,1)
(4695900,3)
(6825800,9)
(416400,1)
(4955000,1)
(10064200,3)
(6503500,3)
(7070500,3)
(10598000,1)
(3476300,3)
(208500,3)
(9688800,1)
(10444000,1)
(4679700,3)
(9578000,1)
(2139800,1)
(295900,7)
(9311500,5)
(2462900,1)
(4961300,1)
(10742900,1)
(670200,4)
(2900200,1)
(4816400,2)
(3100900,1)
(9657200,1)
(10262200,4)
(5585000,1)
(214800,2)
(9252100,1)
(4411300,43)
(161700,2)
(10594400,1)
(10815800,1)
(1516400,10)
(8865200,1)
(8622100,1)
(1777100,1)
(11163100,1)
(10701400,1)
(3149600,1)
(7272100,1)
(1753700,12)
(10470100,1)
(175200,4)
(2882300,2)
(4798500,2)
(8995800,3)
(600900,1)
(893500,18)
(3155900,10)
(4842500,1)
(7127200,1)
(10736600,1)
(11034400,1)
(8815700,3)
(9607700,1)
(679300,14)
(4535600,2)
(9050500,1)
(2170300,10)
(5446400,1)
(1057400,2)
(581100,2)
(10200,16)
(1909400,3)
(6726800,1)
(916900,9)
(9346700,1)
(9440200,4)
(1473200,2)
(10606000,1)
(2836400,1)
(1389600,13)
(10677200,2)
(10153300,1)
(8300,111)
(9216100,1)
(11113600,1)
(10168700,1)
(2717600,2)
(9815600,1)
(8904800,8)
(2258600,2)
(1251800,2)
(11064100,1)
(8918300,1)
(10246000,1)
(10805900,1)
(8372900,6)
(10683500,1)
(9430300,1)
(7419800,1)
(9568100,1)
(1920100,1)
(1047500,6)
(9392600,1)
(11060500,1)
(9589800,3)
(10030900,1)
(10881500,1)
(9028000,1)
(8419700,1)
(9089300,1)
(10653800,1)
(6705100,4)
(6804100,3)
(11262100,1)
(10895000,1)
(4802900,1)
(5847900,1)
(6622300,2)
(61600,14)
(9954200,1)
(1488600,22)
(9366500,1)
(10766300,1)
(10617800,1)
(7607900,2)
(650400,6)
(946600,1)
(10419800,1)
(9356600,1)
(10198400,1)
(10297400,1)
(1131100,2)
(10528700,1)
(4025200,3)
(10741000,2)
(9471800,1)
(4243000,17)
(91300,828)
(10706900,1)
(4555400,1)
(10776200,2)
(11153200,1)
(10479200,1)
(10147000,3)
(5897400,1)
(9262000,8)
(3763400,4)
(8445800,2)
(8272000,2)
(7564700,1)
(9361000,4)
(2674400,2)
(8075900,3)
(10673600,1)
(10049900,1)
(141900,4)
(6616000,2)
(8004700,2)
(1522700,2)
(2000100,8)
(2207200,1)
(3108100,5)
(10523200,1)
(11070400,1)
(9940700,1)
(10746500,1)
(2149700,1)
(9663500,1)
(11039900,1)
(8688900,2)
(10839200,1)
(2284700,8)
(11194700,1)
(4109900,1)
(1413800,1)
(10293800,1)
(3529400,10)
(2055100,2)
(5519300,2)
(9617600,1)
(9424000,3)
(1900300,1)
(9113500,1)
(11044300,1)
(7543000,1)
(9372800,1)
(11020900,1)
(7404400,1)
(10392800,2)
(9627500,1)
(8386400,1)
(4155800,1)
(10663700,1)
(7766300,1)
(4571600,11)
(3416900,1)
(10792400,1)
(120200,10)
(2783300,2)
(10024600,2)
(260700,27)
(10499000,1)
(2520400,1)
(270600,1)
(3041500,1)
(10137100,1)
(7782500,1)
(1631600,22)
(10222600,1)
(6175400,1)
(9485300,1)
(10178600,1)
(10891400,1)
(1182500,2)
(3492500,47)
(9103600,1)
(9425900,4)
(8979600,1)
(9459200,3)
(9237800,4)
(9242200,1)
(10455800,1)
(9263900,1)
(9297200,1)
(853900,1)
(654000,1)
(4867800,6)
(10107400,2)
(2919200,1)
(5747000,1)
(10568300,1)
(10004800,1)
(5510200,1)
(936700,1)
(4238600,2)
(10408000,1)
(35500,23)
(3071200,8)
(10341400,1)
(7513300,1)
(8841800,2)
(4181900,8)
(8930900,2)
(9934400,1)
(5798400,6)
(6752900,1)
(3634700,1)
(8366600,50)
(159000,1)
(5648000,1)
(11212600,1)
(398500,1)
(9491600,1)
(639700,10)
(8301700,3)
(11305300,1)
(8934500,11)
(9008200,7)
(10958000,2)
(5768700,2)
(1773500,2)
(4363700,29)
(6627800,18)
(3451000,1)
(9623900,1)
(3559100,1)
(10252300,1)
(9599700,1)
(1536200,1)
(10782500,1)
(11028100,1)
(2733800,1)
(3905600,1)
(7236100,1)
(8356700,2)
(7667300,2)
(1402000,4)
(10480000,2)
(2876000,1)
(5737100,14)
(11038000,1)
(9293600,1)
(8950700,3)
(717000,14)
(10584500,1)
(3051400,56)
(10731100,1)
(10752800,17)
(2699700,1)
(264300,54)
(7060600,2)
(406500,1)
(9429500,2)
(1239200,1)
(10459400,1)
(9821900,1)
(7293800,1)
(837700,1)
(3199100,1)
(11232400,1)
(4500400,13)
(9331300,1)
(10698900,1)
(9871400,1)
(10861700,1)
(10989600,1)
(9835400,1)
(9060400,2)
(280500,2)
(4694000,1)
(9075800,3)
(7914800,2)
(7282000,1)
(11293700,1)
(3119900,2)
(9995700,2)
(8607800,1)
(11301700,1)
(11178500,1)
(1557900,1)
(5778600,5)
(8726600,2)
(9554600,2)
(6517000,3)
(9990200,1)
(10693400,1)
(1801300,1)
(7090300,1)
(1941800,2)
(9004600,9)
(9475400,1)
(2476400,1)
(3931700,1)
(2426900,3)
(738700,8)
(10202800,1)
(1121200,227)
(10424200,1)
(1747400,4)
(10796000,3)
(244500,1)
(10495400,1)
(4208900,5)
(10074100,1)
(4743500,1)
(2504200,4)
(1032100,2)
(234600,4)
(5171900,1)
(8766200,2)
(1743800,5)
(604500,35)
(9410500,4)
(4892000,14)
(7085900,23)
(129300,56)
(3322300,33)
(941100,2)
(4758900,1)
(10325200,1)
(8469200,2)
(6391000,1)
(11014600,1)
(11069600,1)
(9548300,1)
(8891300,1)
(9400600,1)
(9227900,1)
(2664500,1)
(10460200,1)
(10410700,1)
(1370600,6)
(4836200,3)
(1308500,1)
(100400,3)
(5238500,1)
(3238700,3)
(5883900,3)
(9673400,1)
(8959800,3)
(9386300,1)
(10994000,1)
(1532600,14)
(2065000,1)
(2965100,1)
(6574700,3)
(1676700,1)
(10574600,1)
(9896700,1)
(5347400,1)
(9010900,2)
(7040800,1)
(11247800,1)
(2129900,6)
(1836500,3)
(10632100,1)
(9752600,13)
(5773100,2)
(2767100,2)
(10819400,1)
(250800,1)
(10194800,1)
(8392700,1)
(1793300,1)
(9099200,4)
(11283800,1)
(1022200,37)
(3961400,2)
(10485500,1)
(1394000,2)
(6861800,1)
(9273800,1)
(10810300,2)
(9222400,10)
(7386500,1)
(9930800,1)
(4120600,1)
(2866100,1)
(2466500,14)
(10914800,1)
(10830100,1)
(9544700,1)
(8990300,1)
(6819500,3)
(5951300,3)
(1230100,3)
(3005500,1)
(7440400,1)
(9855200,1)
(634200,2)
(442500,1)
(9985800,2)
(5500300,1)
(1314800,36)
(8762600,1)
(4700,1)
(8825600,1)
(1042000,7)
(9777900,1)
(2670800,8)
(3699600,1)
(6533200,54)
(10099400,1)
(10928300,1)
(3668000,2)
(10382900,1)
(9449300,1)
(9698700,1)
(7485500,1)
(9667100,1)
(11277500,1)
(10070500,1)
(10232500,1)
(2801200,2)
(4149500,6)
(10855400,2)
(10721200,1)
(4312300,1)
(378700,5)
(6800500,1)
(7321600,1)
(10984100,1)
(9841700,1)
(10465700,2)
(691900,1)
(9301600,1)
(4832600,1)
(4539200,1)
(4713800,2)
(7590800,2)
(4723700,2)
(1457000,1)
(2021800,1)
(1686600,5)
(1661300,1)
(6908600,2)
(3549200,2)
(2539400,1)
(8871500,2)
(9178400,2)
(1656900,5)
(7382900,3)
(20100,13)
(1468800,1)
(9886800,1)
(9809300,2)
(11297300,1)
(7409900,1)
(4387100,57)
(4628300,2)
(10974200,1)
(9711100,1)
(4996500,1)
(8459300,1)
(5571500,1)
(248100,3)
(3472700,55)
(551400,2)
(3264800,1)
(10627700,1)
(8297300,1)
(4822700,1)
(7479200,1)
(11049800,1)
(1615400,14)
(9107200,1)
(10430500,1)
(8315200,1)
(9959700,1)
(2362000,3)
(3150400,1)
(9164900,1)
(1043900,6)
(8262100,2)
(1146500,5)
(8830000,1)
(6697100,1)
(6786200,9)
(1384100,1)
(4545500,1)
(11174900,1)
(500000,1)
(9594200,1)
(1971500,1)
(3581600,1)
(952900,1)
(9202600,2)
(11050600,1)
(7113700,1)
(4082900,1)
(10726700,2)
(4551800,3)
(11168600,1)
(436200,1)
(1225700,2)
(545100,19)
(10089500,1)
(8273900,1)
(9683300,2)
(10558400,1)
(9080200,7)
(2519600,5)
(9960500,3)
(10321600,2)
(10602400,1)
(11133400,1)
(3496100,12)
(2118100,4)
(9188300,2)
(9558200,1)
(10188500,4)
(10612300,1)
(9232300,2)
(19300,1)
(15700,18)
(6594500,2)
(9523000,1)
(6731200,2)
(3144100,7)
(299500,4)
(9168500,1)
(1502900,44)
(699100,3)
(7809500,1)
(8970500,1)
(6617900,10)
(3603100,1)
(1073600,30)
(1905800,6)
(3332200,2)
(1852700,159)
(9020800,1)
(4218800,2)
(11095700,1)
(4195400,38)
(8984000,1)
(10044400,1)
(8881400,24)
(10183000,2)
(1235600,1)
(9090100,5)
(4248500,1)
(10439600,1)
(10143400,1)
(10959900,1)
(10335100,1)
(6741100,7)
(383100,193)
(5659800,3)
(110300,7)
(1619000,1)
(10085900,1)
(10346900,2)
(10163200,1)
(125700,6)
(29200,24)
(1083500,1)
(10117300,1)
(962800,14)
(9194600,8)
(986200,1)
(2091100,3)
(6772700,3)
(10642000,2)
(5416700,8)
(9277400,1)
(9701200,1)
(7356800,1)
(11272000,1)
(7381000,1)
(10507000,1)
(290400,16)
(3555500,2)
(5332000,1)
(9404200,3)
(9590600,1)
(5925200,4)
(8810200,2)
(426300,2)
(238200,4)
(1281500,1)
(1176200,3)
(7366700,1)
(258000,2)
(9508700,1)
(2327900,1)
(2377400,2)
(6891500,1)
(9095600,11)
(6590900,26)
(7287500,1)
(9133300,4)
(8805800,122)
(1209500,26)
(2357600,3)
(4081000,6)
(10960700,1)
(9772400,2)
(9928100,1)
(5025100,1)
(5986500,1)
(1671200,1)
(680100,12)
(422700,20)
(1399500,1)
(10069700,1)
(4565300,2)
(5604800,1)
(2322400,1)
(9469100,1)
(402900,1)
(921300,1)
(10361200,1)
(4541900,1)
(1925600,1)
(8792300,1)
(3061300,16)
(2846300,13)
(11173000,1)
(9481700,1)
(10924700,1)
(2363900,1)
(11079500,1)
(6693500,1)
(1087100,7)
(7752800,1)
(2263000,1)
(8439500,1)
(1186100,1)
(6809600,3)
(9158600,1)
(10084000,1)
(10657400,1)
(7410700,1)
(3154000,81)
(9805700,1)
(10797900,1)
(5515700,6)
(6554900,1)
(897100,65)
(2035300,1)
(1162700,16)
(10756400,1)
(2387300,3)
(11311600,1)
(2051500,6)
(203000,16)
(6568400,1)
(655900,9)
(85000,1)
(1304900,1)
(6637700,3)
(6711400,9)
(8786000,5)
(3140500,1)
(4175600,2)
(4585100,1)
(9065900,1)
(10079600,1)
(728800,4)
(269800,20)
(10489100,1)
(1763600,4)
(3929000,1)
(8835500,2)
(11004700,1)
(1369800,2)
(4280900,1)
(9409700,2)
(4727300,1)
(10123600,2)
(9455600,1)
(3383600,1)
(9528500,1)
(8969700,11)
(10840000,1)
(3569000,3)
(4956900,1)
(6683600,1)
(9564500,1)
(5233000,2)
(11040700,1)
(7059800,2)
(1318400,3)
(9574400,1)
(1359900,15)
(1285100,14)
(1597500,1)
(9975900,2)
(6766400,1)
(3179300,1)
(10578200,2)
(8341300,1)
(1037600,1)
(689200,1)
(9865100,4)
(10772600,1)
(8049800,1)
(4559000,1)
(7469300,1)
(788200,11)
(11143300,1)
(10903000,1)
(9579900,1)
(5581400,1)
(10366700,1)
(9980300,1)
(2061400,4)
(3393500,4)
(302000,8)
(1437200,6)
(5872100,11)
(185100,3)
(5525600,7)
(10938200,1)
(10400800,1)
(10508900,1)
(2975000,1)
(6061000,2)
(10414300,1)
(4045000,1)
(51700,2)
(7414300,25)
(4180000,2)
(1991300,1)
(5901800,1)
(9970400,2)
(8746400,1)
(2560000,3)
(11018200,1)
(3405100,3)
(274200,2)
(1219400,1)
(9153100,6)
(7430500,2)
(218400,4)
(11222500,1)
(3510400,3)
(9503200,1)
(9226000,1)
(8985900,1)
(6528800,59)
(2773400,1)
(2124400,4)
(1811200,2)
(8772500,906)
(8335000,1)
(10637600,1)
(10059800,1)
(8617700,1)
(9989400,1)
(9949800,7)
(9461900,2)
(10871600,1)
(4288100,12)
(905100,1)
(2961500,2)
(2461000,57)
(8787900,7)
(6845600,1)
(9950600,1)
(191400,6)
(8277500,2)
(8460100,4)
(5887500,9)
(5327600,1)
(11059700,1)
(5472500,9)
(9079400,4)
(2887800,2)
(6792500,1)
(4945100,2)
(778300,5)
(4199000,1)
(6796100,1)
(624300,6)
(3585200,4)
(3233200,2)
(10896900,1)
(8964200,3)
(1027700,4)
(10554800,1)
(723300,79)
(9305200,6)
(4405000,30)
(10849100,1)
(4941500,1)
(1328300,1)
(2549300,1)
(2253100,2)
(8548400,2)
(3337700,2)
(7371100,1)
(8424100,1)
(10331500,1)
(2793200,3)
(3367400,1)
(1666800,26)
(11237900,1)
(7786100,1)
(9030700,2)
(10445900,2)
(4203400,1)
(7107400,1)
(2248700,1)
(8980400,2)
(9875000,2)
(5061100,4)
(2401600,1)
(10513300,1)
(7226200,6)
(10440400,3)
(2500600,1)
(4901900,2)
(9044200,6)
(5956800,1)
(3595100,15)
(8949900,1)
(9362900,2)
(1826600,2)
(3551900,1)
(4353800,3)
(9174800,1)
(4185500,3)
(10711300,1)
(535200,19)
(2678000,9)
(9881300,1)
(1577700,2)
(3278300,2)
(901500,7)
(4931600,1)
(9419600,2)
(6756500,2)
(931200,4)
(10420600,1)
(9584300,1)
(5041300,1)
(10908500,1)
(343500,6)
(25600,90)
(10599900,1)
(11138900,1)
(6558500,7)
(620700,1)
(9128900,4)
(3925400,3)
(10804000,1)
(4812800,3)
(9797700,5)
(5398800,3)
(6924800,3)
(10345000,1)
(5614700,1)
(1017800,67)
(8584400,1)
(1985000,1)
(5690300,1)
(3377300,15)
(5971100,1)
(8404300,1)
(2778900,4)
(2565500,2)
(3387200,2)
(1832900,1)
(8999400,1)
(10148900,1)
(9920900,1)
(1205900,1)
(10158800,1)
(2159600,1)
(7528700,1)
(2140600,1)
(2096600,1)
(8839100,24)
(5357300,1)
(11188400,1)
(7267700,2)
(10212700,1)
(3353900,102)
(10060600,1)
(6513400,1)
(566800,72)
(10809500,1)
(8914700,2)
(8809400,53)
(6810400,1)
(6989700,10)
(7445900,5)
(4595000,1)
(5476100,14)
(7558400,1)
(5411200,3)
(6538700,4)
(11226100,1)
(9944300,1)
(10301800,1)
(10885100,1)
(4992900,1)
(9716600,1)
(10257800,1)
(659500,55)
(9206200,2)
(7995900,1)
(75100,2)
(9831800,1)
(11252200,1)
(3025300,9)
(5274500,1)
(3306100,20)
(915000,3)
(8351200,2)
(3342100,1)
(3009100,14)
(3545600,2)
(10607900,1)
(6553000,1)
(492000,58)
(10904900,1)
(11148800,1)
(4793000,1)
(649600,6)
(10543000,3)
(6820300,3)
(2971400,1)
(8627600,1)
(9560900,1)
(8989500,2)
(4124200,34)
(5535500,1)
(3031600,12)
(5482400,1)
(7309000,2)
(1935500,2)
(1172600,5)
(10518800,1)
(5520100,2)
(3091000,1)
(10580900,1)
(4367300,1)
(6776300,2)
(6928400,1)
(30000,160)
(3456500,2)
(4189100,25)
(2941700,1)
(9612100,19)
(8414200,1)
(452400,2)
(1166300,1)
(10786100,1)
(8711200,2)
(10564700,1)
(511800,97)
(2811100,2)
(7376600,1)
(8851700,15)
(446100,29)
(10014700,1)
(2872400,54)
(45400,16)
(6588200,1)
(9742700,1)
(6721300,5)
(9979500,1)
(1955300,66)
(10820200,1)
(2243200,14)
(10283900,1)
(6292000,2)
(7538600,1)
(279700,1)
(10875200,1)
(4191800,1)
(9247700,2)
(4935200,1)
(2976900,1)
(7434100,2)
(9839000,1)
(8819300,22)
(4421200,6)
(9602200,1)
(9123400,1)
(9726500,1)
(10127200,1)
(1303000,2)
(1291400,234)
(5832500,2)
(1501000,20)
(9420400,1)
(1846400,123)
(1681100,1)
(4486100,1)
(1240000,9)
(7588100,2)
(3066800,2)
(4021600,9)
(3935300,1)
(10054300,1)
(10272100,1)
(8924600,3)
(4015300,1)
(7825700,1)
(10315300,1)
(7756400,1)
(9049700,1)
(2689800,3)
(4129700,1)
(8470000,2)
(3357500,1)
(2367500,87)
(2104600,5)
(2603200,4)
(7449500,1)
(10282000,1)
(9479000,1)
(8701300,1)
(2832800,1)
(9326900,1)
(9580700,1)
(11137000,1)
(4159400,2)
(7049900,1)
(618000,17)
(2996700,1)
(2005600,43)
(7123600,2)
(2658200,1)
(10970600,1)
(4001800,3)
(8782400,3)
(1910200,2)
(5753300,2)
(10038100,1)
(6315400,3)
(10018300,1)
(1609100,2)
(1635200,19)
(3253000,31)
(10028200,1)
(11008300,1)
(2712100,1)
(8849000,1)
(1526300,1)
(9939900,3)
(3996600,2)
(9382700,1)
(10206400,2)
(7283900,1)
(3910000,1)
(8736500,1)
(748600,5)
(9283700,1)
(9034300,2)
(3118000,1)
(9637400,1)
(10048000,1)
(8594300,2)
(8693300,1)
(4520200,1)
(2510500,5)
(4707500,1)
(8293700,2)
(591000,9)
(9999300,2)
(149100,17)
(8325100,3)
(10040800,2)
(4674200,3)
(7103800,1)
(224700,38)
(992500,1)
(10184900,1)
(8602300,1)
(1380500,130)
(1390400,1)
(6715000,10)
(6746600,9)
(8475500,5)
(1006000,57)
(8896800,1)
(2436800,4)
(6578300,2)
(5966700,8)
(2524000,1)
(9918200,1)
(9257600,1)
(9445700,2)
(4056800,3)
(2306200,2)
(8450200,1)
(9776000,1)
(9861500,1)
(3327800,1)
(9143200,5)
(1702300,1)
(10762700,1)
(10825700,1)
(8574500,1)
(802500,1)
(9622000,1)
(2165900,1)
(1229300,7)
(9653600,3)
(3284600,1)
(6293900,1)
(181500,3)
(1587600,2)
(81400,88)
(9914600,5)
(6518900,5)
(11074000,1)
(2514100,1)
(7420600,1)
(6701500,1)
(8247800,1)
(11287400,1)
(10533100,1)
(8829200,1)
(9746300,1)
(2763500,18)
(10034500,1)
(10133500,20)
(10829300,1)
(669400,1)
(2777000,1)
(353400,1)
(7048000,1)
(7810300,1)
(2011900,1)
(432600,3)
(10090300,2)
(3258500,1)
(2130700,1)
(1374200,1)
(2788800,2)
(5586900,1)
(956500,9)
(10800400,1)
(140000,1)
(9647300,2)
(9127000,1)
(1443500,8)
(10859000,1)
(4441000,7)
(10226200,5)
(135600,3)
(6815900,6)
(926800,7)
(4228700,6)
(8845400,1)
(4794900,12)
(6548600,4)
(4476200,1)
(5717300,1)
(6232600,1)
(9845300,1)
(11107300,1)
(2110900,9)
(1562300,6)
(10481900,1)
(630600,1)
(1334600,3)
(1919300,2)
(8944400,1)
(9756200,1)
(5487900,1)
(5660600,2)
(2722000,1)
(9069500,6)
(289600,8)
(9721000,1)
(1379700,58)
(1053800,8)
(7064200,1)
(1348100,12)
(196900,4)
(10311700,4)
(9825500,1)
(5456300,4)
(2150500,1)
(497500,2)
(8311600,2)
(4846100,3)
(8908400,1)
(4140400,3)
(9736400,1)
(3452900,1)
(8471900,1)
(9287300,2)
(8940800,5)
(7429700,1)
(592900,3)
(4406900,2)
(3228800,5)
(4145900,1)
(3955100,2)
(4416800,24)
(9534800,2)
(3561800,19)
(4966800,4)
(3347600,236)
(1324700,16)
(2951600,13)
(10969800,1)
(2456600,1)
(5001700,2)
(2816600,1)
(10548500,1)
(1767200,27)
(2071300,1)
(6850000,3)
(9435800,1)
(9706700,1)
(10381000,1)
(145500,106)
(5551700,2)
(6885200,4)
(7069700,2)
(10236100,2)
(10247900,1)
(6849200,96)
(4575200,3)
(2897700,1)
(8861600,1)
(2638400,1)
(4530100,5)
(1572200,7)
(3104500,5)
(10841900,1)
(2451100,3)
(9570800,2)
(11315200,1)
(6859100,1)
(10716800,1)
(9722900,1)
(3530200,3)
(9138800,1)
(10964300,1)
(11103700,1)
(10216300,1)
(11202700,1)
(10103800,1)
(1722100,4)
(5733500,4)
(4604900,1)
(6602500,27)
(1866200,1)
(10305400,1)
(2421400,1)
(10491800,1)
(7297400,1)
(9439400,4)
(1067300,1)
(863800,1)
(10851800,1)
(3190000,1)
(629800,36)
(3352000,17)
(9964100,1)
(155400,1)
(1986900,1)
(10449500,2)
(1478700,2)
(1156400,12)
(9024400,1)
(11206300,1)
(10173100,1)
(4806500,1)
(10995900,1)
(9040600,1)
(9495200,1)
(8321500,2)
(7133500,3)
(8928200,19)
(195000,3)
(9538400,1)
(31900,3)
(9351100,2)
(10643900,1)
(5383400,1)
(4680500,1)
(1831000,1)
(1012300,7)
(3773300,1)
(4670600,5)
(6918500,1)
(2684300,1)
(11117200,1)
(7050700,6)
(9974000,1)
(3035200,3)
(11257700,1)
(10944500,1)
(9163000,1)
(11024500,1)
(10287500,2)
(9829100,1)
(10095800,1)
(2425000,2)
(9810100,1)
(9792200,1)
(11267600,1)
(4144000,3)
(644100,1)
(10008400,1)
(104000,1)
(1961600,1)
(7054300,3)
(790900,104)
(4981100,1)
(4342000,1)
(10267700,1)
(3519500,11)
(11184800,1)
(5758800,1)
(8336900,1)
(9766100,2)
(1093400,1)
(4431100,2)
(10080400,1)
(675700,4)
(8698800,1)
(9029900,1)
(8954300,8)
(8305300,1)
(5812700,1)
(9762500,1)
(1798800,25)
(8410600,2)
(10588100,1)
(1872500,1)
(4515800,23)
(7030900,1)
(4624700,5)
(10999500,1)
(1981400,1)
(11242300,1)
(6895100,1)
(2798700,2)
(10948100,1)
(9460000,3)
(9782300,1)
(9376400,1)
(9678900,2)
(4882100,7)
(1696500,2)
(5911700,5)
(11030800,1)
(8797800,1)
(9465500,3)
(10277600,1)
(4398900,8)
(1463300,3)
(3482600,2)
(7499000,1)
(8820100,31)
(9518600,1)
(4561700,16)
(11085800,1)
(8732900,1)
(7044400,1)
(1097000,1)
(6762800,3)
(7099400,4)
(4689600,1)
(9018100,50)
(733200,2)
(1483100,5)
(2905700,2)
(4971200,9)
(2623000,1)
(9924500,1)
(6564800,11)
(6782600,1)
(10697000,1)
(2264900,1)
(3991100,1)
(1592000,2)
(49000,1)
(9524900,2)
(3217000,4)
(7642000,1)
(7252300,2)
(6584600,14)
(10918400,1)
(9198200,1)
(2086700,3)
(8885000,2)
(1882400,1)
(8776100,1)
(8800300,1)
(5763200,1)
(873700,6)
(39100,11)
(9876900,3)
