(1683400,4)
(5516100,2)
(10576900,1)
(8816100,4)
(7159200,1)
(646400,43)
(9535200,1)
(9500000,2)
(10529100,1)
(9096000,1)
(2562300,18)
(10130300,1)
(10982800,1)
(10343700,1)
(6549000,4)
(3205800,1)
(7515600,1)
(1194700,3)
(9561300,1)
(4172400,2)
(11238300,1)
(10191600,1)
(7901700,1)
(1977400,2)
(10551600,1)
(11175300,1)
(6727200,1)
(9586600,2)
(10946800,1)
(963200,12)
(3927700,1)
(1749700,17)
(9026700,1)
(7129500,3)
(10788400,3)
(1983700,2)
(998400,20)
(11026800,1)
(1434000,1)
(395300,7)
(9566800,1)
(9492000,3)
(10333800,1)
(5927500,1)
(10996300,1)
(7119600,10)
(1143300,2)
(11115900,1)
(1574500,5)
(9649600,2)
(9175200,1)
(593300,23)
(9368800,4)
(10062900,1)
(4073400,4)
(621100,210)
(444800,147)
(1740600,1)
(5858200,1)
(9100400,1)
(2152800,26)
(9619900,1)
(112600,2)
(2635200,1)
(3557800,22)
(10737000,1)
(10165500,1)
(9962800,1)
(2402000,1)
(10976500,1)
(8690100,1)
(9218400,1)
(2597500,1)
(4369600,1)
(642800,895)
(682400,1)
(6763200,1)
(428600,3)
(57600,1)
(4344300,36)
(6822600,1)
(9317400,3)
(5562000,1)
(3912300,1)
(10591200,1)
(9001400,1)
(9624300,1)
(5700600,2)
(10497700,1)
(9401000,2)
(4251600,152)
(4209300,1)
(10406700,1)
(8561400,2)
(1864900,1)
(6614700,10)
(10323900,1)
(8250900,1)
(4474900,1)
(8703600,5)
(136000,6)
(9659500,1)
(10290600,1)
(10842300,1)
(8962900,1)
(10244700,1)
(8951100,4)
(9630600,2)
(5002100,1)
(8778400,326)
(4088800,1)
(7046700,6)
(9778300,3)
(7076400,3)
(8302100,2)
(7893700,1)
(122500,27)
(9521700,3)
(9738700,1)
(272900,5)
(3522600,1)
(1315200,7)
(6733500,3)
(10862100,1)
(10125900,1)
(11294100,1)
(9640500,1)
(8743200,1)
(725600,6)
(9104000,5)
(5878000,4)
(4220000,3)
(9145500,2)
(9412800,1)
(537500,26)
(3641400,1)
(9717000,1)
(9109500,1)
(3360600,3)
(10312100,1)
(2719900,1)
(9295900,1)
(11185200,1)
(8936800,1)
(3380400,5)
(8925000,1)
(400,1)
(2281500,2)
(2755900,5)
(4417200,3)
(7317600,1)
(8608200,2)
(9951000,1)
(7383300,1)
(5474800,11)
(10832400,1)
(7509300,1)
(5661000,6)
(796800,1)
(8279800,1)
(1838800,4)
(381800,6)
(6901800,11)
(2611800,6)
(11307600,1)
(9679300,1)
(10114100,2)
(10203200,1)
(5522400,3)
(10169100,1)
(10659700,1)
(11181600,1)
(8630700,1)
(8650500,1)
(4281300,1)
(10208700,1)
(895800,7)
(10758700,1)
(2360700,6)
(3437100,1)
(9790900,1)
(10794700,1)
(6520100,1)
(4704300,1)
(1803600,1)
(7638000,1)
(4385800,1)
(6893800,1)
(10986400,1)
(11092500,1)
(9916900,1)
(4389400,3)
(4122900,1)
(10624500,1)
(9509100,1)
(8812500,17)
(8901600,3)
(9041000,2)
(3582000,1)
(10638000,1)
(8768500,3)
(9181500,2)
(3225600,45)
(10109700,1)
(4671000,2)
(6758800,2)
(937100,1)
(9976300,1)
(10608300,2)
(5823000,1)
(6743400,1)
(10555200,1)
(1439500,1)
(6083100,1)
(3192300,3)
(2427300,1)
(5735800,8)
(152200,1)
(11224800,1)
(3172500,4)
(9208500,1)
(10378900,1)
(10139400,1)
(5502600,2)
(9234600,1)
(1060500,15)
(9042900,2)
(9196900,1)
(2609100,2)
(8629900,1)
(1564600,7)
(3348000,21)
(7373400,1)
(4770000,1)
(10956700,1)
(296300,15)
(1222500,2)
(3385900,6)
(5808700,1)
(6788500,2)
(1848700,48)
(4403700,6)
(573500,11)
(2898100,71)
(314200,2)
(9139200,4)
(710200,13)
(10738900,2)
(4187800,9)
(6882000,2)
(8535300,1)
(1184800,9)
(9254400,1)
(413200,2)
(3231900,3)
(10436400,1)
(6630900,6)
(1392700,6)
(9358900,1)
(4532400,1)
(22400,4)
(292700,7)
(10401200,1)
(1449400,86)
(2087100,1)
(7036800,1)
(9248100,2)
(11234700,1)
(10258200,2)
(7218600,1)
(10773000,1)
(10124000,1)
(686000,1)
(9728800,1)
(7452600,1)
(9307500,1)
(10234800,1)
(2209500,1)
(3907900,3)
(9005000,11)
(2493000,1)
(1878400,1)
(9097900,1)
(4573900,1)
(10421000,1)
(3152700,14)
(7482300,1)
(5587300,1)
(9119400,1)
(10649800,1)
(1790100,1)
(8992600,1)
(2241900,1)
(9036600,4)
(5870800,3)
(9541500,1)
(3338100,1)
(3884500,2)
(9718900,17)
(10685800,1)
(11130200,1)
(6519300,1)
(10951200,1)
(9634200,1)
(3384000,8)
(1257700,2)
(2799100,2)
(4587400,1)
(1843200,2)
(10836000,1)
(10630800,1)
(10175400,1)
(8307600,1)
(10279900,1)
(1325100,2)
(5749300,2)
(6812700,2)
(5621400,3)
(464600,2)
(10586800,1)
(9171600,1)
(6367200,1)
(5771800,3)
(11145600,1)
(1518700,1)
(10614600,1)
(4536000,12)
(1993600,1)
(11125800,1)
(5779000,1)
(8046600,1)
(6555300,4)
(9614400,1)
(735500,22)
(10680300,1)
(9462300,1)
(1868500,2)
(563600,1)
(9604500,1)
(3033900,1)
(11104100,1)
(5755600,1)
(9238200,2)
(2116800,1)
(3681000,1)
(10026900,1)
(8363400,3)
(4458700,1)
(5567500,1)
(9373200,1)
(8393100,1)
(1500,108)
(10628100,1)
(2136600,21)
(10466100,1)
(9120200,1)
(5542200,1)
(927200,3)
(9432600,1)
(1049800,1)
(3022100,2)
(286400,68)
(10525500,1)
(4023900,4)
(3162600,1)
(7551600,2)
(9056400,1)
(9052800,1)
(4522500,14)
(4210100,1)
(9165300,1)
(4977100,24)
(9487600,1)
(3646900,6)
(662600,16)
(11150000,1)
(1301700,3)
(4443300,1)
(8452500,1)
(4176000,4)
(844400,3)
(8798200,29)
(4795300,1)
(10155600,1)
(11046600,1)
(7125900,1)
(10228500,1)
(1538500,278)
(11279800,1)
(9303900,1)
(6628200,8)
(5100,36)
(9426300,1)
(10264500,1)
(8610900,1)
(666200,24)
(7505700,1)
(4907800,186)
(9515400,2)
(3037500,1)
(5775400,1)
(10393200,1)
(3473100,1)
(1226100,1)
(3229200,1)
(9650400,1)
(9665800,1)
(8976400,1)
(10426500,1)
(10541700,2)
(10299700,1)
(9191400,4)
(9347100,2)
(9699100,1)
(2952000,1)
(7596700,1)
(4631400,1)
(2192400,1)
(1534900,2)
(9629800,1)
(10482300,2)
(9467800,1)
(1059700,1)
(6707400,6)
(9774700,2)
(994800,1)
(3395800,2)
(874100,2)
(10571400,1)
(9258000,3)
(7436400,1)
(7576900,1)
(5413500,1)
(10274400,1)
(2631600,1)
(1471900,4)
(2478700,1)
(9794500,2)
(1212600,5)
(9497500,1)
(5494600,2)
(8436300,1)
(2344500,10)
(9986200,3)
(7758700,1)
(2073600,1)
(8357100,1)
(7175400,2)
(8794600,2)
(2359900,4)
(8347200,1)
(9105900,2)
(9092400,2)
(1937800,6)
(6753300,2)
(9456000,1)
(958800,6)
(9873700,2)
(4132800,1)
(3379600,1)
(6525600,77)
(7289800,1)
(10743300,2)
(749000,84)
(1429600,2)
(3389500,1)
(3390300,8)
(7357200,1)
(11302100,1)
(6784900,2)
(5729500,19)
(9982600,2)
(7565100,1)
(7114100,1)
(10565100,1)
(10798300,1)
(5651100,1)
(10487800,1)
(7442700,1)
(7472400,2)
(4413600,2)
(10941300,1)
(10689400,1)
(7327500,5)
(616700,1)
(11195100,1)
(1133400,10)
(10699300,1)
(63900,8)
(6911700,1)
(11274300,1)
(5848300,1)
(1287400,8)
(9768400,1)
(8565000,2)
(697800,3)
(2166300,3)
(1833300,2)
(480800,1)
(9159000,3)
(1673500,3)
(3200300,2)
(3350700,2)
(1807200,1)
(11218500,1)
(5953600,2)
(4395700,2)
(1107300,1)
(9675700,1)
(984900,3)
(7124000,1)
(3239100,2)
(9842100,1)
(4724100,2)
(8260800,1)
(1704600,1)
(10086300,2)
(9289600,4)
(10901700,1)
(7051100,1)
(11011400,2)
(10322000,1)
(11001500,1)
(10802700,1)
(1054200,3)
(9931200,1)
(7224900,1)
(1926000,1)
(10733400,1)
(10897300,1)
(10535400,1)
(10935000,2)
(9837700,1)
(10581300,1)
(705800,1)
(6909000,1)
(10826100,1)
(2334600,1)
(2661300,49)
(9501900,1)
(2240000,1)
(4572000,1)
(8862000,1)
(8717100,2)
(9921300,2)
(3255300,2)
(636500,511)
(6695800,2)
(27900,9)
(785000,3)
(10545300,1)
(5478400,1)
(9812400,2)
(7104200,7)
(10021400,1)
(10160000,1)
(6604800,24)
(2251800,5)
(10462500,1)
(9941100,2)
(7826100,9)
(11041100,1)
(6798400,6)
(3369700,2)
(8036700,3)
(1643800,32)
(11021300,1)
(10422900,1)
(9203000,1)
(9031100,1)
(527600,2)
(4241700,1)
(7561500,2)
(9610800,2)
(1040700,178)
(246800,13)
(1173000,1)
(3330900,3)
(8847700,3)
(11016900,1)
(8707200,1)
(7110500,9)
(73800,5)
(1158700,2)
(9690000,1)
(4933900,1)
(8541600,1)
(8317500,1)
(3899900,1)
(2572200,1)
(4177900,1)
(9388600,1)
(10644300,1)
(7802700,1)
(10119600,1)
(8877400,2)
(978600,1)
(4078900,2)
(6505800,1)
(5730300,3)
(11244600,1)
(10268100,1)
(7529100,1)
(9956500,1)
(11264400,1)
(8788300,2)
(10100600,1)
(1602300,1)
(3245400,19)
(4334400,1)
(10031300,1)
(6585000,1)
(1734300,10)
(9264300,1)
(3587500,1)
(2641500,2)
(10561500,1)
(9214800,1)
(2063700,1)
(4692700,5)
(2828800,1)
(10690200,1)
(10092600,1)
(1174900,1)
(6816300,7)
(8982700,1)
(547400,20)
(8466000,1)
(6806400,3)
(3304800,1)
(9695500,2)
(10472400,2)
(8897200,4)
(10317600,1)
(1942200,1)
(2983600,1)
(11258100,1)
(87300,1245)
(11100500,1)
(2057400,1)
(9669400,1)
(3101300,1)
(5370300,5)
(7377000,1)
(6531900,15)
(9224700,2)
(9655900,1)
(9576700,1)
(10873900,1)
(8269900,1)
(7279900,2)
(7398700,3)
(8135700,1)
(10367100,2)
(1633900,3)
(1607800,1)
(6565200,1)
(8996200,4)
(251200,10)
(1554700,3)
(2261700,4)
(10971000,1)
(5973400,2)
(2027700,2)
(9195000,2)
(11129400,1)
(8699200,2)
(9270600,1)
(3583900,8)
(2314800,1)
(10096200,1)
(9743100,1)
(10519200,1)
(7604700,1)
(10363500,1)
(1024500,5)
(11299600,1)
(9926800,3)
(879600,6)
(10066500,1)
(2197900,1)
(5739400,1)
(8733300,1)
(6073200,1)
(10893700,1)
(7026900,1)
(5725900,3)
(10872000,2)
(9284100,3)
(2803500,1)
(9011300,9)
(2047500,1)
(8893600,2)
(2204000,1)
(606800,9)
(10936900,1)
(9519000,1)
(7798300,1)
(2437200,2)
(5354100,2)
(9406500,1)
(1780200,4)
(10620900,1)
(8446200,1)
(3032000,1)
(8001500,1)
(3354300,78)
(10432800,1)
(1770300,1)
(3067200,6)
(8857600,2)
(9827800,3)
(9072600,2)
(4219200,4)
(5761900,1)
(4808800,1)
(1677100,2)
(2370600,1)
(11313900,1)
(8956600,1)
(4291200,1)
(1987300,1)
(3433500,4)
(11056500,1)
(1485400,3)
(1074000,5)
(8774800,8)
(3562200,2)
(7322000,1)
(8056500,1)
(1038000,1)
(3126600,1)
(6778600,4)
(9608100,2)
(3502800,13)
(1853100,1)
(241300,5)
(433000,307)
(9703500,1)
(5967100,5)
(2318400,1)
(9596500,1)
(10150100,1)
(9680100,1)
(10857700,1)
(9992500,7)
(583400,1)
(4889900,2)
(47700,262)
(9511800,1)
(3344400,26)
(3704400,1)
(8299600,4)
(1028100,5)
(9897100,1)
(3937600,1)
(7614600,1)
(7421000,1)
(4709800,2)
(10051100,6)
(10961100,1)
(2285100,5)
(2557900,2)
(2308500,3)
(3498400,1)
(4370400,28)
(10476000,1)
(11052900,1)
(3656800,3)
(10911600,1)
(10377000,1)
(4002200,13)
(10248300,1)
(2953900,1)
(9290400,1)
(2890900,1)
(10224900,1)
(10411100,1)
(11082600,1)
(236900,1)
(4844800,2)
(8972800,1)
(2823300,3)
(9422700,1)
(10302200,1)
(8931300,2)
(4192200,34)
(8675800,1)
(8863900,1)
(10639900,1)
(11110400,1)
(1495300,1)
(1785700,1)
(10025000,2)
(9457900,1)
(3291300,2)
(3166200,1)
(626600,1)
(6541800,12)
(4720500,1)
(9269800,1)
(8946700,1)
(5360400,1)
(9654000,1)
(3453300,2)
(9302000,1)
(719300,85)
(5399200,1)
(4473000,1)
(26000,108)
(10539000,1)
(418700,2)
(1973800,3)
(7659700,3)
(10905300,1)
(9333600,1)
(2403900,1)
(9901500,4)
(8333700,1)
(10883800,1)
(2304900,1)
(10660500,1)
(7165500,1)
(5526000,1)
(8337300,1)
(9135600,1)
(2457000,21)
(5615100,4)
(10972900,1)
(1236000,5)
(3458800,1)
(6690300,1)
(5379400,11)
(11086200,1)
(6747000,2)
(1335000,2)
(6773100,2)
(6862200,5)
(4993300,1)
(3567700,1)
(10398700,1)
(2239200,1)
(1533000,2)
(9110300,2)
(3328200,1)
(3536100,1)
(2488600,2)
(2692900,3)
(9531600,6)
(5601600,3)
(3251700,11)
(4686400,2)
(2389600,1)
(1589900,4)
(10931400,1)
(890300,1)
(2997100,1)
(1376500,5)
(1952100,1)
(8254500,1)
(8412900,1)
(6539100,2)
(3053700,2)
(6877600,1)
(172000,2)
(5057100,2)
(1568200,3)
(741800,5)
(1232400,22)
(8763000,1)
(10056600,1)
(1775800,2)
(1588000,9)
(271000,1)
(5364000,8)
(3448900,3)
(601300,10)
(6509400,1)
(3512700,1)
(6748900,3)
(5692600,2)
(7228500,1570)
(2399500,15)
(11161800,1)
(10046700,1)
(4858300,1)
(4710600,1)
(1730700,2)
(11151900,1)
(1947700,1)
(1361100,5)
(2686600,76)
(1489000,2)
(7675900,1)
(10837900,2)
(3898000,2)
(6608400,10)
(10966600,1)
(8406600,1)
(4136400,3)
(11250900,1)
(9571200,1)
(2458900,1)
(10640700,5)
(1305300,4)
(10778500,1)
(869700,9)
(9754900,1)
(10005200,1)
(5724000,1)
(8591100,1)
(8644200,1)
(9556900,1)
(10011500,1)
(611200,2)
(10347300,1)
(9806100,1)
(5537800,1)
(1459300,78)
(8462400,1)
(9525300,1)
(4043700,11)
(10515600,1)
(9161700,2)
(1799200,11)
(1957600,2)
(11109600,1)
(10774900,2)
(1293700,41)
(1714500,3)
(9402900,1)
(11169000,2)
(6846000,1)
(10634400,1)
(9733200,4)
(8274300,1)
(8852100,1)
(8401100,2)
(10703700,2)
(5765500,1)
(10707300,1)
(9853900,1)
(300700,1)
(1739800,6)
(3526200,1)
(4868200,7)
(885900,8)
(9398500,2)
(9863800,1)
(9086100,1)
(5993200,6)
(3601800,1)
(10357200,1)
(2473200,18)
(10650600,1)
(9764800,1)
(11260800,1)
(5988800,2)
(10015100,1)
(1341300,2)
(7066500,2)
(8614500,1)
(532000,5)
(3417300,1)
(2259000,7)
(5759200,1)
(2718000,1)
(6644400,4)
(9446100,2)
(1898200,1)
(7411100,3)
(8966500,3)
(2710800,1)
(11051000,1)
(5818600,1)
(2906100,6)
(4229100,2)
(10280700,1)
(1479100,1)
(9857500,2)
(8323800,1)
(2817000,2)
(37800,68)
(8161800,1)
(8832300,2)
(7510100,1)
(10036800,1)
(4750200,1)
(11268000,1)
(2813400,4)
(4512600,1)
(6510200,1)
(8566900,1)
(4407300,3)
(2714400,2)
(10353600,1)
(2433600,8)
(9240900,2)
(9016800,5)
(2423700,1)
(10254600,1)
(9250800,3)
(6638100,3)
(4438900,1)
(1632000,7)
(10618200,1)
(9847600,3)
(1912500,2)
(7422900,1)
(7333800,1)
(9185100,1)
(1962000,3)
(2374200,1)
(10713600,1)
(10388800,2)
(7041200,1)
(3488500,3)
(10159200,1)
(2704500,1)
(10521900,2)
(11119500,1)
(2516400,6)
(3073500,1)
(2328300,19)
(1283800,8)
(9644100,3)
(11120300,1)
(5308200,1)
(6847900,1)
(5488300,4)
(8411000,5)
(2973700,9)
(632900,3)
(10135800,3)
(177500,5)
(9140000,2)
(6421100,1)
(2494900,11)
(4328100,1)
(5484700,1)
(9505500,3)
(9620700,1)
(4937500,2)
(4067100,1)
(9545100,1)
(2884600,106)
(3002300,7)
(9784600,1)
(1617700,18)
(2364300,2)
(6302300,1)
(11284200,1)
(10270800,1)
(11171700,1)
(7519200,3)
(5334300,1)
(2600000,3)
(10669600,1)
(1382800,2)
(9753000,1)
(7401200,1)
(9274200,1)
(1795600,1)
(1095700,5)
(4111100,1)
(2053800,69)
(1523100,5)
(3088900,1)
(8268000,1)
(10596700,2)
(9280500,10)
(838100,2)
(8264400,3)
(8165400,1)
(731900,3)
(12500,28)
(8827900,4)
(4506300,1)
(3340800,2)
(5209200,2)
(2791900,14)
(11139300,1)
(11072700,1)
(9129300,1)
(5745700,1)
(10674000,1)
(1503300,41)
(355700,2)
(9911400,1)
(2957500,4)
(215200,1)
(8806200,1)
(1242300,2)
(10753200,1)
(4828600,28)
(1113600,4)
(10723500,1)
(3235500,1)
(598800,1)
(9555000,1)
(7056600,3)
(3334500,2)
(2708100,1)
(9592900,2)
(9670200,1)
(730000,2)
(3484900,8)
(903800,1)
(10505700,2)
(4225500,3)
(10822500,1)
(7061000,1)
(10185300,1)
(5403600,1)
(517700,1)
(10041200,1)
(7690200,5)
(10717200,1)
(9082500,3)
(3906000,1)
(6689500,2)
(8713500,1)
(9363300,1)
(9798100,1)
(11066400,1)
(10679500,1)
(10664100,2)
(7388800,3)
(1667200,1)
(9204900,1)
(10456200,1)
(9713400,2)
(4399300,2)
(1070400,2)
(4803300,1)
(3156300,3)
(5458600,3)
(3043800,1)
(9482100,1)
(1419700,7)
(6685900,4)
(6535500,10)
(953300,18)
(11031200,1)
(4182300,2)
(10082700,1)
(9493900,8)
(1710900,1)
(2205900,1)
(1020900,115)
(9817900,1)
(676100,2)
(1884700,2)
(2789200,1)
(9393000,14)
(4834900,1)
(10784800,1)
(4987000,1)
(8738800,2)
(3932100,1)
(454700,1)
(1008300,2)
(4478500,1)
(10695700,1)
(4864600,1)
(5884300,7)
(4583800,1)
(1366600,1)
(1754100,1)
(1188400,1)
(10520000,1)
(9581100,1)
(3478600,5)
(9685600,1)
(10289800,1)
(10500200,1)
(9472200,1)
(10072800,1)
(4601700,2)
(8551500,1)
(10140200,1)
(10278000,1)
(10442700,1)
(2696500,1)
(2042000,1)
(4947400,1)
(10307700,2)
(5719600,1)
(8596600,1)
(10763100,1)
(2417400,2)
(83700,1)
(10179000,1)
(864200,16)
(4448800,4)
(8826000,4)
(10921500,1)
(9452400,1)
(8986300,25)
(3132900,1)
(3987100,1)
(4998800,1)
(9723300,3)
(7877500,1)
(2245500,151)
(11289700,1)
(6280800,1)
(7260900,1)
(4791700,2)
(10992700,1)
(365600,1)
(11015000,1)
(9946600,1)
(9155400,1)
(5983300,6)
(3998900,1)
(2275200,1)
(276500,1)
(9816000,1)
(10161900,1)
(16100,37)
(9294000,1)
(1089400,2)
(11208600,1)
(652700,27)
(4235400,1)
(9279700,1)
(8728900,1)
(1927900,1)
(385400,6)
(1371000,1)
(102700,25)
(10748800,1)
(8921400,1)
(9260700,1)
(3894400,1)
(9323700,1)
(6515700,1)
(8887300,3)
(1311600,1)
(7416600,1)
(5943700,1)
(6897400,1)
(9357000,1)
(6723600,3)
(5428900,1)
(7092600,1)
(1206300,7)
(9905100,3)
(10223000,2)
(8290500,1)
(4818700,2)
(5803200,3)
(8867500,16)
(1372900,1)
(9353400,1)
(577100,3)
(9337200,1)
(9076200,1)
(7497700,1)
(2340900,10)
(1004700,1)
(2795500,4)
(9383100,1)
(3271500,1)
(11228400,1)
(6713700,1)
(6234900,1)
(4453200,1)
(9313800,3)
(1460100,17)
(5597200,1)
(8353500,1)
(266600,1)
(1491700,2)
(11312000,1)
(9748600,1)
(3241800,1)
(2043900,5)
(840800,1)
(3615300,1)
(10446300,2)
(7618200,1)
(9125700,1)
(6581400,2)
(3552300,2)
(235000,123)
(2101400,1)
(334000,5)
(10867600,1)
(42200,2)
(2780100,1)
(1430400,1)
(6737100,11)
(9551400,1)
(11248200,1)
(4197700,9)
(588900,1)
(9244500,2)
(3063600,3)
(907400,3)
(7254600,4)
(8472300,2)
(9802500,6)
(106300,8)
(6551700,1)
(9591000,2)
(11149200,1)
(201700,39)
(197300,3)
(2395900,1)
(10171800,2)
(4973500,2)
(11290500,1)
(2093400,2)
(1813500,5)
(5310900,4)
(2526300,1)
(375500,41)
(1103700,1)
(8941200,1)
(10604700,1)
(6717300,1)
(9689200,1)
(781400,12)
(10104200,4)
(10195200,1)
(1386400,3)
(11135700,1)
(10925100,1)
(2838700,2)
(9062700,1)
(4874500,4)
(4676500,2)
(4646800,1)
(10213100,1)
(1331400,6)
(567200,2)
(2324700,18)
(1404300,1)
(10768600,1)
(2131100,2)
(1513200,6)
(656300,12)
(10238400,1)
(6699400,1)
(3359800,22)
(11191500,1)
(10452600,1)
(1612200,1)
(9952900,1)
(4320900,1)
(10670400,1)
(2582100,1)
(93600,13)
(4106700,1)
(7323900,4)
(947000,15)
(3219300,2)
(1168600,1)
(7608300,2)
(6802800,1)
(10110500,1)
(225100,5)
(3902400,1)
(1044300,5)
(5963500,1)
(1558300,1)
(8467900,1)
(9141900,2)
(8926900,5)
(7353600,3)
(5828500,1)
(8289700,2)
(1346800,1)
(10284300,1)
(10145700,1)
(2106900,2)
(5740200,3)
(10847800,1)
(10492200,2)
(6618300,4)
(8764900,1)
(173900,420)
(8905200,1)
(9327300,2)
(9228300,7)
(9972700,4)
(3176100,5)
(1414200,1)
(11254500,1)
(9259900,1)
(6925200,1)
(8883700,4)
(5047200,2)
(9378700,1)
(10218600,1)
(9618000,1)
(5880700,1)
(4983400,1)
(10129500,1)
(9867400,2)
(4502700,4)
(2843100,12)
(6941400,2)
(4261500,1)
(8685700,1)
(9996100,2)
(3007800,8)
(9877300,3)
(6640800,1)
(8911500,2)
(11203100,1)
(2790000,3)
(9151800,2)
(10327500,1)
(11214900,1)
(7135800,1)
(77400,1)
(2007900,2)
(10727100,1)
(5359600,2)
(1823400,1)
(5912100,1)
(6575100,1)
(10337400,1)
(6586900,1)
(9149100,4)
(10852200,1)
(2390400,2)
(8312000,1)
(4779100,1)
(11269900,1)
(9021200,1)
(67500,9)
(8802600,28)
(8784700,1)
(1874800,2)
(1202700,1)
(672500,16)
(1508800,14)
(7586800,1)
(8416500,1)
(9936700,1)
(11155500,1)
(5947300,1)
(2902500,1)
(7284300,2)
(9416400,1)
(9691900,8)
(2655000,2)
(7238400,1)
(4146300,1)
(10260900,3)
(631000,13)
(1590700,56)
(2967400,3)
(1178500,221)
(7363500,2)
(5890600,1)
(1922400,3)
(6530000,4)
(2522700,42)
(10120400,1)
(3494800,1)
(11005100,1)
(3973600,1)
(9660300,1)
(9852000,1)
(9394900,1)
(408800,2)
(9600900,1)
(256700,8)
(3098800,51)
(11036700,1)
(3146400,3)
(9893500,1)
(2182500,2)
(5714100,1)
(2141000,1)
(2656900,4)
(9442500,1)
(5720400,2)
(4557700,1)
(8915100,5)
(8842200,9)
(5552100,1)
(2032100,1)
(10294200,1)
(3121100,1)
(8368900,1)
(870500,40)
(8294100,1)
(6883900,2)
(10510100,1)
(10675900,1)
(261100,3)
(11213000,1)
(9006900,5)
(8961000,3)
(2105000,1)
(11280600,1)
(4239000,1)
(3349900,3)
(10812600,1)
(11159100,1)
(2348100,1)
(1198300,1)
(5933800,1)
(8367000,1)
(6571500,3)
(8313900,1)
(8248200,5)
(7268100,1)
(8822400,4)
(10816200,1)
(849900,5)
(9436200,1)
(32300,2)
(10877500,1)
(10076400,1)
(10509300,1)
(9066300,1)
(11165400,1)
(6915300,2)
(10416600,1)
(10477900,1)
(10181700,1)
(2681100,3)
(9343500,2)
(889500,1)
(7432800,1)
(10373400,1)
(11076300,1)
(2532600,1)
(8604600,1)
(9477700,2)
(2249100,1)
(7264500,1)
(10887400,1)
(933500,1)
(4833000,1)
(1445800,1)
(6783000,7)
(10806300,1)
(10149300,1)
(10061000,2)
(10654200,1)
(8837800,1)
(7280700,2)
(10531800,1)
(7290600,11)
(4126500,2)
(9758500,2)
(9115800,2)
(745400,1)
(11140100,1)
(10575000,1)
(9046500,1)
(11062800,1)
(132400,64)
(1470000,1)
(9883600,1)
(729200,8)
(9707100,1)
(9915000,1)
(4838500,1)
(7456200,1)
(3516300,4)
(9887200,1)
(1297300,2)
(7492200,1)
(1828900,11)
(9299500,2)
(8873800,26)
(7258200,1)
(11270700,2)
(2369800,2)
(62000,11)
(1455700,23)
(1657300,2)
(6561600,3)
(3275100,1)
(4542300,2)
(9639700,1)
(9822300,1)
(9832200,1)
(1764000,28)
(2111300,1)
(923600,1)
(499800,1)
(10383300,1)
(1117200,1)
(4953700,1)
(11096100,1)
(10915200,1)
(10001600,1)
(9966400,1)
(9788200,1)
(1356700,2)
(193700,1)
(1163100,1)
(11114000,1)
(1688900,9)
(2291400,1)
(97200,10)
(791300,7)
(7836000,1)
