(9002500,1)
(1618800,2)
(3601000,1)
(9511000,3)
(1889400,1)
(6546500,1)
(9681200,3)
(4414700,2)
(10036000,1)
(6064400,1)
(10498800,1)
(4143800,2)
(10269200,1)
(2251000,10)
(9121300,1)
(10281800,1)
(8587800,1)
(10883000,1)
(5735000,5)
(11141200,1)
(1213700,1)
(861700,1)
(7501300,1)
(9443600,2)
(216300,20)
(4709000,1)
(9338300,1)
(9516500,3)
(8037800,1)
(1383900,8)
(918400,1)
(10239500,1)
(7269200,1)
(8313100,1)
(11052100,1)
(3007000,91)
(2369000,56)
(4173500,2)
(382900,3)
(10730900,1)
(1638600,4)
(1721900,1)
(1585500,3)
(7432000,1)
(9229400,1)
(797900,1)
(3236600,1)
(7521100,2)
(1603400,2)
(2781200,1)
(1731800,1)
(705000,2)
(178600,70)
(958000,1)
(800400,1)
(10790300,1)
(7412200,1)
(11115100,2)
(7380800,1)
(914800,5)
(1015700,1)
(1589100,8)
(3084500,6)
(11250100,1)
(10333000,1)
(11125000,1)
(657400,1)
(2028800,1)
(580900,1)
(7422100,1)
(9017900,7)
(10097300,1)
(2424800,1)
(6576200,4)
(5386800,14)
(3458000,1)
(9111400,1)
(10323100,1)
(3262700,1)
(7402300,5)
(2329400,6)
(3252800,1)
(9295100,1)
(731100,1)
(1190300,8)
(4112200,3)
(9249200,1)
(3044900,5)
(8676900,1)
(10878600,1)
(4839600,3)
(232500,7)
(4183400,4)
(4256300,2)
(11249300,1)
(10764200,1)
(7036000,1)
(10582400,1)
(8754200,2)
(7532900,2)
(3484100,1)
(4460600,1)
(9077300,1)
(8997300,1)
(9116900,3)
(4459800,3)
(7477100,1)
(9937800,1)
(8807300,18)
(7209800,5)
(6823700,2)
(6857000,1)
(5598300,3)
(10526600,1)
(11308700,1)
(7323100,1)
(9271700,2)
(7556300,5)
(979700,1)
(4907000,6)
(885100,8)
(10587900,1)
(10270000,1)
(10651700,1)
(4404800,1)
(4584900,1)
(6888600,2)
(2458100,3)
(970600,2)
(1644900,3)
(809500,1)
(1431500,1)
(4132000,2)
(8803700,4)
(3163700,1)
(7407800,1)
(10704800,1)
(8566100,1)
(1808300,2)
(8937900,1)
(5578500,1)
(8790200,1)
(11255600,1)
(8878500,2)
(1421600,1)
(895000,2)
(1569300,4)
(9807200,2)
(9957600,1)
(8740700,1)
(4875600,1)
(8774000,20)
(5761100,13)
(683500,1)
(9348200,2)
(10597800,1)
(11225900,1)
(3028700,2)
(8764100,1)
(10111600,1)
(6245900,1)
(491800,2)
(1555800,1)
(1288500,11)
(8874900,2)
(5746800,1)
(9997200,2)
(6681500,1)
(283900,3)
(9926000,2)
(578200,2)
(8947800,2)
(9952100,1)
(8269100,4)
(10467200,1)
(4231000,45)
(11111500,1)
(10769700,1)
(11006200,1)
(2958600,1)
(7062100,2)
(9047600,1)
(1169700,1)
(2064800,2)
(10728200,1)
(3173600,1)
(10389900,1)
(7289000,2)
(8775900,2)
(3256400,3)
(11037800,1)
(11161000,1)
(1824500,14)
(4485900,1)
(4860200,2)
(10625600,1)
(1715600,3)
(1154300,1)
(980500,7)
(2106100,2)
(11240200,1)
(450300,3)
(6511300,1)
(1456800,30)
(10744400,2)
(10308800,1)
(9269000,6)
(9115000,1)
(5513600,1)
(9394100,2)
(3054800,1)
(8324900,1)
(8799300,15)
(9556100,1)
(9932300,1)
(4834100,1)
(9993600,1)
(2517500,1)
(11210500,1)
(9354500,1)
(7313200,1)
(711300,1)
(9097100,1)
(2474300,1)
(5335400,1)
(9823400,1)
(3127700,3)
(10422100,1)
(7052200,2)
(10390700,2)
(6610300,3)
(8720900,1)
(528700,2)
(10645400,1)
(2705600,2)
(2879400,1)
(6586100,24)
(3469800,1)
(5968200,3)
(1864100,1)
(11136800,1)
(9083600,1)
(6635600,1)
(2391500,3)
(8635400,1)
(513300,29)
(10774100,1)
(11126900,1)
(950800,5)
(4221100,7)
(2033200,1)
(9200500,1)
(11260000,1)
(424200,11)
(6685100,7)
(9833300,1)
(1041800,3)
(8542700,1)
(1700200,4)
(2513900,2)
(8972000,1)
(8402200,1)
(9209600,1)
(2349200,1)
(9210400,1)
(10681400,1)
(10750700,6)
(11265500,1)
(346900,2)
(9204100,3)
(7047800,1)
(1346000,2)
(1765100,3)
(4548900,1)
(9468900,3)
(10151200,2)
(4080800,6)
(10295300,3)
(9220300,1)
(10714700,1)
(8967600,65)
(7493300,1)
(6794000,2)
(6738200,8)
(7136900,2)
(4943000,1)
(9785700,1)
(4682000,6)
(4820600,1)
(8785800,36)
(2533700,2)
(3994500,1)
(9313000,2)
(4325600,3)
(2315900,1)
(5820500,1)
(3137600,1)
(48800,1)
(9848700,1)
(4450700,1)
(78500,3)
(10799400,1)
(10105300,1)
(5751200,2)
(6506900,1)
(564700,105)
(9704600,1)
(10926200,1)
(94700,6)
(3276200,2)
(810300,1)
(5891700,8)
(9750500,10)
(10987500,1)
(7635500,1)
(10135000,2)
(1830800,4)
(9641600,1)
(410700,5)
(2365400,1)
(2870300,18)
(9417500,7)
(4796400,2)
(7220500,2)
(9947700,1)
(7295300,1)
(287500,4)
(13600,1)
(10002700,1)
(4133900,1)
(8229500,2)
(4286000,1)
(4527200,4)
(10012600,1)
(10932500,1)
(9314900,1)
(10942400,1)
(1796700,1)
(9710900,1)
(10214200,1)
(7067600,1)
(9022300,1)
(2142100,2)
(5517200,3)
(10779600,1)
(10219700,1)
(404400,7)
(1870400,1)
(1508000,75)
(7457300,1)
(3450800,3)
(3543500,1)
(9063800,3)
(1938900,20)
(4725200,1)
(9729900,1)
(6556400,2)
(7785900,1)
(2512000,2)
(9328400,1)
(4448000,1)
(1849800,33)
(4440800,5)
(3895500,1)
(1943300,1)
(188500,85)
(10615700,1)
(10592300,1)
(103800,1)
(11230300,1)
(9006100,4)
(2330200,1)
(10546400,1)
(10483400,1)
(8993700,7)
(10977600,1)
(642000,2)
(721200,6)
(3395000,1)
(10516700,1)
(9303100,4)
(3938700,1)
(627700,28)
(10982000,2)
(10407800,1)
(400800,21)
(6630100,7)
(2632700,1)
(9631700,1)
(6789600,1)
(9488700,1)
(9817100,1)
(9838800,1)
(3791000,1)
(419800,27)
(11047700,1)
(1781300,6)
(1530500,9)
(6582500,1)
(10997400,1)
(2672300,1)
(9795600,4)
(10912700,1)
(202800,1)
(10016200,1)
(11219600,1)
(3553400,1)
(8675000,1)
(3033100,10)
(9813500,1)
(10417700,1)
(7196300,1)
(1185900,1)
(1840700,3)
(9473300,5)
(762700,3)
(2350000,2)
(9740600,1)
(5792700,1)
(3434600,3)
(6406000,2)
(7483400,1)
(7572500,5)
(10552700,1)
(820200,1)
(8691200,1)
(9380600,2)
(23500,2)
(3593000,1)
(9676800,1)
(2527400,1)
(1347900,6)
(9600100,1)
(3917000,1)
(2310400,2)
(10649000,1)
(2948700,1)
(2434700,1)
(4211200,2)
(3048500,1)
(10172900,1)
(2721800,1)
(4157300,1)
(2084600,1)
(5804300,4)
(7087400,1)
(1278600,4)
(9162800,2)
(9407600,2)
(9453500,1)
(2266400,1)
(2662400,12)
(8916200,1)
(282000,3)
(6516800,1)
(8734400,1)
(4008800,1)
(1978500,1)
(8823500,3)
(4242800,2)
(8620000,2)
(9780200,6)
(1140800,1)
(9250000,1)
(9037700,1)
(10275500,1)
(9577800,2)
(3918900,4)
(1367700,3)
(4503800,10)
(1409000,1)
(7566200,1)
(1298400,1)
(9799200,4)
(4814300,2)
(10784000,1)
(4464200,2)
(11176400,1)
(7952300,1)
(9239300,1)
(7131400,1)
(9691100,1)
(5474000,12)
(840000,2)
(1854200,1)
(5404700,2)
(10620100,1)
(3923300,1)
(1658400,2)
(9526400,2)
(10833500,1)
(9042100,1)
(7328600,1)
(11303200,1)
(3309500,53)
(5469600,9)
(9389700,2)
(5371400,1)
(396400,7)
(3187100,1)
(1958700,1)
(4117700,1)
(2889300,1)
(6566300,1)
(9592100,1)
(3292400,1)
(8374400,1)
(9374300,1)
(10477100,1)
(1085000,3)
(1580000,6)
(10067600,1)
(3088100,34)
(9087200,1)
(9182600,1)
(10610200,2)
(9546200,1)
(3533600,4)
(8105200,1)
(10803800,1)
(6597900,3)
(7093700,1)
(3403000,1)
(9057500,1)
(9437300,1)
(6758000,6)
(4859400,1)
(10754300,1)
(2776800,2)
(6714800,5)
(3988200,1)
(2068400,2)
(460200,187)
(4944900,4)
(9457100,1)
(4840400,1)
(1030000,18)
(1591800,5)
(9942200,1)
(4543400,1)
(2828000,2)
(11156600,1)
(297400,2)
(8962100,1)
(9562400,1)
(2834300,2)
(5460500,1)
(11012500,1)
(7582400,1)
(10370900,1)
(293800,1)
(4849500,1)
(8364500,1)
(5809800,1)
(3193400,1)
(4578600,1)
(449500,189)
(53200,118)
(11259200,1)
(7348400,1)
(3319400,1)
(3381500,1)
(4721600,2)
(2600,7)
(904900,1)
(107400,2)
(8047700,1)
(736600,133)
(1953200,1)
(409900,1)
(8779500,1)
(2444600,2)
(10141300,1)
(2053000,21)
(2464400,2)
(444000,19)
(2395100,23)
(236100,1)
(1544000,10)
(8983800,2)
(2137700,12)
(9285200,1)
(11105200,1)
(4198800,2)
(8718200,2)
(8437400,2)
(11101600,1)
(8739900,1)
(4865700,1)
(10196300,1)
(7576100,1)
(9093500,1)
(2460800,3)
(9265400,1)
(2636300,12)
(8902700,3)
(10536500,1)
(3502000,1)
(3943100,2)
(4553300,1)
(2286200,2)
(3340000,7)
(10083800,1)
(8348300,1)
(8582300,1)
(9016000,1)
(9615500,1)
(11063900,1)
(10619300,2)
(7947900,2)
(3499500,2)
(9983700,4)
(2468000,5)
(9827000,1)
(3349100,1)
(10291700,1)
(9661400,1)
(3503900,50)
(6906500,2)
(3355400,1)
(1108400,1)
(11022400,1)
(1890200,1)
(11239400,1)
(10087400,2)
(2687700,2)
(9739800,1)
(3325700,1)
(4216700,6)
(10501300,1)
(1258800,1)
(2968500,1)
(9973800,3)
(3003400,2)
(3305900,2)
(8873000,2)
(267700,19)
(1608900,1)
(6902900,1)
(523200,6)
(8888400,1)
(1560200,3)
(9493100,1)
(9552500,1)
(5830400,1)
(10770500,1)
(8681300,1)
(10635500,2)
(1741700,3)
(5736900,2)
(10388000,2)
(9151000,8)
(10691300,1)
(10245800,1)
(786100,3)
(1709300,1)
(3335600,5)
(2023300,1)
(4122100,7)
(1336100,3)
(8457200,1)
(11032300,1)
(9769500,2)
(5865600,2)
(10655300,1)
(3459900,1)
(10718300,1)
(6265700,1)
(10384400,1)
(11162900,1)
(10759800,1)
(9136700,1)
(11077400,1)
(5331800,1)
(8922500,2)
(10967700,1)
(2122300,2)
(10641800,5)
(10176500,1)
(1839900,5)
(2088200,1)
(10686900,1)
(3098000,3)
(3438200,1)
(11245700,1)
(5479500,1)
(6817400,1)
(11186300,1)
(2319500,5)
(7453700,14)
(11067500,1)
(4938600,1)
(4829700,1)
(6932600,8)
(8730800,1)
(10873100,1)
(5523500,1)
(9012400,1)
(9152900,1)
(242400,2)
(8323000,1)
(3147500,12)
(1425200,4)
(6552800,2)
(4276100,4)
(9053900,1)
(27100,17)
(10847000,1)
(10532900,1)
(9902600,1)
(9651500,1)
(1233500,1)
(8780300,1)
(9427400,1)
(10843400,1)
(9655100,1)
(11062000,1)
(6769800,1)
(10609400,1)
(3573200,1)
(8443700,26)
(5143700,1)
(10334900,1)
(647500,1)
(10724600,1)
(10209800,1)
(9506600,1)
(7506800,2)
(5974500,1)
(2345600,6)
(2786700,11)
(11224000,1)
(10696800,1)
(1786800,62)
(7562600,4)
(10600300,2)
(9370700,1)
(2177300,8)
(10511200,1)
(8275400,1)
(8894700,7)
(6521200,1)
(1927100,1)
(11279000,1)
(1520600,2)
(10789500,1)
(445900,1)
(10463600,1)
(9369900,2)
(10255700,1)
(11229500,1)
(4830500,5)
(4193300,20)
(6695000,2)
(6696900,1)
(7255700,1)
(8344700,2)
(10639100,1)
(63100,3)
(9196100,1)
(6750800,6)
(10566200,2)
(198400,355)
(8655200,1)
(6572600,3)
(9567900,1)
(2300500,15)
(9665000,2)
(10115200,1)
(10993800,1)
(7467200,1)
(9572300,3)
(10348400,1)
(1130900,1)
(1312700,1)
(10259300,1)
(10740800,2)
(2043100,2)
(8868600,5)
(1372100,4)
(345000,1)
(10675100,1)
(2974800,2)
(10837100,1)
(9987300,1)
(10894800,2)
(6604000,1)
(3594900,31)
(6447500,1)
(1461200,1)
(10037900,2)
(11166500,1)
(10630000,4)
(10947900,1)
(10685000,1)
(1283000,1)
(10749900,1)
(4994400,6)
(9344600,8)
(6802000,6)
(4188900,24)
(1316300,12)
(212700,4)
(8898300,2)
(4804400,20)
(2771300,4)
(11097200,1)
(1207400,2)
(3197000,1)
(6858900,4)
(6718400,2)
(10313200,1)
(2568900,1)
(5944800,1)
(9522800,1)
(8769600,71)
(2117900,1)
(9609200,1)
(10210600,2)
(11146700,1)
(10161100,1)
(1579200,2)
(2715500,13)
(10006300,1)
(262200,5)
(3517400,1)
(4153700,3)
(3824300,6)
(10412200,3)
(2276300,12)
(1664700,3)
(5533400,1)
(10032400,1)
(7487000,3)
(2499600,1)
(9324800,7)
(8724500,1)
(2339300,111)
(5489400,1)
(9172700,4)
(5408300,3)
(825700,2)
(10318700,1)
(1481000,1)
(10121500,8)
(10902800,1)
(10427600,1)
(9803600,1)
(1804700,6)
(10785900,1)
(1306400,2)
(9126800,1)
(9962000,1)
(9621800,1)
(5889000,3)
(2601100,1)
(2480600,1)
(9467000,3)
(3330100,1)
(9894600,2)
(7394300,3)
(2880200,7)
(9192500,3)
(10506800,1)
(3998100,1)
(9131200,1)
(9166400,5)
(2359100,3)
(11313100,1)
(9214000,2)
(3167300,3)
(5824100,1)
(10437500,1)
(6113900,1)
(9402100,1)
(6526700,1)
(226200,34)
(7229600,2)
(5776500,1)
(2869500,3)
(9334700,1)
(9027800,1)
(2058500,1)
(11027900,1)
(9318500,1)
(9718100,1)
(643900,1)
(8125000,1)
(8827100,8)
(4305800,1)
(1227200,7)
(8605700,3)
(2309600,1)
(4013200,4)
(7235900,1)
(11209700,1)
(6863300,2)
(8358200,1)
(2007100,29)
(4292300,1)
(6774200,4)
(851800,1)
(3329300,1)
(6625700,29)
(6901000,5)
(10052200,1)
(4705400,5)
(4978200,1)
(5970900,1)
(10289000,1)
(1055300,1)
(9749700,2)
(4454300,1)
(9775800,1)
(6813800,1)
(6803900,4)
(1203800,2)
(10473500,1)
(10946000,1)
(43300,7)
(9536300,1)
(10224100,1)
(4999900,3)
(1699900,4)
(6790400,1)
(8795700,41)
(5351600,1)
(4058300,2)
(1514300,25)
(8042200,1)
(1199400,5)
(1170500,16)
(10344800,1)
(2490500,3)
(10576100,1)
(8770400,38)
(1761500,2)
(2132200,6)
(10234000,1)
(9629000,1)
(10884900,1)
(10374500,1)
(2766900,1)
(8936000,41)
(5731400,8)
(9605600,1)
(3361700,3)
(726700,31)
(10062100,1)
(1284900,27)
(9478800,2)
(9245600,1)
(11002600,1)
(10671500,1)
(10182800,1)
(10271900,1)
(1352300,2)
(2953100,8)
(222600,1)
(3933200,1)
(8621900,1)
(2469900,1)
(9219500,4)
(9888300,1)
(9512900,1)
(1149900,13)
(11121400,1)
(3454400,1)
(891400,9)
(10265600,1)
(10260100,1)
(2854100,53)
(2187200,6)
(3231100,4)
(1534100,17)
(4137500,1)
(10279100,1)
(3216800,18)
(5908800,1)
(9912500,2)
(667300,3)
(6936200,2)
(9686700,1)
(8260000,1)
(10760600,1)
(3310300,1)
(8853200,39)
(4711700,2)
(439600,1)
(4490300,5)
(10250200,1)
(9734300,1)
(3558900,31)
(9828900,1)
(6754400,4)
(2127800,2)
(9291500,1)
(9235700,1)
(10487000,1)
(408000,68)
(8957700,11)
(9275300,1)
(622200,35)
(10156700,1)
(8884800,1)
(4626200,22)
(7884900,7)
(1565700,1)
(5420900,5)
(3359000,3)
(9619100,1)
(5355200,1)
(11269100,1)
(1150700,1)
(5480300,11)
(9433700,1)
(10817300,1)
(1393800,1)
(6291800,2)
(8265500,2)
(5475900,1)
(1039100,2)
(4064600,1)
(9790100,1)
(2102500,3)
(4844000,4)
(2479800,7)
(10443800,1)
(321600,1)
(1739000,2)
(2820800,15)
(924700,7)
(4513700,3)
(8536400,1)
(1973000,2)
(9878400,2)
(8308700,1)
(1174100,14)
(903000,4)
(33400,1)
(994000,4)
(2963000,3)
(8942300,1)
(8952200,1)
(9566000,1)
(896900,2)
(6807500,1)
(6562700,4)
(677200,2)
(9724400,1)
(6200,7)
(10586000,1)
(10631900,1)
(194800,19)
(1435100,4)
(1387500,29)
(934600,13)
(9863000,1)
(4167200,1)
(11275400,1)
(673600,3)
(10738100,2)
(9032200,2)
(9501100,4)
(928300,22)
(11093600,1)
(8453600,1)
(9874800,1)
(5673900,80)
(7807400,4)
(3470600,1)
(6641900,1)
(9156500,1)
(9360800,1)
(10026100,1)
(9067400,1)
(5980800,1)
(1159800,1)
(84800,11)
(3339200,4)
(9141100,1)
(1974900,1)
(117300,1)
(9625400,2)
(8552600,1)
(10888500,3)
(8422000,1)
(9864900,1)
(1948800,1)
(7619300,1)
(1451300,1)
(11131300,1)
(10101700,2)
(8906300,1)
(7374500,1)
(10813700,1)
(10042300,2)
(1595400,3)
(6827300,1)
(10823600,1)
(17200,1)
(5003200,1)
(984100,2)
(68600,27)
(5800700,4)
(2314000,2)
(1500800,16)
(3201400,59)
(9542600,1)
(5543300,5)
(1294800,15)
(3414800,18)
(10220500,1)
(9610000,2)
(10562600,2)
(11172800,1)
(6147200,2)
(9186200,1)
(9390500,1)
(8073800,1)
(960700,2)
(2864000,7)
(3547100,1)
(746500,2)
(1000300,4)
(10354700,1)
(10488900,1)
(8303200,1)
(6784100,1)
(11182700,1)
(10200700,2)
(10230400,1)
(8858700,11)
(272100,2)
(5252600,1)
(2697600,5)
(6640000,6)
(1539600,46)
(10453700,1)
(10186400,1)
(2418500,1)
(6704900,9)
(4697400,1)
(9255500,2)
(4187000,5)
(2711900,1)
(1377600,15)
(7639100,1)
(3107900,1)
(10303300,1)
(7368200,2)
(7230400,1)
(7115200,3)
(10146800,1)
(2978400,4)
(10338500,1)
(2157500,11)
(10531000,1)
(4891800,49)
(544900,7)
(1223600,12)
(10629200,2)
(10022500,1)
(8334800,2)
(1828100,1)
(1504400,69)
(1144400,2)
(663700,30)
(7270000,1)
(4800800,1)
(311700,1)
(2829900,1)
(6770600,2)
(5772900,1)
(9073700,1)
(8714600,1)
(4341800,1)
(8926100,3)
(8686800,1)
(10957800,1)
(301800,104)
(1917200,1)
(11151100,1)
(10358300,2)
(4667700,1)
(9760400,1)
(1217300,4)
(1124600,1)
(9251900,1)
(8291600,1)
(766300,2)
(7125100,1)
(6691400,1)
(6724700,3)
(10916300,2)
(9176300,1)
(4246400,1)
(9927900,3)
(8973900,3)
(8987400,5)
(9358100,1)
(1874000,1)
(1674600,33)
(5221000,1)
(4391300,14)
(8261900,1)
(989600,1)
(1880300,1)
(10378100,1)
(2709200,2)
(9368000,1)
(3266300,1)
(3038600,1)
(10734500,1)
(3099900,1)
(2494100,28)
(9532700,2)
(9230200,3)
(8271800,1)
(1179600,3)
(3563300,2)
(1814600,6)
(9413900,1)
(4449900,1)
(1680900,7)
(11261900,1)
(10093700,1)
(2814500,1)
(5721500,2)
(7390700,2)
(599900,1)
(485500,25)
(3064700,1)
(10394300,1)
(9582200,4)
(8977500,1)
(9868500,1)
(1529700,6)
(4438100,1)
(3578700,1)
(1559400,1)
(2840600,3)
(9611900,2)
(3568800,1)
(9447200,1)
(6898500,2)
(1496400,1)
(1302800,2)
(2885700,2)
(9696600,17)
(7279100,1)
(9884700,1)
(5672000,2)
(4163600,1)
(10047800,1)
(1875900,2)
(1818200,14)
(2454500,3)
(1613300,5)
(10240300,1)
(11285300,1)
(4107800,1)
(9744200,1)
(8338400,1)
(9423800,2)
(9379800,1)
(5365100,1)
(5485800,4)
(4870100,5)
(2796600,3)
(10521100,1)
(10368200,1)
(3490400,1)
(568300,1)
(5440700,1)
(10380800,2)
(5885400,5)
(871600,4)
(9101500,3)
(2470700,2)
(2236700,11)
(5964600,1)
(584500,2)
(10827200,1)
(10661600,1)
(8838900,1)
(6894900,1)
(1903700,19)
(4272500,6)
(11204200,1)
(10780400,1)
(1237100,1)
(6780500,4)
(7281800,1)
(10542800,1)
(2282600,6)
(6600400,1)
(8328500,2)
(5495700,1)
(1751600,1)
(9052000,1)
(5948400,2)
(6605900,1)
(2839800,1)
(7536500,1)
(9779400,1)
(3527300,1)
(3990900,2)
(3494000,1)
(10057700,1)
(9714500,1)
(9261800,1)
(9789300,1)
(11042200,1)
(5563100,2)
(10131400,1)
(7037900,2)
(9350900,1)
(7032400,1)
(9853100,1)
(8220400,1)
(9671300,1)
(1326200,15)
(9259100,2)
(10399800,1)
(381000,7)
(10936100,2)
(8318600,1)
(1471100,49)
(10858800,1)
(11057600,1)
(10077500,1)
(5558700,1)
(10432000,1)
(1684500,39)
(6609500,1)
(9708200,1)
(127200,3)
(5038400,1)
(8597700,1)
(3122200,5)
(9463400,1)
(4683900,1)
(2808200,23)
(11026000,1)
(10402300,2)
(5715200,1)
(11291600,1)
(687100,1)
(9215900,1)
(607900,1)
(9105100,4)
(1019300,753)
(5058200,1)
(5958300,1)
(1937000,3)
(2340100,4)
(2167400,2)
(5701700,2)
(3102400,12)
(4964700,5)
(1382000,1)
(7600300,1)
(9587700,1)
(2804600,3)
(6795900,3)
(7057700,1)
(10748000,1)
(1071500,9)
(9858600,1)
(9635300,1)
(11192600,1)
(617800,2)
(8546300,1)
(3984600,1)
(10249400,1)
(2241100,3)
(4048400,2)
(10493300,1)
(5984400,3)
(11196200,1)
(701400,10)
(4408400,17)
(1031900,1)
(3112300,1)
(3094400,1)
(7121500,1)
(1688100,3)
(2078300,5)
(11073800,1)
(6799500,1)
(8789400,1)
(5938500,1)
(7546400,1)
(9281600,1)
(11220400,1)
(7498800,1)
(999500,4)
(1322600,11)
(11235800,1)
(7843400,1)
(9483200,2)
(7291700,1)
(10328600,1)
(9977400,1)
(9384200,2)
(5819700,1)
(10868700,1)
(2090900,2)
(4745000,1)
(1791200,1)
(2622800,6)
(10983900,1)
(8728100,1)
(6645500,4)
(10863200,1)
(6629300,1)
(9146600,1)
(1575600,1)
(10447400,1)
(11016100,1)
(11083700,1)
(5771000,1)
(2414900,1)
(10848900,1)
(58700,1)
(4418300,17)
(10204300,1)
(2830700,97)
(3058400,2)
(1509900,1)
(5391200,6)
(10898400,1)
(7962200,1)
(1643000,7)
(277600,1)
(10457300,1)
(1184000,4)
(1189500,3)
(8407700,2)
(2943200,2)
(9967500,1)
(4074500,1)
(7378100,1)
(5870000,1)
(3385100,22)
(10433900,1)
(11271800,1)
(4881900,1)
(8833400,1)
(1705700,4)
(6779700,2)
(1035500,1)
(37000,2)
(7101700,1)
(2765000,1)
(969800,2)
(10229600,1)
(5309300,1)
(10285400,1)
(10807400,1)
(2860400,5)
(9728000,1)
(4869300,1)
(2616500,12)
(7516700,2)
(8817200,2)
(6759900,1)
(1838000,1)
(9843200,1)
(5782800,9)
(9364400,1)
(9906200,2)
(6728300,3)
(10364600,1)
(7285400,1)
(3907100,1)
(8610100,1)
(8848800,16)
(2098100,7)
(3489600,1)
(1195800,19)
(7260100,1)
(1988400,1)
(9399600,1)
(1086900,1)
(9898200,1)
(5060900,2)
(849100,1)
(4444400,1)
(10166600,2)
(11214100,1)
(455800,41)
(9764000,1)
(6505000,2)
(11295200,1)
(1545900,2)
(3903500,2)
(6883100,2)
(4330000,1)
(9240100,1)
(148900,4)
(3480500,2)
(1907300,1)
(4701800,3)
(10962200,1)
(8912600,1)
(3913400,1)
(10556300,1)
(9754100,1)
(4819800,2)
(3731600,3)
(11200600,1)
(2523800,1)
(10171000,1)
(940900,2)
(10235900,2)
(3899100,1)
(9770300,1)
(3885600,1)
(6615800,1)
(7358300,2)
(7417700,1)
(9759600,1)
(2252900,2)
(8843300,1)
(9412000,1)
(9720800,1)
(6734600,1)
(429700,3)
(8259200,1)
(653800,39)
(9922400,1)
(1850600,10)
(3351800,31)
(10853300,1)
(4954800,3)
(7443800,1)
(2998200,1)
(10795800,1)
(9666900,1)
(10952300,1)
(7597800,1)
(8609300,1)
(4980900,1)
(9645200,1)
(10922600,1)
(10906400,1)
(1160600,14)
(8932400,1)
(10073900,1)
(4206800,102)
(153300,25)
(5594700,7)
(8863100,2)
(3341900,25)
(9730700,1)
(938200,14)
(742900,47)
(88400,5)
(1775000,2)
(8744300,1)
(38900,17)
(1510700,25)
(2448200,1)
(602400,3)
(995900,3)
(8837000,4)
(10136900,1)
(9597600,1)
(10665200,1)
(9963900,1)
(9225800,1)
(133500,1)
(3928800,1)
(10572500,1)
(9765900,3)
(4693800,1)
(7370900,1)
(7780400,2)
(1834400,1)
(10972100,1)
(2256500,4)
(3404900,2)
(7437500,1)
(247900,1)
(2547200,1)
(3391400,2)
(9916100,3)
(11281700,1)
(8370800,1)
(508900,1)
(4523600,4)
(3345500,2)
(10125100,1)
(4329200,1)
(10708400,1)
(10192700,1)
(2903600,18)
(1091300,1)
(10605800,1)
(11087300,1)
(959900,1)
(9308600,1)
(2246600,1)
(1519800,1)
(1668300,1)
(3495900,1)
(414300,1)
(5537000,1)
(2320300,1)
(440400,70)
(9498600,2)
(8813600,2)
(7784000,1)
