(178400,1)
(8884600,1)
(10922400,1)
(9136500,1)
(4725000,1)
(10651500,1)
(153100,74)
(3553200,1)
(7587700,1)
(242200,15)
(7017900,1)
(9318300,1)
(11265300,1)
(8894500,2)
(1363900,41)
(1431300,11)
(9760200,1)
(3221000,1)
(1964800,8)
(8997100,2)
(4329000,1)
(673400,1)
(5418000,16)
(2137500,12)
(1342200,1)
(9498400,1)
(2102300,5)
(8843100,28)
(534800,37)
(4074300,2)
(10057500,1)
(10176300,1)
(2266200,1)
(6615600,4)
(8304900,1)
(10250000,1)
(5726800,1)
(6562500,2)
(10848700,1)
(9833100,1)
(9937600,1)
(6734400,1)
(10572300,1)
(9542400,2)
(1953000,2)
(637400,1)
(736400,1)
(2503800,1)
(5721300,5)
(2090700,1)
(891200,2)
(1684300,1)
(8047500,1)
(127000,1)
(7364400,2)
(3147300,3)
(9775600,1)
(10843200,1)
(10997200,3)
(5776300,1)
(6620000,11)
(301600,1)
(376400,7)
(7318500,1)
(5944600,1)
(9843000,1)
(9572100,1)
(10126800,1)
(5850000,2)
(8394000,1)
(11093400,1)
(1332300,20)
(8739700,2)
(10629000,1)
(9917800,1)
(7111400,1)
(9730500,1)
(2968300,1)
(8952000,1)
(8833200,1)
(2339100,2)
(3256200,1)
(1347700,2)
(11073600,1)
(9172500,1)
(9907900,14)
(3396700,3)
(11176200,1)
(8696500,1)
(9808900,1)
(2642400,1)
(9546000,3)
(9587500,1)
(1446700,4)
(9364200,1)
(1529500,9)
(9947500,1)
(4792600,2)
(9593800,2)
(10888300,1)
(3386800,41)
(8344500,8)
(9229200,1)
(2310200,3)
(10708200,1)
(10172700,1)
(5881600,1)
(7413900,1)
(5252400,4)
(9807000,1)
(84600,15)
(6878500,1)
(2078100,3)
(9791800,3)
(954200,3)
(2242800,18)
(10328400,1)
(6048000,1)
(10261800,2)
(10878400,1)
(10973800,1)
(3855700,1)
(237800,2)
(10364400,1)
(7858600,1)
(10083600,1)
(8813400,29)
(11162700,1)
(9265200,1)
(896700,1)
(9605400,1)
(10249200,1)
(10760400,1)
(2201300,2)
(1288300,2)
(11126700,2)
(8308500,3)
(8937700,1)
(9656800,1)
(4705200,7)
(1670800,8)
(8902500,5)
(7567900,1)
(9417300,1)
(7427400,2)
(5300000,1)
(8858500,1)
(10963900,1)
(2834100,1)
(13400,14)
(4464000,1)
(4157100,2)
(9557800,1)
(3222900,13)
(8744100,1)
(10686700,1)
(7271700,1)
(9547900,1)
(6522900,1)
(3122000,1)
(4786300,1)
(4974400,4)
(8754000,1)
(7789300,1)
(3786400,4)
(7511000,1)
(6610100,128)
(3495700,5)
(5617900,5)
(2329200,18)
(4979900,24)
(2286000,1)
(9666700,2)
(9577600,1)
(9601800,1)
(7402100,1)
(9532500,1)
(4711500,1)
(10380600,1)
(10493100,1)
(1061400,43)
(9473100,2)
(969600,4)
(10587700,1)
(9780000,1)
(9724200,1)
(8977300,1)
(1804500,3)
(10582200,1)
(8567800,1)
(7433700,3)
(8605500,2)
(10740600,2)
(11261700,1)
(8957500,2)
(9696400,1)
(2474100,1)
(3934900,2)
(3266100,1)
(2375100,1)
(9413700,8)
(3568600,2)
(3923100,6)
(1561900,54)
(8898100,2)
(2537100,8)
(10625400,2)
(10720800,3)
(4756600,10)
(10215900,1)
(3089800,2)
(8625300,1)
(10291500,1)
(7457100,1)
(949800,8)
(3173400,15)
(4137300,10)
(5408100,22)
(5602500,1)
(11225700,1)
(9379600,2)
(10600100,1)
(8993500,5)
(6516600,12)
(3548800,1)
(1514100,10)
(622000,1)
(1786600,5)
(2309400,12)
(4024800,21)
(3127500,8)
(6858700,2)
(10987300,1)
(6759700,1)
(9443400,2)
(11209500,1)
(8916000,1)
(8817000,1)
(2725200,1)
(9427200,1)
(11240000,1)
(4325400,1)
(2023100,2)
(6936000,24)
(94500,90)
(1719000,1)
(3331800,1)
(1819900,6)
(11229300,1)
(1500600,46)
(9453300,1)
(4574800,1)
(3084300,1)
(3563100,1)
(10927900,1)
(6770400,1)
(11281500,1)
(3440700,1)
(5489200,2)
(1540200,3)
(1525900,7)
(8704500,1)
(64800,8)
(194600,367)
(1581700,1)
(7610000,1)
(5038200,1)
(7516500,1)
(2814300,1)
(1306200,3)
(1628500,2)
(1791000,1)
(4830300,2)
(1755000,2)
(6906300,2)
(1482700,17)
(8917900,7)
(10967500,1)
(4627900,13)
(1357600,2)
(9963700,1)
(9324600,1)
(10799200,1)
(999300,5)
(9890800,1)
(2913300,1)
(9512700,3)
(1462900,1)
(10390500,1)
(449300,26)
(1316100,2)
(7399600,1)
(7619100,1)
(904700,1)
(8983600,1)
(414100,9)
(6730800,4)
(5964400,4)
(8686600,1)
(4480200,9)
(8374200,1)
(10807200,1)
(5361300,1)
(2869300,8)
(10412000,1)
(2938600,6)
(3499300,1)
(1776700,1)
(9187900,1)
(10166400,1)
(3058200,2)
(4626000,15)
(8710800,1)
(2133900,1)
(9389500,2)
(1120800,1)
(10209600,1)
(875000,576)
(9997000,1)
(9261600,2)
(9403800,1)
(10488700,1)
(10285200,1)
(3060900,4)
(3309300,21)
(8453400,1)
(10546200,1)
(5301900,1)
(372800,3)
(2693800,4)
(226000,5)
(5772700,1)
(6619200,1)
(1081200,1)
(23300,25)
(386300,5)
(9344400,1)
(6728100,4)
(2766700,1)
(9858400,2)
(9043800,3)
(9506400,1)
(10314900,1)
(599700,1)
(10265400,1)
(10775800,1)
(643700,39)
(11043900,1)
(11105000,1)
(558200,3)
(4440600,3)
(9349900,6)
(10097100,2)
(1850400,72)
(6407700,4)
(3584800,3)
(8803500,4)
(3533400,1)
(1159600,2)
(1721700,7)
(8691000,1)
(10235700,1)
(2612700,1)
(90900,1)
(3928600,1)
(8769400,96)
(6000,171)
(10947700,1)
(3351600,31)
(5490000,1)
(5974300,1)
(9682900,1)
(8828800,30)
(424000,4)
(9744000,1)
(9779200,2)
(1559200,2)
(5391000,1)
(3970900,2)
(5819500,1)
(1130700,3)
(11275200,1)
(10002500,1)
(1096600,49)
(1238800,1)
(2117700,1)
(4211000,1)
(3918700,6)
(1160400,10)
(8912400,6)
(1613100,6)
(5475700,1)
(4964500,1)
(5830200,1)
(6600200,3)
(1539400,1)
(10360800,1)
(10759600,1)
(11063700,1)
(3573000,5)
(10769500,2)
(9219300,19)
(7597600,1)
(4167000,3)
(10562400,1)
(7823400,3)
(1456600,3)
(10641600,1)
(11230100,1)
(9132900,1)
(17000,114)
(9162600,2)
(9813300,2)
(1165900,53)
(7562400,1)
(3117600,4)
(10379800,1)
(9116700,4)
(7073700,1)
(1426900,14)
(11241900,1)
(8864800,15)
(2276100,2)
(3232800,1)
(1928800,3)
(1575400,1)
(4408200,2)
(1766800,1)
(7269000,2)
(7582200,1)
(970400,3)
(1139800,6)
(1258600,1)
(10828900,1)
(6526500,21)
(481700,178)
(10131200,1)
(4439800,1)
(10219500,1)
(10457100,1)
(11007900,1)
(4470300,1)
(4845700,13)
(3662100,1)
(267500,83)
(9878200,3)
(9350700,3)
(5578300,4)
(10937800,1)
(742700,11)
(4538800,1)
(9803400,1)
(1624900,1)
(11259000,1)
(9156300,1)
(2527200,1)
(6937900,7)
(10942200,1)
(4449700,5)
(1451100,4)
(1844100,4)
(11111300,1)
(9483000,4)
(3574900,1)
(10609200,2)
(3070800,1)
(10635300,1)
(2771100,2)
(1169500,1)
(8987200,1)
(3434400,1)
(10567900,1)
(10744200,1)
(10269000,1)
(9759400,2)
(4913100,2)
(9739600,1)
(5746600,4)
(247700,8)
(3206700,2)
(10912500,1)
(2459800,1)
(10789300,1)
(9437100,10)
(4578400,3)
(3099700,2)
(3153600,5)
(1217100,1)
(1233300,3)
(3989900,1)
(3683800,1)
(8967400,1)
(5815900,2)
(1195600,1)
(227900,1)
(10655100,1)
(5616000,9)
(6521000,2)
(6511100,3)
(2147400,2)
(886800,53)
(9255300,1)
(11146500,1)
(7676800,1)
(11295000,1)
(2881900,1)
(7042100,1)
(4206600,8)
(1705500,6)
(10714500,1)
(2044800,5)
(7412000,1)
(7467000,1)
(940700,1)
(10156500,1)
(8403900,1)
(188300,1)
(2033000,2)
(7546200,5)
(3193200,4)
(7483200,1)
(8791900,1)
(4726900,2)
(4994200,4)
(8542500,1)
(10037700,1)
(584300,8)
(10271700,1)
(5351400,2)
(382700,34)
(58500,4)
(10666900,1)
(8922300,1)
(3391200,3)
(3112100,2)
(3454200,27)
(277400,1)
(693200,4)
(3003200,4)
(9745900,2)
(4796200,1)
(6691200,1)
(5003000,34)
(1679900,1)
(7780200,1)
(4090500,4)
(11116800,1)
(11235600,1)
(1954900,2)
(9399400,2)
(8615400,1)
(11077200,1)
(825500,9)
(4824000,1)
(2490300,2)
(4814100,2)
(8251800,3)
(6696700,1)
(6833400,3)
(6631800,27)
(9973600,1)
(2177100,26)
(4143600,3)
(3913200,1)
(232300,5)
(10512900,1)
(4044600,5)
(10993600,1)
(7506600,1)
(5835700,5)
(9002300,1)
(9567700,1)
(1175800,1)
(1524000,1)
(9354300,1)
(1741500,2)
(9360600,1)
(8853000,1)
(9022100,7)
(4305600,1)
(7453500,4)
(9484900,1)
(1029000,2)
(1709100,1)
(8229300,2)
(7295100,1)
(10087200,1)
(10597600,1)
(10067400,1)
(4168900,14)
(2428200,4)
(3246300,1)
(7215900,1)
(7542600,3)
(938000,3)
(6724500,1)
(6546300,1)
(8303000,1)
(959700,11)
(3068100,1)
(5479300,41)
(11204000,1)
(3013100,1)
(2954800,3)
(2282400,19)
(10463400,1)
(9106800,1)
(6738000,4)
(8328300,1)
(7136700,4)
(2424600,1)
(8823300,1)
(9720600,1)
(10370700,1)
(960500,1)
(1859500,2)
(5632200,27)
(10728000,1)
(8770200,2)
(8593900,1)
(3988000,1)
(9719800,3)
(4819600,1)
(107200,7)
(5994100,1)
(9708000,1)
(1253100,2)
(9304800,1)
(9433500,1)
(11196000,1)
(9296800,4)
(3282300,26)
(10210400,1)
(10704600,1)
(2107800,1)
(7556100,2)
(10770300,1)
(8927800,1)
(10027800,1)
(3474000,5)
(11303000,1)
(2272500,1)
(396200,1)
(10542600,2)
(5796100,3)
(8239200,8)
(4386700,1)
(10790100,1)
(11192400,1)
(10823400,1)
(3381300,1)
(5865400,1)
(2070900,1)
(8947600,1)
(8874700,2)
(10017900,1)
(10785700,1)
(3038400,1)
(9502800,1)
(3438000,1)
(11037600,1)
(1425000,1)
(1756900,1)
(5517000,1)
(10957600,2)
(168500,3)
(68400,1)
(11047500,1)
(10779400,1)
(6760500,1)
(1870200,2)
(10926000,2)
(4454100,1)
(10295100,1)
(7501100,1)
(8473200,1)
(9166200,2)
(8854900,1)
(9734100,1)
(10423800,1)
(6942300,1)
(7374300,3)
(439400,13)
(10838800,1)
(1968400,1)
(3320000,13)
(293600,85)
(9516300,1)
(2652300,1)
(9943900,2)
(1571800,1)
(9874600,1)
(10324800,1)
(2450700,2)
(995700,2)
(2933100,1)
(5429800,3)
(934400,17)
(2781000,1)
(4465900,1)
(2808000,3)
(6532800,2)
(1019100,2)
(9645000,1)
(3439900,1)
(10813500,1)
(1000100,6)
(9582000,1)
(2153700,2)
(10615500,1)
(5558500,1)
(3272400,1)
(5970700,1)
(1948600,1)
(6817200,1)
(8775700,1)
(4527000,6)
(9047400,5)
(9957400,1)
(4414500,23)
(2305800,4)
(1690600,1)
(4444200,2)
(7093500,6)
(9468700,1)
(9651300,1)
(5752900,2)
(9447000,2)
(2449900,2)
(2089900,2)
(7390500,3)
(8536200,1)
(11057400,1)
(4958200,1)
(9615300,1)
(9740400,1)
(10275300,5)
(9308400,1)
(9709900,2)
(3335400,1)
(117100,4)
(752600,16)
(18900,273)
(10754100,1)
(8043900,3)
(1144200,2)
(8219400,1)
(4989800,1)
(9714300,1)
(1114500,3)
(9641400,2)
(6754200,6)
(10691100,1)
(3537000,1)
(1228900,2)
(2418300,1)
(3414600,1)
(5829400,1)
(9681000,1)
(1879300,3)
(9844900,1)
(10977400,1)
(198200,7)
(8676700,1)
(1393600,1)
(10817100,1)
(9275100,2)
(10863000,1)
(2513700,1)
(9192300,1)
(602200,7)
(9241800,1)
(7251900,1)
(8973700,1)
(3300200,2)
(2345400,1)
(11017800,1)
(5667400,1)
(7572300,3)
(10795600,1)
(2721600,1)
(8358000,1)
(10483200,1)
(9197800,2)
(524900,1)
(2819800,2)
(9186000,1)
(9334500,1)
(8838700,36)
(10577800,1)
(5716900,6)
(7740600,1)
(663500,16)
(2206800,6)
(9407400,2)
(10006100,1)
(1185700,12)
(9251700,4)
(6789400,1)
(4903200,1)
(1213500,1)
(1880100,1)
(10146600,1)
(1792900,1)
(10671300,1)
(1530300,2)
(5820300,1)
(2386900,4)
(10536300,1)
(11291400,1)
(2469700,1)
(722900,60)
(3355200,1)
(924500,1)
(10661400,1)
(10696600,4)
(9526200,1)
(455600,42)
(7437300,1)
(3044700,1)
(10369900,1)
(1203600,1)
(1150500,73)
(8795500,4)
(2907000,1)
(2711700,2)
(9374100,1)
(9621600,1)
(4860000,4)
(10506600,1)
(10765900,1)
(677000,73)
(8890900,1)
(2068200,4)
(4365000,46)
(11083500,1)
(653600,11)
(7407600,1)
(409700,21)
(2839600,1)
(404200,21)
(148700,3)
(9661200,1)
(9087000,1)
(11042000,2)
(10467000,1)
(10073700,4)
(6807300,2)
(1278400,3)
(1595200,2)
(6714600,11)
(3588400,5)
(8220200,1)
(6769600,2)
(4829500,18)
(1535800,1)
(8364300,2)
(11219400,1)
(2978200,1)
(11156400,1)
(5948200,1)
(5950900,1)
(6898300,3)
(6324900,1)
(10676800,1)
(5814000,21)
(861500,1)
(2998000,21)
(2964700,1)
(4809700,3)
(10318500,1)
(2715300,1)
(9795400,1)
(10402100,1)
(10186200,2)
(2400,3)
(10511000,2)
(6888400,3)
(9330900,2)
(9225600,1)
(3895300,1)
(4697200,1)
(9785500,1)
(9215700,7)
(10042100,1)
(10394100,1)
(8609100,1)
(2074500,1)
(5804100,34)
(8592000,3)
(10115000,1)
(1009200,1)
(10077300,1)
(10334700,2)
(9249000,2)
(8755900,1)
(7750500,1)
(3018600,1)
(7370700,1)
(7900,2)
(8395900,1)
(5715000,1)
(9646900,1)
(10566000,1)
(1179400,20)
(10724400,1)
(1715400,105)
(9818800,1)
(3341700,1)
(6542700,5)
(7566000,2)
(10105100,1)
(4558600,1)
(8314800,2)
(8271600,4)
(7379800,1)
(3479500,1)
(3428100,2)
(2891800,1)
(3376900,2)
(10204100,1)
(1565500,43)
(1051500,18)
(9597400,1)
(1011900,3)
(2088000,5)
(1190100,4)
(5028300,2)
(1170300,131)
(579900,1)
(6686800,20)
(10710900,1)
(10093500,1)
(8597500,2)
(9625200,1)
(5355000,9)
(4673800,4)
(6587800,4)
(11006000,1)
(9983500,2)
(10478800,1)
(212500,6)
(4475800,21)
(2434500,9)
(4523400,1)
(54900,154)
(538400,1)
(1128000,1)
(11131100,1)
(10447200,1)
(1284700,1)
(1585300,5)
(1520400,1)
(1302600,4)
(528500,2)
(9700800,7)
(8749600,5)
(9384000,1)
(9053700,1)
(8619000,2)
(9205800,2)
(9993400,1)
(10308600,1)
(7884700,2)
(9888100,1)
(5594500,2)
(78300,5)
(3517200,1)
(10350900,1)
(975900,1)
(10032200,2)
(548300,1)
(3616200,1)
(4564900,1)
(8807100,46)
(1638400,24)
(4178800,1)
(1387300,8)
(9922200,1)
(9884500,2)
(1298200,1)
(9953800,1)
(5871700,1)
(11097000,1)
(7817100,1)
(10983700,1)
(2809900,1)
(1189300,2)
(3345300,6)
(989400,2)
(10764000,1)
(10230200,1)
(2990800,1)
(4667500,1)
(7115000,1)
(1938700,3)
(3903300,2)
(9781900,1)
(6827100,2)
(10384200,1)
(10739800,1)
(4984300,1)
(4198600,1)
(2325600,2)
(732800,4)
(2335500,2)
(4970800,1)
(4391100,18)
(4183200,7)
(10453500,1)
(11285100,1)
(4147200,1)
(10932300,1)
(8760300,1)
(273800,2)
(5895100,9)
(1504200,12)
(1680700,5)
(8350800,1)
(11239200,1)
(9750300,1)
(4701600,2)
(2112200,12)
(7526400,2)
(1223400,2)
(8340900,1)
(5968000,1)
(1984600,32)
(6803700,1)
(5891500,46)
(1660900,1)
(6609300,1)
(10152900,1)
(9152700,1)
(1519600,1)
(10348200,2)
(6779500,2)
(6813600,1)
(2908900,1)
(9987100,5)
(3024900,1)
(2080800,36)
(11251800,1)
(10552500,1)
(10827000,1)
(1839700,24)
(2662200,39)
(2495800,1)
(3211100,1)
(8740500,1)
(4513500,3)
(7052000,1)
(8848600,8)
(3485800,1)
(10281600,1)
(9359800,1)
(2840400,1)
(9868300,1)
(1849600,86)
(297200,1)
(2300300,1)
(1569100,1)
(1700000,2)
(7488700,1)
(10220300,1)
(6916200,3)
(3558700,1)
(6556200,1)
(6932400,3)
(7116900,2)
(7423800,2)
(6635400,2)
(10884700,1)
(2198800,3)
(3994300,2)
(9037500,1)
(10516500,1)
(4459600,1)
(8334600,1)
(8780100,1)
(11314800,1)
(1509700,51)
(8953900,5)
(9093300,5)
(1415100,1)
(5064300,1)
(4272300,1)
(11186100,1)
(6629100,7)
(5554900,23)
(11215800,1)
(2320100,1)
(8888200,4)
(11141000,2)
(3938500,2)
(2132000,1)
(10259100,1)
(9348000,5)
(10245600,1)
(7493100,1)
(10556100,1)
(2804400,1)
(7146600,4)
(9755800,3)
(9101300,1)
(2855800,1)
(4859200,1)
(10255500,1)
(53000,9)
(10354500,1)
(10734300,1)
(5058000,1)
(2058300,1)
(570800,6)
(683300,1)
(4948300,2)
(10407600,1)
(3277900,2)
(43100,48)
(4013000,1)
(2479600,6)
(7281600,2)
(1699700,5)
(6576000,5)
(6577900,1)
(11106900,1)
(11308500,1)
(6708300,2)
(3252600,1)
(8779300,1)
(10182600,1)
(9583900,1)
(9281400,3)
(9906000,1)
(9032000,2)
(5480100,1)
(1674400,3)
(6823500,1)
(9111200,9)
(8037600,1)
(9967300,1)
(9063600,2)
(2885500,96)
(9369700,4)
(1678000,1)
(5356900,1)
(11002400,1)
(10864900,3)
(7552500,1)
(216100,279)
(5731200,6)
(9220100,1)
(2396800,3)
(430300,10)
(9230000,1)
(10750500,2)
(3198700,1)
(10196100,1)
(10833300,1)
(5751000,1)
(7126800,5)
(10532700,1)
(7057500,1)
(9142800,2)
(5701500,2)
(10389700,1)
(3310100,4)
(2187000,2)
(2879200,2)
(2958400,3)
(5825800,1)
(10016000,1)
(8582100,1)
(4820400,1)
(4242600,3)
(580700,1)
(11245500,1)
(721000,2)
(262000,5)
(133300,244)
(9977200,1)
(3507300,1)
(2444400,6)
(2705400,1)
(2440800,2)
(11296900,1)
(3329100,1)
(617600,49)
(4222800,1)
(392600,4)
(11101400,1)
(6506700,1)
(647300,2)
(10012400,2)
(2122100,1)
(11152800,1)
(410500,2)
(5622300,1)
(10681200,1)
(1701900,1)
(7328400,1)
(10631700,1)
(10621800,2)
(8942100,1)
(8868400,2)
(287300,11)
(10433700,1)
(9729700,1)
(8818900,2)
(10344600,4)
(8413800,1)
(11182500,1)
(5277700,1)
(1164000,21)
(908300,1)
(2331900,2)
(440200,7)
(914600,36)
(9423600,1)
(9838600,1)
(10906200,1)
(9749500,1)
(8546100,1)
(10437300,1)
(5875300,2)
(1367500,37)
(3933000,1)
(7592100,2)
(10898200,1)
(8799100,2)
(3469600,5)
(7795600,1)
(8042000,1)
(3885400,9)
(11053800,1)
(4193100,28)
(6582300,12)
(11027700,1)
(4232700,1)
(3578500,1)
(6597700,4)
(4410900,44)
(4865500,1)
(10874800,1)
(485300,50)
(346700,4)
(10240100,1)
(5736700,14)
(10368000,1)
(10192500,1)
(9448900,1)
(9210200,1)
(9927700,1)
(6790200,1)
(9291300,1)
(11304900,1)
(206200,12)
(9385900,2)
(10116900,1)
(5513400,1)
(7285200,1)
(3736900,1)
(6645300,8)
(7447200,4)
(787800,7)
(11012300,1)
(2381400,8)
(4048200,1)
(3107700,1)
(10952100,1)
(9710700,1)
(10853100,1)
(2903400,1)
(5434200,1)
(766100,5)
(4212900,1)
(3078000,5)
(11166300,1)
(10111400,1)
(10151000,1)
(5420700,3)
(10047600,1)
(2558800,1)
(3064500,1)
(2860200,15)
(6536400,1)
(964100,1)
(6676900,1)
(2672100,5)
(1735200,2)
(7121300,1)
(1555600,1)
(3860100,1)
(5980600,6)
(6379900,1)
(4117500,1)
(2341800,2)
(9131000,2)
(10053900,1)
(9231900,1)
(9314700,1)
(6774000,6)
(4107600,2)
(9611700,1)
(8734200,1)
(9200300,1)
(6764100,1)
(2143800,6)
(3470400,4)
(7250000,2)
(10239300,2)
(8750400,1)
(6780300,1)
(2880000,2)
(2677600,1)
(4944700,1)
(7380600,3)
(7512900,13)
(1021800,42)
(1618600,1)
(544700,7)
(11205900,1)
(9458800,1)
(10526400,1)
(1015500,2)
(10303100,1)
(11200400,1)
(4954600,4)
(10610000,1)
(627500,52)
(257600,6)
(4584700,1)
(7047600,1)
(9012200,3)
(10645200,1)
(5568400,1)
(4800600,14)
(9380400,1)
(3177000,1)
(10902600,1)
(9478600,1)
(9770100,2)
(10803600,1)
(5810400,1)
(5741100,2)
(11249100,1)
(10962000,1)
(6799300,6)
(9286900,3)
(7067400,7)
(10121300,2)
(2646000,1)
(1322400,10)
(3321900,3)
(1958500,1)
(6775900,2)
(4099600,130)
(9245400,1)
(3489400,1)
(6704700,6)
(9340800,1)
(445700,3)
(8259000,1)
(6838900,1)
(2460600,1)
(3201200,36)
(8963800,2)
(222400,3)
(1086700,2)
(10729900,2)
(9235500,1)
(2810700,1)
(1800900,2)
(839000,3)
(10229400,1)
(9033900,10)
(4960900,24)
(6926100,3)
(950600,7)
(10749700,1)
(5673700,2)
(6739900,3)
(1545700,20)
(7261800,1)
(38700,5)
(6572400,1)
(1180200,1)
(4662000,1)
(9692800,1)
(10916100,1)
(6947800,1)
(4404600,3)
(33200,4)
(8720700,1)
(8789200,3)
(9328200,9)
(9017700,7)
(10338300,1)
(2349000,1)
(1091100,3)
(3450600,2)
(8324700,1)
(9704400,1)
(8498500,1)
(4835800,7)
(3984400,2)
(9209400,1)
(633800,8)
(7151000,1)
(10200500,3)
(10522800,1)
(88200,5)
(1436800,12)
(1810800,1)
(7368000,1)
(1066900,2)
(10718100,1)
(252100,2)
(1472800,34)
(3459700,1)
(4891600,6)
(9395800,1)
(5048100,4)
(10399600,1)
(5008500,8)
(3475900,1)
(9027600,1)
(2188900,1)
(10665000,9)
(9536100,1)
(3990700,1)
(103600,1)
(594200,65)
(4450500,2)
(9894400,1)
(48600,46)
(10225800,1)
(1814400,1)
(11255400,1)
(7609200,1)
(6665100,1)
(9463200,2)
(10780200,1)
(3964600,46)
(10501100,1)
(1603200,6)
(3527100,2)
(9126600,2)
(10063800,1)
(3375000,2)
(4123800,2)
(9631500,1)
(4840200,1)
(8437200,1)
(4460400,3)
(9271500,1)
(11067300,1)
(9073500,1)
(9880900,2)
(2464200,3)
(9676600,2)
(3034800,1)
(3490200,1)
(7291500,1)
(6884800,4)
(9007800,3)
(7611900,1)
(1055100,3)
(6795700,1)
(8296900,2)
(9848500,2)
(5553000,1)
(1560000,1)
(564500,6)
(9828700,1)
(8348100,1)
(2454300,6)
(2391300,1)
(9098800,1)
(9899900,1)
(6621900,2)
(9239100,1)
(4861900,1)
(8790000,46)
(1875700,1)
(6785800,3)
(10358100,2)
(9942000,1)
(9902400,1)
(9609000,1)
(420400,3)
(9083400,1)
(9864700,1)
(4895200,19)
(2830500,1)
(1834200,1)
(9562200,1)
(4499200,2)
(1140600,26)
(2517300,2)
(2064600,4)
(2256300,1)
(9088900,1)
(1907100,4)
(10592100,1)
(9390300,1)
(10730700,1)
(980300,2)
(9686500,1)
(7916100,3)
(10605600,5)
(2236500,31)
(855200,4)
(8692900,1)
(1149700,3)
(8275200,2)
(3365100,163)
(1829800,15)
(1035300,1)
(1978300,21)
(8785600,2)
(4503600,4)
(10413900,4)
(10251900,1)
(503200,1)
(10619100,1)
(10374300,1)
(5960800,1)
(4469500,1)
(4133700,1)
(2385000,9)
(4652100,1)
(429500,30)
(10417500,1)
(4804200,1)
(9488500,1)
(10101500,1)
(2578600,2)
(9067200,4)
(8878300,1)
(419600,5)
(2647900,23)
(11210300,1)
(7220300,1)
(5222700,1)
(7141100,1)
(985800,17)
(5400900,1)
(28800,7)
(9932100,1)
(1025400,8)
(3315600,4)
(6750600,2)
(9898000,2)
(9077100,2)
(10868500,1)
(974000,1)
(9671100,1)
(4533300,91)
(8932200,1)
(11271600,1)
(4479400,1)
(1918900,1)
(1634800,45)
(450100,281)
(9769300,1)
(7032200,1)
(10427400,1)
(2094300,1)
(9146400,1)
(4839400,1)
(8765800,3)
(9765700,1)
(6749800,2)
(3094200,1)
(5459500,2)
(3480300,615)
(9338100,9)
(10022300,1)
(11136600,2)
(667100,34)
(1227000,1)
(726500,5)
(9522600,3)
(9285000,1)
(3262500,2)
(8552400,1)
(4080600,1)
(10611900,1)
(590600,1)
(7813500,1)
(9789100,1)
(10498600,2)
(3424500,1)
(6566100,11)
(11220200,1)
(9823200,1)
(9494800,1)
(11032100,1)
(4978000,6)
(7389700,1)
(98100,23)
(9182400,14)
(9912300,1)
(10468900,1)
(9121100,5)
(7532700,1)
(9635100,1)
(9370500,1)
(10136700,1)
(2786500,1)
(8483100,1)
(8360700,2)
(11121200,1)
(7898200,3)
(7522800,3)
(11098900,1)
(1071300,1)
(10141100,1)
(9854800,4)
(5969900,1)
(11022200,2)
(2315700,3)
(10858600,1)
(835400,1)
(2845900,1)
(1608700,1)
(1124400,1)
(5371200,1)
(746300,4)
(3325500,5)
(1510500,70)
(8906100,16)
(3652200,4)
(9552300,1)
(1065000,8)
(7615500,1)
(523000,5)
(3460500,2)
(8295000,3)
(7162800,1)
(2099800,1)
(10052000,1)
(11087100,1)
(2895400,3)
(1496200,1)
(9176100,1)
(11142900,1)
(5491900,1)
(11172600,1)
(10214000,1)
(1923300,2)
(6902700,3)
(7053900,1)
(9799000,1)
(6718200,1)
(10894600,1)
(2292300,4)
(10313000,1)
(9057300,1)
(8265300,2)
(7478800,1)
(3023000,1)
(4869100,3)
(3503700,1)
(560900,1)
(11197900,1)
(3276000,5)
(10443600,1)
(3008700,23)
(1917000,2)
(568100,15)
(2246400,1)
