(967200,1)
(8919100,3)
(11312400,1)
(3077500,1)
(9100,36)
(9268300,1)
(10975000,1)
(5526400,1)
(5708200,1)
(11217000,1)
(11290900,1)
(9472600,1)
(10925500,1)
(10268500,2)
(3526600,3)
(5813500,1)
(10066900,1)
(10228900,1)
(9228700,1)
(9254800,2)
(9139600,1)
(1321900,1)
(10179400,2)
(6585400,9)
(10535800,2)
(10882300,1)
(5600100,1)
(5412000,19)
(1480300,37)
(7253100,4)
(11091000,1)
(2888600,19)
(9893900,1)
(4562500,2)
(10466500,1)
(10010000,1)
(2291800,1)
(2501400,7)
(3993800,1)
(9280900,2)
(8976800,1)
(8892100,1)
(9405000,2)
(4259200,2)
(10486300,1)
(11076700,1)
(1216600,5)
(9743500,2)
(10160400,2)
(7066900,1)
(3457300,2)
(10965100,1)
(10051500,1)
(3032400,10)
(1677500,2)
(9887600,1)
(2244000,2)
(46200,198)
(5053900,1)
(9618400,1)
(9836200,1)
(4417600,43)
(4067500,1)
(4962100,2)
(9867800,1)
(10139800,1)
(1602700,5)
(5609200,8)
(3093700,2)
(937500,28)
(1857100,1)
(340700,3)
(7482700,1)
(136400,6)
(4641700,1)
(9207000,5)
(2629300,5)
(2982100,1)
(9181900,2)
(2807500,1)
(1355200,1)
(9218800,1)
(3131400,1)
(9608500,1)
(7560000,2)
(8581600,1)
(7826500,80)
(5364400,2)
(9357400,1)
(9134100,1)
(2432100,4)
(6633000,1)
(5817100,3)
(5730700,6)
(2270100,1)
(52500,26)
(2675200,1)
(8298100,1)
(9852400,1)
(917700,10)
(11139700,1)
(10919200,1)
(10213500,1)
(3006300,4)
(10905700,1)
(10207200,1)
(10514100,1)
(2972200,1)
(10387300,1)
(6077200,1)
(11195500,1)
(5775800,1)
(8867900,3)
(8120700,1)
(11191900,1)
(209300,2)
(9035100,18)
(522500,2)
(5522800,6)
(11104500,1)
(9981100,1)
(5967500,1)
(8882200,52)
(9005400,1)
(156200,3)
(10441200,1)
(1058200,1)
(10203600,1)
(8110800,61)
(9905500,1)
(1054600,1)
(1574900,6)
(963600,3)
(2906500,1)
(10529500,2)
(9191800,1)
(9956900,1)
(1517200,5)
(380300,7)
(10591600,1)
(10822900,1)
(8679800,1)
(3407800,4)
(2109000,2)
(9747100,1)
(2609500,1)
(8986700,36)
(1089800,1)
(1329100,56)
(390200,2)
(4795700,1)
(4225900,1)
(8747200,1)
(9707500,1)
(1799600,1)
(3378100,1)
(5724400,3)
(10757200,1)
(562100,5)
(10581700,2)
(2956000,2)
(6142900,2)
(1444300,46)
(10316100,1)
(8317900,2)
(1252600,2)
(11108100,1)
(927600,33)
(10091100,2)
(8767000,56)
(4942300,1)
(1013100,3)
(9486100,5)
(5740600,1)
(7091100,2)
(11021700,1)
(11160300,1)
(7550100,2)
(10326000,1)
(7134300,2)
(6727600,4)
(10045200,1)
(3239500,4)
(8327800,1)
(8832700,2)
(2083900,2)
(9900000,1)
(111100,1)
(10288300,1)
(7118100,1)
(9051300,1)
(988900,2)
(11264800,1)
(3036000,1)
(8387200,1)
(9298000,1)
(10569100,1)
(6570000,1)
(235400,32)
(3141300,3)
(10900200,1)
(3997400,1)
(5927900,2)
(8559100,1)
(4902700,6)
(11278300,1)
(1157200,2)
(9150300,2)
(874500,1)
(8929000,1)
(3898400,5)
(7128000,2)
(9476200,1)
(8811000,1)
(8862400,1)
(4412100,55)
(4354600,1)
(4186300,4)
(4291600,3)
(9650800,1)
(334400,1)
(1177000,3)
(7175800,1)
(9397000,1)
(3334900,5)
(3255700,22)
(3399800,2)
(9801000,1)
(370400,1)
(3204300,2)
(9169300,1)
(11000,5)
(2833600,3)
(11268400,1)
(1198700,2)
(7383700,1)
(9436600,1)
(10120800,1)
(4260000,1)
(740300,1)
(2562700,1)
(9857900,1)
(5360800,1)
(11051400,1)
(172400,1)
(8451000,1)
(1117600,3)
(8690500,2)
(87700,9)
(2511300,5)
(10821000,1)
(11005500,1)
(8816500,4)
(10446700,1)
(9009000,1)
(2893000,1)
(8452900,1)
(6886000,1)
(1122000,4)
(4370800,1)
(749400,3)
(1018600,1)
(9986600,1)
(3671500,1)
(10699700,1)
(4728100,1)
(9540000,2)
(8909200,3)
(4229500,5)
(1900,1)
(2799500,3)
(1779800,10)
(1563100,1)
(11294500,1)
(11254900,1)
(6826600,2)
(10910100,1)
(7535800,1)
(1898600,1)
(5868500,3)
(9595000,2)
(2521200,39)
(9604900,2)
(11248600,1)
(10352100,1)
(9001800,1)
(3532900,3)
(4873000,6)
(2843500,1)
(785400,2)
(9966800,1)
(10096600,3)
(1201200,5)
(6793300,5)
(8664400,1)
(433400,13)
(10363900,2)
(5384200,2)
(2208000,6)
(3433900,13)
(7130700,2)
(2141400,1)
(8877800,1)
(10961500,1)
(8966900,2)
(5759600,3)
(9505900,1)
(9342000,1)
(3447400,2)
(9011700,1)
(152600,70)
(10140600,4)
(4572400,1)
(6357700,1)
(8337700,1)
(3942400,5)
(8179300,1)
(7529500,1)
(9124200,1)
(10496200,1)
(10124400,1)
(10019100,2)
(3582400,1)
(1460500,14)
(922100,5)
(251600,2)
(1713000,1)
(9179200,1)
(221900,32)
(8915500,1)
(413600,1)
(10185700,1)
(5407600,4)
(101200,364)
(10678000,1)
(3498800,2)
(11149600,1)
(2997500,1)
(8613000,1)
(3696800,1)
(10872400,1)
(8887700,3)
(2101800,1)
(5027800,80)
(3214200,1)
(4196200,1)
(2620200,4)
(9638200,1)
(9931600,1)
(9680500,1)
(10500600,1)
(11130600,1)
(8342100,1)
(7793200,1)
(10722000,1)
(1319200,217)
(8971300,1)
(9119800,8)
(1873300,40)
(10195600,1)
(1414600,19)
(7322400,1)
(9082900,1)
(2493400,2)
(1936300,61)
(6876100,1)
(3016200,1)
(1277900,2)
(4759700,1)
(3488900,121)
(10248700,1)
(200200,6)
(6591700,2)
(7284700,1)
(2115300,1)
(10263000,5)
(1568600,1)
(3318700,1)
(10306200,1)
(6555700,1)
(4402200,6)
(3552700,1)
(5542600,3)
(11213400,1)
(11170200,1)
(9092800,15)
(902300,8)
(6757300,1)
(1438000,4)
(3323100,4)
(3932500,3)
(4718200,1)
(9373600,1)
(2398000,7)
(1034800,7)
(1594700,2)
(11302500,1)
(1911000,2)
(9695900,1)
(10648300,1)
(8180100,2)
(5151000,1)
(10415100,1)
(10373800,1)
(10654600,3)
(6712200,1)
(8905600,1)
(8793100,2)
(5765900,6)
(32700,3)
(3156700,1)
(2769800,1)
(1335400,1)
(10862500,1)
(6930000,1)
(7603200,1)
(7294600,1)
(9302400,1)
(8540100,1)
(2052300,1)
(9031500,3)
(1527100,2)
(225500,24)
(1916500,1)
(557700,1)
(3412200,19)
(9363700,3)
(9290800,2)
(9541900,1)
(2259400,1)
(9110700,1)
(10159600,1)
(8717500,1)
(2858900,1)
(10015500,1)
(276900,2)
(11253000,1)
(10456600,1)
(9658000,1)
(10129900,2)
(10624900,4)
(7393600,1)
(9674200,3)
(10253100,2)
(11015400,1)
(8773300,93)
(889900,2)
(10694200,1)
(9299900,4)
(9753400,1)
(9778700,1)
(9648100,1)
(1734700,2)
(4250100,1)
(8801100,12)
(5399600,1)
(8921800,2)
(10519600,1)
(10712100,1)
(9794900,1)
(10707700,1)
(9416800,1)
(10264900,1)
(5894600,1)
(8104500,1)
(1090600,3)
(720500,77)
(2610300,3)
(11179300,1)
(374000,1)
(10540200,1)
(9882100,4)
(5906200,1)
(1222900,16)
(9264700,2)
(10585300,1)
(2279200,11)
(3572500,2)
(9535600,1)
(10929100,1)
(2384500,5)
(7472800,1)
(3587900,1)
(4407700,10)
(2343000,11)
(8290900,2)
(791700,1)
(2779700,1)
(9515800,1)
(4740700,1)
(700700,2)
(3926200,1)
(10337800,1)
(8555500,1)
(9877700,1)
(4532800,1)
(82200,2)
(1008700,6)
(11001900,1)
(10955200,1)
(5562400,2)
(9689600,1)
(7228900,17)
(9337600,2)
(6608800,1)
(1266100,6)
(2619400,2)
(11218900,1)
(9332100,2)
(3417700,2)
(4161000,504)
(4136800,21)
(9571600,1)
(4453600,1)
(10793200,1)
(7268500,1)
(9347500,1)
(10909300,1)
(3249400,1)
(6623100,1)
(4182700,1)
(3894800,1)
(2062200,2)
(7363900,1)
(572000,314)
(10783300,1)
(6892300,3)
(10920000,1)
(666600,1)
(1764400,2)
(2516800,1)
(7674400,4)
(2042400,2)
(9307900,1)
(10401600,1)
(9798500,1)
(828600,1)
(9149500,1)
(9640900,2)
(4141200,4)
(1538900,1)
(10846300,1)
(10377400,1)
(11154000,1)
(9670600,1)
(9684100,1)
(1167100,4)
(10660900,2)
(2868800,1)
(8900100,6)
(1309300,2)
(10644700,1)
(573900,1)
(7451100,1)
(11110800,1)
(2077600,15)
(11233200,1)
(5714500,1)
(10690600,1)
(9129700,1)
(4384300,1)
(8806600,7)
(1932700,1)
(1221000,1)
(1048300,5)
(2813800,1)
(11071200,1)
(5718100,3)
(1813900,1)
(10608700,2)
(10976900,2)
(9961300,1)
(5012400,1)
(2902900,2)
(2281900,34)
(1305700,8)
(9659900,1)
(1450600,1)
(11140500,1)
(407300,7)
(9109900,2)
(1331800,12)
(9788600,1)
(745800,2)
(10545700,1)
(5348200,1)
(1503700,27)
(2531100,1)
(10668100,1)
(3511200,1)
(4209700,7)
(10009200,1)
(3389900,20)
(3073900,6)
(1802100,1)
(1376900,3)
(8415000,2)
(5556100,3)
(22800,50)
(10332300,1)
(9208900,1)
(1693700,3)
(601700,87)
(3209800,1)
(5344600,1)
(1099700,7)
(6783400,1)
(8000000,2)
(2894900,5)
(4582300,20)
(10986800,1)
(9081000,1)
(2280000,1)
(8925400,4)
(7326000,4)
(2625700,10)
(5605600,1)
(3390700,18)
(6842800,1)
(10991200,1)
(1386800,6)
(4973900,1)
(2957900,1)
(9025200,1)
(9757000,1)
(10169500,1)
(1784200,1)
(7549300,1)
(1956100,2)
(1622500,2)
(11258500,1)
(2477200,27)
(6856300,3)
(10061400,2)
(10575400,1)
(7179400,1)
(5973800,10)
(943800,1)
(2417800,1)
(9565300,1)
(3111600,1)
(6787000,4)
(8981200,1)
(11025300,1)
(11056900,1)
(9614800,1)
(5516500,6)
(1300200,9)
(11223300,1)
(2093800,1)
(1523500,3)
(9669800,1)
(8842600,2)
(1084300,2)
(67900,880)
(4556200,1)
(1474000,36)
(5729900,1)
(1672000,14)
(11092900,1)
(10482700,1)
(6550200,4)
(8353900,1)
(8965000,1)
(1967900,1)
(2394400,1)
(1495700,3)
(8393500,1)
(8253000,2)
(10892200,1)
(8539300,1)
(3344800,1)
(8650900,1)
(2097400,7)
(6935500,6)
(4380700,3)
(6737500,2)
(11129800,1)
(2639200,5)
(11203500,1)
(8935300,1)
(2794000,1)
(1790500,1)
(9144000,1)
(4192600,38)
(5473300,2)
(1418200,8)
(6549400,2)
(7159600,1)
(10055100,1)
(5760400,1)
(8911900,1)
(7108200,1)
(2635600,1)
(8411400,1)
(4052100,1)
(9856000,2)
(5002500,1)
(5500,3)
(438900,7)
(10425000,1)
(7405200,1)
(10426900,1)
(8302500,1)
(4219600,2)
(11288200,1)
(291200,12)
(5249200,1)
(9130500,2)
(10680700,2)
(7446700,1)
(10826500,1)
(2789600,3)
(56100,81)
(1584800,37)
(2704900,1)
(7559200,1)
(275000,2)
(360500,1)
(11081100,1)
(9114300,1)
(9591400,2)
(9971200,8)
(11144100,1)
(10302600,1)
(5827000,1)
(8737300,1)
(10618600,2)
(8278300,1)
(4665100,9)
(10298200,1)
(789000,3)
(3936100,7)
(11228800,1)
(4837000,1)
(10836400,2)
(8961400,11)
(9284500,3)
(9243000,1)
(2422200,1)
(9585100,1)
(4374400,1)
(858300,1)
(5379800,48)
(3358300,4)
(5016000,1)
(9816400,2)
(10996700,1)
(10778900,1)
(10832800,1)
(9892000,1)
(1074400,5)
(6690700,1)
(9901900,1)
(9996500,1)
(1724800,1)
(3884900,3)
(1003200,1)
(9812800,3)
(7524000,1)
(8264800,1)
(10035300,2)
(10806700,1)
(1163500,1)
(567600,1)
(9353800,3)
(9411300,3)
(10029000,1)
(4552600,2)
(10524000,2)
(6866200,1)
(9160200,1)
(2714800,2)
(9462700,1)
(10887800,1)
(9155800,1)
(5166400,1)
(5370700,1)
(6565600,2)
(9832600,2)
(3605800,1)
(8373700,1)
(983400,10)
(5417500,37)
(10628500,2)
(2026200,1)
(947400,4)
(8510400,1)
(2358400,3)
(10951600,1)
(8535700,1)
(4592200,1)
(3473500,16)
(10684300,2)
(182300,4)
(1728400,3)
(10081200,4)
(3610200,3)
(9327700,1)
(9951400,3)
(10431300,1)
(10165900,1)
(10921900,1)
(10763500,1)
(10134300,7)
(7104600,2)
(5651500,1)
(7195600,1)
(11159500,1)
(9842500,4)
(7387300,1)
(4126900,4)
(10436800,1)
(4704700,1)
(888000,1)
(6887900,2)
(7258600,3)
(10461000,1)
(8551900,1)
(1375000,1)
(10788800,1)
(7466500,1)
(621500,18)
(10118100,1)
(6941800,1)
(2111700,1)
(8955100,1)
(5493100,1)
(11019000,1)
(4724500,3)
(10941700,1)
(8316000,2)
(2883100,5)
(9733600,1)
(11175700,1)
(9421200,3)
(671000,8)
(5828900,2)
(10798700,1)
(7689800,1)
(10595200,1)
(162500,1)
(10462900,1)
(9660700,1)
(1147300,3)
(7618600,1)
(443300,2)
(1868900,3)
(8931700,1)
(9383500,6)
(8852500,1)
(4807300,1)
(2487100,17)
(605300,5)
(7288300,2)
(3380800,5)
(7114500,3)
(9426700,1)
(10525900,1)
(7539400,1)
(8416900,1)
(9559000,5)
(3364600,2)
(7441200,1)
(6862600,4)
(7421400,2)
(375900,5)
(10717600,1)
(6111300,1)
(9713800,1)
(1573000,20)
(4457200,1)
(6925600,1)
(3279100,5)
(4542700,1)
(7415100,1)
(9100800,2)
(2473600,6)
(9500400,1)
(2597900,1)
(9165700,2)
(9076600,7)
(8723800,1)
(11009100,1)
(3026100,3)
(7397200,2)
(9545500,1)
(9664300,2)
(10743700,1)
(10877900,1)
(10021800,1)
(10114500,1)
(5592100,1)
(1750900,2)
(1454200,2)
(8357500,4)
(3229600,2)
(4957700,1)
(10189300,1)
(10811100,1)
(11134200,1)
(7110900,1)
(9086500,1)
(3161100,1)
(7086700,1)
(10559200,1)
(4576000,24)
(9045000,2)
(9793000,1)
(9306000,1)
(2817400,2)
(636900,3)
(10579000,1)
(11061300,1)
(10679900,1)
(7362000,1)
(5073700,2)
(6496300,1)
(5587700,2)
(229100,4)
(4983800,8)
(7207200,1)
(8306100,2)
(8347600,1)
(9377200,1)
(1206700,7)
(2936200,8)
(7783300,1)
(5963900,2)
(2977700,1)
(7071300,1)
(615200,4)
(10476400,1)
(10560000,1)
(9456400,1)
(7426900,3)
(6628600,7)
(672900,76)
(998800,1)
(10816600,1)
(1683800,4)
(10723900,1)
(10530300,1)
(132800,1)
(6603300,1)
(9180000,1)
(4224000,1)
(9312300,3)
(1823800,10)
(9520200,1)
(656700,3)
(2125200,4)
(1236400,1)
(3271900,1)
(2082000,6)
(9925300,1)
(1837300,1)
(9921700,1)
(6905800,2)
(10000100,1)
(3235900,1)
(4146700,1)
(9442900,1)
(10144200,1)
(8788700,2)
(1173400,1)
(8571700,1)
(2640000,1)
(1023000,12)
(9071100,1)
(1513600,177)
(1738300,3)
(8941600,1)
(3234000,2)
(4676900,4)
(2338600,2)
(2087500,8)
(4511100,1)
(4026000,11)
(9644500,1)
(10164000,1)
(6581800,4)
(5389700,1)
(6900300,2)
(8476300,2)
(9509500,2)
(611600,10)
(4843300,1)
(231800,1)
(9159400,5)
(8713900,1)
(8644600,2)
(9199000,1)
(3453700,6)
(4661500,1)
(8603100,1)
(8268400,1)
(9679700,1)
(10509700,2)
(651200,1)
(4131300,5)
(354200,2)
(4389800,1)
(6569200,2)
(8783200,1)
(9911800,1)
(7757200,1)
(10737400,1)
(2952400,1)
(4318600,1)
(1977800,4)
(8401500,1)
(10550100,2)
(1642300,1)
(9258400,3)
(9581500,1)
(9915400,6)
(10284700,1)
(3192700,57)
(6571900,1)
(735900,21)
(7530300,2)
(403700,1)
(1469600,1)
(10294600,1)
(9015300,2)
(1094200,3)
(10154100,1)
(10217100,1)
(2463700,6)
(3368200,4)
(10180200,4)
(92100,54)
(4166500,2)
(1459700,11)
(2057800,1)
(2497000,19)
(8332200,1)
(3087400,73)
(2260200,2)
(1853500,1)
(9737200,1)
(1543300,2)
(3265600,4)
(9826300,1)
(6733900,9)
(9846100,3)
(10733800,1)
(4536400,2)
(5734300,6)
(10935400,2)
(3219700,4)
(11207100,1)
(9466300,1)
(4775900,2)
(10664500,3)
(5962000,2)
(10472800,1)
(2313300,7)
(10233300,2)
(8798600,8)
(9452800,1)
(9758900,1)
(8294500,1)
(4615600,1)
(8996600,4)
(10130700,1)
(1758100,2)
(10571800,1)
(10939000,1)
(1143700,1)
(6919300,8)
(395700,1)
(4833400,1)
(10945300,1)
(2022600,1)
(9596900,1)
(8856100,36)
(4868600,11)
(10397200,1)
(10670800,1)
(7975000,1)
(9727300,1)
(4358200,1)
(11011800,1)
(3631900,1)
(10981300,1)
(10223400,2)
(1193200,2)
(6743800,1)
(2240400,2)
(6530400,4)
(10504200,1)
(399300,1)
(3052200,1)
(7608700,1)
(6575500,8)
(7822900,1)
(8456500,2)
(7743700,1)
(2696900,2)
(5750500,1)
(9213300,4)
(2209900,3)
(26400,12)
(953700,21)
(10031700,1)
(5457100,7)
(4235800,3)
(1449800,14)
(3384400,88)
(10801200,1)
(2847100,11)
(3675100,2)
(1287800,1)
(1499300,28)
(8322300,1)
(9203400,1)
(8550000,2)
(10071300,2)
(9393400,1)
(5501100,1)
(1926400,1)
(42600,3)
(6504300,5)
(10876000,1)
(6773500,7)
(8595100,1)
(8945200,1)
(4789400,3)
(8702100,1)
(12900,1)
(220000,6)
(8743600,1)
(11306100,1)
(5884700,4)
(9806500,1)
(3394300,5)
(676500,15)
(10689800,1)
(5483200,2)
(1123900,1)
(6821100,1)
(3338500,4)
(1133800,5)
(10971400,1)
(8248600,1)
(1847200,11)
(2245900,1)
(10613100,1)
(760100,1)
(11169400,1)
(9628300,1)
(7055100,2)
(9401400,1)
(3493300,1)
(7798700,11)
(10842700,1)
(5739800,2)
(5354500,1)
(10086700,1)
(11199100,1)
(10634800,1)
(1966000,1)
(1320000,1)
(7504200,4)
(10638400,1)
(5615500,1)
(5380600,1)
(1789700,1)
(547800,6)
(1687400,3)
(1297700,9)
(8634700,1)
(4443700,2)
(364100,1)
(5853100,1)
(7367500,2)
(77800,43)
(6539500,1)
(281300,4)
(1485800,26)
(10227000,2)
(704300,1)
(10110900,1)
(4379900,1)
(4997300,1)
(8991100,3)
(4473400,2)
(1325500,1)
(4838900,1)
(9496000,2)
(176000,4)
(9862300,1)
(8119900,2)
(1507300,6)
(7019100,1)
(9561700,1)
(11165800,1)
(97600,2)
(9441000,1)
(1315600,2)
(3437500,1)
(2265700,3)
(10565500,1)
(4516600,2)
(6732000,2)
(9935200,1)
(7061400,1)
(2135100,3)
(10747300,1)
(9398900,1)
(6579100,1)
(9634600,1)
(3661600,1)
(1769900,1)
(7035300,6)
(9021600,1)
(3388000,4)
(710600,1)
(4062000,1)
(5807200,2)
(10128000,1)
(9170100,2)
(10005600,1)
(3121500,6)
(5983700,3)
(11114400,1)
(6534000,9)
(2827300,1)
(9941500,2)
(177900,2)
(552200,8)
(4629100,10)
(2166700,4)
(1470400,5)
(10852600,1)
(11031600,2)
(3566200,1)
(3501300,1)
(6915700,1)
(8140500,1)
(4230300,20)
(3101700,2)
(6747400,6)
(9195400,1)
(9802900,1)
(126500,2)
(11096500,1)
(9248500,3)
(734000,27)
(2151300,1)
(6798800,2)
(6806800,2)
(2303400,4)
(6689900,1)
(3022500,1)
(5952100,1)
(8618500,2)
(2661700,37)
(10383700,3)
(2006400,3)
(9066700,1)
(10561900,1)
(10674400,11)
(9046900,6)
(1863400,1)
(187800,17)
(9872200,1)
(1533400,4)
(6801300,1)
(9317800,1)
(2250300,1)
(9575200,1)
(7124400,2)
(9717400,2)
(3062100,21)
(6545800,5)
(1952500,1)
(1282300,1)
(9233100,1)
(320900,1)
(10897700,1)
(8367400,1)
(7051500,2)
(9446500,2)
(9690400,1)
(5567900,1)
(9822700,1)
(1878800,2)
(1044700,2)
(1381300,2)
(8397100,2)
(2390800,1)
(10347700,1)
(9992900,1)
(7373800,9)
(11274700,1)
(682800,1)
(4937900,1)
(8812900,8)
(121000,4)
(3487000,1)
(10915600,1)
(7065000,1)
(10866100,1)
(2898500,10)
(9702000,2)
(4952200,1)
(7836400,1)
(6529600,1)
(2354800,8)
(6939100,4)
(854700,2)
(993300,3)
(9763300,1)
(6910200,1)
(5744200,1)
(9238600,1)
(9525700,1)
(9367300,3)
(2308900,1)
(8727400,1)
(5390500,1)
(10274800,1)
(3333000,2)
(933900,4)
(10076800,1)
(10702200,1)
(9909100,1)
(3166600,3)
(9278200,1)
(9919000,7)
(11190000,1)
(8045100,1)
(10362000,1)
(2204400,1)
(10312500,1)
(6897800,1)
(66000,4)
(4477000,1)
(4172800,1)
(6722100,2)
(890700,1)
(9497900,1)
(709800,4)
(10342200,1)
(10243200,1)
(9387100,1)
(9703900,1)
(1626100,13)
(9244900,5)
(1188800,2)
(11035200,1)
(1843600,1)
(5057500,1)
(5566000,1)
(2388100,1)
(6777100,1)
(2364700,3)
(239000,72)
(10108200,2)
(9189100,6)
(9654400,1)
(10405200,1)
(957300,5)
(864600,1)
(2754400,1)
(116600,3)
(2901000,12)
(10011900,1)
(6524100,57)
(10149700,1)
(11045100,1)
(9431100,1)
(5803600,4)
(10658200,1)
(9343900,1)
(2526700,13)
(3402300,4)
(1942600,15)
(10041600,1)
(3105300,3)
(2249500,8)
(8575300,1)
(2067700,5)
(5863000,1)
(4675000,2)
(9768800,4)
(9175600,2)
(1256200,1)
(10555600,1)
(7377400,1)
(1060900,1)
(8778800,1)
(11000000,1)
(11298100,1)
(11124300,1)
(142700,1)
(6336000,1)
(2105400,1)
(2399900,2)
(3506800,1)
(9976700,1)
(10258600,1)
(5823400,1)
(4848800,1)
(3224100,2)
(4686800,2)
(2803900,2)
(11316000,1)
(5912500,3)
(9945100,2)
(3230400,2)
(11055000,1)
(11155900,1)
(10367500,2)
(9530100,1)
(9104400,11)
(4779500,2)
(241700,1)
(10492600,1)
(10278400,1)
(146300,4)
(6519700,3)
(8866000,1)
(9504000,1)
(210100,1)
(3269200,2)
(6634900,2)
(9482500,1)
(2649100,4)
(271400,1)
(9274600,1)
(932000,5)
(1768000,22)
(10777000,1)
(9551800,1)
(6510600,1)
(9041400,1)
(9529300,6)
(537900,1)
(977100,1)
(3002700,1)
(10065000,1)
(9773200,3)
(255200,2)
(5374300,45)
(1748200,4)
(1888700,1)
(6788900,1)
(1064500,1)
(10510500,1)
(3354700,5)
(3172900,3)
(11284600,1)
(7337800,1)
(3176500,3)
(3477100,2)
(4463500,3)
(10520400,1)
(4827100,2)
(453200,2)
(7154100,1)
(448800,217)
(1440700,1)
(9223200,1)
(11243100,1)
(8757100,1)
(5572300,1)
(11119900,1)
(10150500,1)
(3240300,13)
(6753700,12)
(10931800,1)
(1078000,2)
(10238800,1)
(11118000,1)
(4853200,7)
(1226500,4)
(5463400,1)
(9492400,1)
(10322400,1)
(4691200,2)
(1434400,3)
(2780500,15)
(1906600,1)
(8421300,1)
(9294400,2)
(9699500,1)
(8951500,2)
(286800,1)
(1028500,2)
(11238700,1)
(9624700,1)
(1038400,1)
(9897500,1)
(1558700,2)
(4526500,16)
(9406900,1)
(696300,3)
(10025400,1)
(10773400,1)
(9539200,1)
(11150400,1)
(8021700,1)
(6694300,1)
(4863100,5)
(714200,1)
(8846200,1)
(10327900,1)
(296700,2)
(9955000,1)
(7045200,1)
(10411500,1)
(8826400,4)
(1553200,48)
(9145900,17)
(8763400,1)
(219200,65)
(9555400,2)
(9288100,1)
(4770400,2)
(8768900,5761)
(1893100,53)
(9991000,1)
(4279000,1)
(7811100,1)
(10421400,1)
(4390600,14)
(10603200,1)
(4427500,1)
(7579000,2)
(1714900,3)
(4977500,1)
(10623000,1)
(9061200,4)
(9056800,2)
(4817200,1)
(3245800,8)
(3906400,1)
(72300,23)
(7545700,2)
(2186500,5)
(3516700,3)
(9519400,1)
(1178900,18)
(10753600,1)
(593700,6)
(4803700,2)
(10856200,1)
(2131500,6)
(4947800,1)
(2703000,1)
(7519600,1)
(11180100,1)
(10539400,2)
(2047900,1)
(3012600,1)
(5676800,20)
(3592300,8)
(3295300,4)
(7514100,1)
(8585200,1)
(5888300,7)
(9549100,2)
(11086600,1)
(8872300,3)
(1292200,19)
(1827400,4)
(5770300,13)
(4220400,2)
(646800,2)
(1537000,7)
(10767100,1)
(36300,27)
(10175800,1)
(9120600,1)
(5478800,32)
(11041500,1)
(5957600,1)
(8822800,20)
(7476400,1)
(10451100,1)
(9603000,1)
(9783100,1)
(8910000,1)
(4967600,2)
(8561800,1)
(205700,5)
(2685100,1)
(8274700,2)
(1232800,1)
(7456600,37)
(9108000,1)
(8897600,8)
(10549300,1)
(10199200,1)
(4790200,1)
(8836300,1)
(3916300,1)
(4577900,8)
(11100900,1)
(10190100,1)
(10393600,1)
(7248700,1)
(2764300,2)
(1703100,1)
(4447300,1)
(7595200,1)
(6931900,3)
(11066800,1)
(6559300,17)
(6767200,1)
(3146800,13)
(9694000,1)
(1107700,1)
(739500,2)
(11120700,1)
(2695000,2)
(1489400,9)
(6699800,4)
(9185500,5)
(11185600,1)
(781800,1)
(9096400,1)
(9140400,1)
(9510300,1)
(10104600,1)
(2857000,1)
(10170300,1)
(7129900,3)
(9322200,1)
(10727500,1)
(9723700,2)
(8614900,1)
(11189200,1)
(8258500,2)
(10357600,1)
(1982200,2)
