(4221300,3)
(5814400,1)
(9501300,2)
(2448400,2)
(9749900,1)
(7259500,1)
(970800,1)
(9380800,4)
(4438300,1)
(10453900,1)
(1085200,95)
(1854400,24)
(5598500,1)
(9146800,1)
(1049200,1)
(8328700,1)
(908700,7)
(9334900,1)
(9526600,1)
(7457500,1)
(10115400,1)
(7412400,2)
(4216900,1)
(9649000,1)
(3557200,1)
(10744600,1)
(1237300,1)
(3292600,6)
(5745100,3)
(9259300,1)
(9807400,1)
(7115400,2)
(9141300,1)
(8894900,2)
(9785900,1)
(9586000,1)
(6625900,1)
(4890100,1)
(3310500,1)
(11057800,1)
(5593000,8)
(1889600,1)
(9016200,1)
(4978400,15)
(3381700,15)
(667500,1)
(1704000,1)
(1870600,2)
(211000,3)
(9759800,1)
(9936100,1)
(4578800,2)
(1306600,1)
(9467200,3)
(297600,16)
(4963000,2)
(5272600,1)
(5978300,3)
(5771200,7)
(6614100,28)
(8240400,2)
(1524400,12)
(5792900,1)
(5761300,1)
(8708500,1)
(10398100,1)
(10843600,1)
(1700400,21)
(528900,1)
(4715500,1)
(10738300,1)
(2978600,1)
(5700000,1)
(11151300,1)
(7600500,1)
(4864000,16)
(11279200,1)
(5479700,5)
(9389900,5)
(11072100,1)
(381200,66)
(1869800,1)
(8833600,7)
(11109000,1)
(3246700,4)
(8802000,3)
(10888700,1)
(517100,4)
(1019500,11)
(1848100,32)
(9422100,1)
(11308900,1)
(7505100,1)
(9833500,1)
(7254000,1)
(7586200,3)
(1844500,32)
(9748000,1)
(1749100,1)
(10867000,1)
(4231200,114)
(8977700,1)
(10239700,1)
(10966000,1)
(5854000,5)
(2710200,5)
(8156800,1)
(1409200,1)
(3395200,1)
(10823800,1)
(9006300,3)
(9412200,1)
(5988200,1)
(9067600,1)
(9863200,2)
(8868800,2)
(9686900,2)
(8823700,3)
(11006400,1)
(1913800,2)
(7364800,2)
(5450800,2)
(10186600,2)
(523400,1)
(10200900,1)
(6779900,1)
(2183800,5)
(4329400,1)
(6685300,1)
(9655300,4)
(4251000,1)
(1589300,17)
(8779700,6)
(2339500,18)
(6723000,4)
(8398000,3)
(3112500,1)
(6738400,3)
(1451500,2)
(1580200,1)
(11062200,1)
(6942700,1)
(9214200,1)
(10758100,1)
(5470600,4)
(989800,11)
(5810800,1)
(2488000,1)
(10551000,1)
(2350200,3)
(4849700,2)
(7812000,1)
(9121500,1)
(3330300,1)
(11204400,1)
(5885600,2)
(439800,1)
(10260300,2)
(3048700,3)
(2870500,8)
(5008900,1)
(10452000,1)
(8858900,4)
(5058400,1)
(1491100,2)
(391100,3)
(10750900,1)
(10552900,1)
(7770700,2)
(9370900,8)
(1559600,2)
(9097300,2)
(10176700,1)
(9770500,1)
(8447500,1)
(10364800,1)
(677400,17)
(9967700,1)
(5820700,1)
(3408700,1)
(1312900,4)
(10748200,1)
(4106100,132)
(5636200,1)
(10291900,1)
(1698200,19)
(2152200,1)
(1803000,3)
(8883100,1)
(9506800,4)
(1957000,24)
(1715800,3)
(10093900,1)
(632300,4)
(792600,1)
(10119000,1)
(5495900,1)
(10493500,1)
(6566500,2)
(7744600,3)
(7016400,1)
(9042300,1)
(9171000,1)
(1710300,1)
(4241100,4)
(9790300,1)
(6760900,11)
(9868700,1)
(9661600,1)
(934800,69)
(1628900,1)
(1633300,3)
(8582500,1)
(3375400,2)
(8799500,7)
(1937200,2598)
(9587900,1)
(7526800,1)
(1194100,16)
(10032600,2)
(9364600,2)
(10906600,1)
(9823600,1)
(4709200,11)
(527000,2)
(7289200,1)
(8704900,1)
(7398100,2)
(2017200,2)
(7291900,1)
(1342600,1)
(1061800,5)
(7406100,1)
(6400,2)
(2063100,1)
(8774200,499)
(3533800,2)
(4007100,1)
(9136900,1)
(3470800,4)
(9172900,1)
(2187400,1)
(6609700,2)
(4810900,1)
(10671700,1)
(11077600,1)
(1180600,1)
(4903600,2)
(2884000,20)
(9115200,1)
(2073000,4)
(6572800,1)
(1293100,4)
(5984600,2)
(9229600,1)
(78700,1)
(3088300,11)
(3157600,1)
(7417900,2)
(3272800,1)
(9477100,1)
(10893100,1)
(1322800,1)
(6718600,1)
(10012800,1)
(923000,1)
(4700100,3)
(440600,20)
(8270100,1)
(10541100,1)
(3360000,1)
(9714700,1)
(10713000,1)
(9546400,1)
(6054700,1)
(1518100,1)
(10718500,1)
(9962200,1)
(1069000,5)
(9234000,1)
(1075300,2)
(3937000,4)
(5310300,2)
(107600,8)
(10987700,6)
(2804800,11)
(9779600,1)
(7067800,3)
(1890400,2)
(5349100,1)
(9635500,1)
(7323300,1)
(2365600,5)
(4147600,6)
(6922900,3)
(1613500,4)
(9631900,1)
(9036000,2)
(10313400,1)
(53400,648)
(58900,32)
(2320500,2)
(918600,66)
(5800900,5)
(627900,34)
(10219900,1)
(10604100,1)
(10635700,1)
(2334000,4)
(3988400,3)
(9483400,1)
(5335600,5)
(6546700,1)
(8932600,2)
(193100,1)
(9542800,5)
(5517400,1)
(5880100,1)
(8878700,18)
(10156900,1)
(9209800,1)
(4450900,18)
(622400,2)
(5889200,10)
(7625800,1)
(9235900,2)
(3167500,1)
(9354700,1)
(7328800,1)
(11210700,1)
(10807600,2)
(1694600,7)
(10279300,1)
(10592500,1)
(4381600,3)
(10067800,1)
(7442100,1)
(9281800,1)
(3710100,1)
(83100,416)
(7784200,1)
(1223800,30)
(9926200,1)
(687300,1)
(3365500,1)
(7062300,2)
(9521100,1)
(9600300,5)
(7942600,1)
(3474400,3)
(7093900,5)
(8847100,1)
(4711900,2)
(3577000,11)
(11181000,1)
(10546600,1)
(9728200,1)
(1179800,1)
(5396900,4)
(1020300,4)
(2389000,6)
(1213900,1)
(10210800,2)
(10002900,3)
(5895500,1)
(606200,19)
(9270000,1)
(8541000,2)
(7596100,1)
(548700,10)
(8291800,6)
(1739200,1)
(9111600,1)
(11022600,1)
(11265700,1)
(4187200,4)
(5573200,2)
(4414900,2)
(964500,6)
(721400,2)
(10394500,2)
(6708700,3)
(5948600,3)
(999700,31)
(9285400,1)
(10052400,1)
(8082000,2)
(2533900,1)
(8407900,1)
(1124800,6570)
(9582400,1)
(824000,2)
(8769800,1)
(10625800,2)
(3885800,4)
(8047900,2)
(2385400,1)
(8615800,1)
(1190500,24)
(3023400,1)
(3593200,2)
(9906400,1)
(9313200,1)
(8307000,1)
(3102600,1)
(1528000,2)
(3355600,4)
(11161200,1)
(2994800,1)
(11244000,1)
(9754300,1)
(5252800,3)
(4048600,1)
(9997400,1)
(10255900,2)
(4137700,1)
(6713100,1)
(8803900,1)
(3266500,2)
(10437700,1)
(11260200,1)
(9318700,1)
(11192800,2)
(10691500,1)
(2349400,15)
(9032400,6)
(5776700,5)
(7576300,1)
(9463600,14)
(464000,4)
(9240300,1)
(8586100,3)
(9847000,1)
(2490700,2)
(9073900,1)
(6780700,1)
(9848900,1)
(10847200,1)
(6089900,1)
(5735200,4)
(1840900,3)
(282200,1)
(10001000,1)
(4215000,1)
(8748100,2)
(2137900,1)
(9101700,1)
(2413200,1)
(11234100,1)
(5766800,273)
(1560400,139)
(9269200,4)
(10515000,1)
(10768000,1)
(252500,35)
(5808100,21)
(3662500,3)
(3672400,1)
(9902800,1)
(10181100,1)
(7295500,3)
(2246800,15)
(1045600,3)
(10967900,1)
(9473500,3)
(10556500,1)
(6592600,1)
(9760600,5)
(222800,29)
(8906500,1)
(11240400,1)
(188700,5)
(5523700,1)
(11200800,1)
(3385300,63)
(10769900,1)
(726900,3)
(4761400,2)
(8380900,1)
(8695000,1)
(178800,29)
(4672300,6)
(10837300,1)
(9734500,1)
(2088400,1)
(4193500,40)
(8758000,1)
(10596100,1)
(5709100,1)
(9750700,1)
(2458300,1)
(4391500,4)
(10912900,1)
(875400,3)
(9946000,2)
(1429000,2)
(9348400,2)
(7135200,4)
(9390700,1)
(3173800,1)
(2205300,14)
(4474300,5)
(216500,32)
(11281900,1)
(444200,1)
(5715400,21)
(1431700,5)
(3543700,2)
(1804900,1)
(5262700,1)
(1356100,1)
(5044900,1)
(10417900,1)
(8323200,1)
(9610200,2)
(9764200,3)
(10665400,1)
(4197100,1)
(6270300,3)
(3013500,11)
(9012600,1)
(428000,2)
(4112400,4)
(8813800,104)
(8546500,1)
(355100,2)
(4340100,1)
(300100,6)
(10105500,2)
(6515100,4)
(3917200,1)
(9447400,1)
(8681500,1)
(1534300,2)
(9368200,1)
(9888500,2)
(10695100,1)
(8790400,1)
(9873100,3)
(11135100,1)
(9898400,1)
(3553600,1)
(9641800,1)
(8764300,1)
(10416000,1)
(10145100,1)
(584700,5)
(1705900,1)
(3899300,1)
(6799700,8)
(9487000,1)
(2484400,2)
(4755100,2)
(2968700,1)
(6070900,1)
(9308800,1)
(11026200,1)
(8936200,1)
(8853400,5)
(9977600,2)
(6857200,4)
(2834500,1)
(5513800,6)
(563000,1)
(10442100,3)
(637800,29)
(7562800,1)
(1895900,1)
(9562600,1)
(2953300,1)
(10318900,1)
(10629400,1)
(8457400,1)
(4804600,8)
(5968400,1)
(11156800,1)
(2319700,43)
(8760700,2)
(3211500,1)
(1486700,1)
(8255800,1)
(6561000,1)
(10962400,1)
(1529900,1)
(2324100,2)
(1508200,122)
(6778000,1)
(1425400,4)
(2859800,3)
(1217500,1)
(1709500,1)
(4938800,1)
(5547100,1)
(6932800,2)
(10714900,1)
(5990900,3)
(3489800,2)
(11275600,1)
(11105400,1)
(4296100,1)
(6295600,1)
(891600,8)
(3126000,5)
(5418400,1)
(7285600,1)
(10911000,1)
(4765000,8)
(5404900,1)
(7962400,2)
(2027100,2)
(9105300,1)
(1781500,3)
(10249600,1)
(1544200,1)
(4830700,1)
(10926400,1)
(4369000,2)
(10016400,1)
(8299000,1)
(1055500,2)
(11230500,1)
(2890300,3)
(2632900,1)
(731300,1)
(9795800,1)
(7556500,1)
(6629500,3)
(1570300,6)
(2705800,2)
(10218000,1)
(9597800,8)
(1554100,5)
(9957800,1)
(9630000,1)
(1227400,46)
(11042400,1)
(9289000,1)
(4865900,3)
(711500,3)
(9378100,1)
(7620300,2)
(10982200,1)
(3084700,1)
(7121700,3)
(10307100,1)
(10868900,1)
(3484300,7)
(1212000,3)
(17400,11)
(6888800,1)
(6916600,2)
(9437500,1)
(11097400,1)
(533300,6)
(8437600,2)
(11229700,1)
(8378200,1)
(1278800,2)
(4814500,1)
(6526900,2)
(10192900,1)
(10708600,1)
(9972100,4)
(9037900,10)
(5480500,1)
(5953000,1)
(9993800,1)
(11146900,2)
(8635600,1)
(3349300,11)
(4839800,1)
(6734800,2)
(11239600,1)
(4796600,1)
(8354800,1)
(396600,1)
(9691300,1)
(1663000,9)
(673800,38)
(8364700,1)
(10932700,1)
(4068400,1)
(8807500,1)
(10422300,1)
(8827300,1)
(10655500,1)
(6586300,1)
(6619600,1)
(9338500,1)
(10790500,3)
(8619400,1)
(11270100,1)
(1735600,9)
(9498800,1)
(7260300,4)
(1958900,1)
(4023300,2)
(10878800,1)
(1366000,13)
(11255800,1)
(4998200,14)
(4781200,1)
(3424900,8)
(10062300,1)
(1903900,7)
(9384400,1)
(7501500,3)
(2662600,2)
(3567100,2)
(10151400,1)
(5007000,1)
(10208100,1)
(11047900,1)
(1164400,2)
(9250200,1)
(4152000,1)
(558600,54)
(3994700,1)
(1688300,21)
(4054900,5)
(1530700,1)
(5444500,2)
(9260100,3)
(2314200,2)
(212900,7)
(232700,7)
(7883200,3)
(10526800,1)
(1643200,1)
(2300700,1)
(1311000,30)
(10802100,1)
(9932500,1)
(9083800,3)
(8691400,2)
(3329500,1)
(10972300,1)
(9125100,4)
(538800,1)
(10531200,1)
(6536800,1)
(8333100,1)
(6758200,1)
(6084400,1)
(10161300,1)
(9239500,1)
(9774100,1)
(9093700,7)
(3251100,1)
(9576100,1)
(8912800,1)
(9135000,1)
(6511500,4)
(1455100,3)
(4489700,1)
(1050000,1)
(1795000,1)
(10675300,1)
(9592300,1)
(2824600,1)
(4177300,1)
(11220600,1)
(10087600,1)
(6562900,1)
(8630100,1)
(3137800,1)
(10244100,1)
(10317000,1)
(9843400,1)
(9572500,1)
(3616600,2)
(6473800,1)
(10354900,1)
(8245900,3)
(11036100,3)
(7032600,1)
(10285600,1)
(11289100,1)
(10586200,1)
(3325900,1)
(3478000,3)
(9708400,1)
(4211400,1)
(10348600,1)
(553100,6)
(2272900,4)
(2106300,4)
(885300,78)
(2112600,1)
(10511400,1)
(10863400,1)
(7551000,1)
(7317000,1)
(112000,1)
(4058500,2)
(2765200,1)
(10026300,1)
(11291800,1)
(1761700,2)
(4408600,1)
(2309800,1)
(3428500,6)
(2899400,2)
(3261000,17)
(9605800,1)
(5365300,5)
(8318800,2)
(4460800,1)
(10092000,1)
(4276300,1)
(1859900,8)
(3820900,1)
(11012700,1)
(6695200,2)
(7427800,1)
(8843500,1)
(3122400,1)
(5459900,2)
(33600,12)
(1771600,1)
(10734700,1)
(9279100,1)
(6596200,1)
(5458000,31)
(8922700,2)
(420800,2)
(6728500,6)
(1160800,29)
(7214400,8)
(10333200,4)
(5198900,3)
(9271900,2)
(4428400,1)
(8655400,1)
(9131400,1)
(2791300,1)
(1879700,2)
(6898700,2)
(3379000,3)
(8685100,1)
(9230400,2)
(10536700,2)
(1415500,22)
(8993900,1)
(2646400,6)
(11196400,1)
(9493300,1)
(3468100,6)
(9156700,6)
(1372300,11)
(10036200,1)
(4626400,16)
(6754600,1)
(10609600,1)
(7279300,1)
(9182800,1)
(1435300,34)
(4142100,1)
(10057900,1)
(1184200,1)
(1169900,29)
(8942500,26)
(5320200,1)
(3938900,1)
(10082100,1)
(6770800,1)
(256100,6)
(10100000,1)
(1233700,4)
(2885900,1)
(984300,3)
(10109100,1)
(6556600,1)
(4687700,1)
(6906700,1)
(10299100,1)
(10997600,1)
(9087400,1)
(10447600,1)
(3147700,5)
(7092000,1)
(7932700,2)
(10250400,1)
(10630200,1)
(9531000,1)
(2102700,1)
(1114900,4)
(5891900,20)
(1755400,1)
(2470900,4)
(9738100,1)
(11299000,1)
(98500,33)
(6551100,4)
(8902900,1)
(10473700,1)
(10121700,1)
(8817400,216)
(2329600,3)
(321800,1)
(7635700,1)
(594600,2)
(10916500,1)
(5489600,1)
(10600500,1)
(1520800,3)
(9620100,1)
(113900,39)
(5503900,1)
(10505100,1)
(11101800,1)
(2830900,1)
(2084800,2)
(11032500,1)
(6774400,1)
(7754500,1)
(2068600,4)
(37200,1)
(10703100,1)
(2709400,2)
(4413000,1)
(8714800,1)
(2494300,4)
(9358300,6)
(8946100,3)
(4869500,3)
(9675100,1)
(6157300,3)
(1168000,2)
(9219700,1)
(9922600,1)
(3907300,2)
(414500,3)
(11186500,1)
(2796800,1)
(10402500,1)
(2381800,3)
(1953400,1)
(3621000,1)
(6635800,42)
(3454600,1)
(9696800,2)
(9433900,1)
(4183600,10)
(5351800,49)
(3507700,23)
(5829800,1)
(6833800,1)
(4943200,2)
(4860400,3)
(5890000,7)
(2418700,1)
(10516900,1)
(6789800,3)
(8956000,1)
(10789700,1)
(10615900,2)
(1199600,2)
(9671500,3)
(8651800,2)
(10521300,1)
(10640100,1)
(11313300,1)
(642200,7)
(9200700,1)
(9245800,6)
(10685200,1)
(10651900,2)
(2098300,8)
(6748300,2)
(9740800,2)
(3588800,1)
(1540600,3)
(3494200,1)
(10254000,1)
(8952400,1)
(10645600,1)
(3537400,1)
(11125200,1)
(410900,3)
(5583100,1)
(8101800,1)
(1564000,1)
(10368400,1)
(2454700,1)
(5553400,2)
(8863300,1)
(1791400,3)
(10290000,1)
(10229800,1)
(5954900,1)
(6660000,1)
(9942400,3)
(10230600,2)
(2464600,8)
(3236800,9)
(7734700,2)
(9665200,1)
(7224300,2)
(2814700,2)
(1988600,2)
(2687900,3)
(6624000,5)
(10280100,1)
(10378300,1)
(4512000,1)
(10614000,1)
(10275700,1)
(10952500,1)
(1298600,1)
(8898500,4)
(3479900,3)
(1808500,1)
(9609400,2)
(2360100,1)
(11249500,1)
(1000500,1)
(9255700,1)
(3606700,1)
(10323300,1)
(1010400,3)
(1030200,2)
(10224300,1)
(2428600,9)
(1590100,1)
(9853300,3)
(5414800,7)
(6893200,15)
(63300,2)
(2963200,4)
(9166600,1)
(3458200,1)
(4173700,1)
(8542900,1)
(2444800,11)
(10724800,1)
(2033400,2)
(1332700,1)
(1346200,2)
(8770600,8)
(8982100,1)
(47100,163)
(4820800,5)
(2256700,36)
(10992100,1)
(10056000,1)
(10303500,1)
(9488900,1)
(725000,3)
(9718300,1)
(8536600,1)
(8789600,1)
(5616400,3)
(4984700,1)
(9077500,1)
(10384600,1)
(958200,1)
(10650000,2)
(5875700,2)
(626000,7)
(5003400,1)
(10946200,1)
(2369200,2)
(4074700,5)
(1569500,1)
(6691600,1)
(7087600,2)
(6926500,1)
(10799600,3)
(3152100,7)
(7052400,1)
(9952300,4)
(3094600,3)
(10898600,1)
(2173900,1)
(9265600,2)
(8750800,2)
(3286300,1)
(9704800,1)
(11083900,1)
(2988500,1)
(5537200,1)
(4646200,1)
(10487200,1)
(974400,1)
(3276400,1)
(10097500,1)
(8784100,1)
(4246600,1)
(153500,213)
(7552900,2)
(1441600,2)
(11285500,1)
(11131500,1)
(10754500,1)
(3116100,20)
(242600,15)
(1658600,3)
(8289100,2)
(1549700,1)
(2172000,4)
(10901100,1)
(1850800,17)
(1326400,1)
(5242900,1)
(4721800,2)
(10572700,1)
(8962300,1)
(2251200,2)
(6822000,2)
(1377800,3)
(9457300,1)
(6153700,11)
(9443800,1)
(3573400,1)
(9323100,2)
(7388200,3)
(3512100,1)
(8422200,1)
(88600,4)
(9619300,1)
(3296200,24)
(10259500,1)
(10922800,1)
(11082000,1)
(9344800,3)
(6790600,5)
(5918900,3)
(10131600,2)
(1514500,3)
(6812100,2)
(10006500,1)
(11209900,1)
(568500,6)
(4262800,1)
(9536500,2)
(2864200,1)
(450500,11)
(1257100,1)
(8916400,5)
(5913400,4)
(10358500,1)
(7333200,1)
(736800,13)
(1283200,5)
(1993000,333)
(10779800,1)
(10936300,1)
(4791100,1)
(9453700,1)
(3527500,3)
(3324000,2)
(9566200,1)
(2480800,1)
(7358500,1)
(272300,1)
(1288700,1)
(10328800,1)
(9780400,1)
(2973100,3)
(2335900,1)
(7119000,4)
(9817300,2)
(9196300,1)
(8443900,1)
(2167600,3)
(8795900,1)
(11259400,1)
(10388200,1)
(10432200,1)
(3201600,3)
(8675200,1)
(376800,2)
(10649200,1)
(8873200,1)
(9161100,2)
(8837200,1)
(7728400,1)
(6936400,3)
(9724600,1)
(10619500,1)
(5870200,1)
(23700,11)
(11280000,1)
(8562700,1)
(9730900,1)
(9799400,1)
(4078300,3)
(4974800,1)
(2606800,10)
(43500,60)
(10390900,1)
(903200,1)
(8997500,2)
(7750900,1)
(9883000,2)
(6541200,5)
(7546600,1)
(8734600,1)
(5048500,1)
(6521400,2)
(1071700,5)
(10669000,1)
(850100,1)
(11046000,1)
(1741900,2)
(9894800,1)
(2895800,1)
(5507500,1)
(5964800,1)
(10125300,1)
(924900,2)
(4122300,4)
(10111800,2)
(7269400,3)
(10813900,2)
(8987600,1)
(10760800,1)
(6807700,6)
(11067700,1)
(9813700,1)
(2697800,19)
(2621100,45)
(9026100,20)
(13800,274)
(9769700,2)
(11016300,1)
(4418500,1)
(3340200,1)
(6901200,1)
(705200,4)
(9407800,3)
(6442200,2)
(11250300,1)
(9328600,3)
(9432000,3)
(10610400,1)
(9303300,4)
(10338700,1)
(3359200,2)
(10022700,2)
(9511200,3)
(10191000,1)
(11214300,1)
(9556300,2)
(9681400,1)
(8279200,2)
(9275500,1)
(8604000,2)
(8374600,2)
(27300,5)
(4116000,1)
(11224200,1)
(9625600,1)
(10620300,1)
(1202100,3)
(9827200,1)
(163400,1)
(3063000,1)
(10501500,1)
(9057700,1)
(2136000,48)
(10240500,3)
(2201700,47)
(7125300,11)
(2889500,3)
(10497100,1)
(6764500,4)
(10457500,1)
(9333000,1)
(4533700,1)
(9399800,1)
(1316500,2)
(10406100,1)
(11245900,1)
(8348500,1)
(3345700,67)
(489300,2)
(2720100,5)
(10576300,1)
(10827400,1)
(8453800,1)
(8967800,1)
(8926300,12)
(762900,1)
(10270200,1)
(10046100,1)
(7111800,3)
(10812000,1)
(9072000,1)
(5424700,2)
(11303400,1)
(8957900,1)
(236300,12)
(4513900,1)
(1150900,1)
(8901000,1)
(4507600,2)
(5804500,1)
(5557000,1)
(1095100,1)
(1144600,15)
(2672500,3)
(5731600,4)
(8972200,1)
(1623400,2)
(9204300,2)
(8260200,1)
(7515000,2)
(2468200,1)
(4339300,1)
(9402300,6)
(4828000,1)
(8566300,1)
(5601000,1)
(10289200,1)
(198600,1)
(4117900,1)
(6582700,3)
(9151200,1)
(1994900,2)
(9427600,4)
(1471300,210)
(10077700,2)
(6744700,2)
(7255900,1)
(5701900,1)
(1617100,1)
(4064800,1)
(1824700,69)
(954600,4)
(10942600,1)
(480200,52)
(1998500,2)
(10857100,1)
(8625700,2)
(3499700,1)
(6794200,22)
(9249400,7)
(9744400,1)
(9291700,2)
(4557100,1)
(9295300,1)
(7166800,1)
(6531300,5)
(7640100,1)
(6883300,13)
(10770700,1)
(7614000,1)
(1029400,7)
(1336300,26)
(57000,5)
(1510900,2)
(8610300,1)
(9417700,3)
(10883200,1)
(9394300,1)
(11182900,2)
(5533600,2)
(507200,76)
(9639100,1)
(2282800,4)
(2078500,1)
(6784300,1)
(4464400,1)
(652100,1)
(2345800,6)
(1059100,4)
(10977800,1)
(5403000,1)
(1367900,1)
(8893000,22)
(683700,15)
(351500,5)
(11052300,1)
(6604200,23)
(10214400,1)
(7402500,1)
(7521300,2)
(8344900,1)
(10171200,1)
(960900,17)
(9552700,1)
(7046100,1)
(4543600,1)
(9388000,1)
(246200,5)
(9987500,1)
(7516900,1)
(4850500,1)
(10582600,1)
(2094700,26)
(10483600,1)
(226400,4)
(7250400,9)
(2241300,1)
(9192700,1)
(657600,5)
(10659100,1)
(386700,38)
(7299100,1)
(4953100,1)
(10764400,1)
(10467400,1)
(1504600,2)
(11093800,1)
(10412400,1)
(10234200,1)
(287700,15)
(10463800,1)
(4385200,1)
(2007300,1)
(3448300,1)
(10141500,1)
(2844400,1)
(8857000,1)
(5474200,9)
(10427800,1)
(2122500,1)
(1466900,1)
(1818400,8)
(1253500,1)
(5725300,1)
(9803800,1)
(10269400,1)
(786300,8)
(2800,2)
(2355700,1)
(9983900,1)
(4043100,1)
(9685000,1)
(2292700,2)
(10101900,1)
(564900,53)
(1603600,37)
(11002800,1)
(10135200,1)
(9002700,1)
(4157500,11)
(10784200,1)
(365000,1)
(3818200,1)
(11219800,1)
(2840800,1)
(7280100,2)
(8728300,6)
(102100,8)
(2433000,4)
(10295500,1)
(11111700,1)
(10042500,2)
(10681600,4)
(9224100,2)
(1785100,17)
(9645400,1)
(9837100,1)
(2636500,4)
(5899100,1)
(11087500,1)
(10265800,1)
(429900,11)
(9022500,1)
(3913600,2)
(3162000,1)
(1860700,3)
(5756900,2)
(2177500,1)
(7572700,5)
(10661800,1)
(4933300,1)
(7911000,1)
(8888600,9)
(2370000,1)
(10639300,1)
(2676100,1)
(10774300,1)
(602600,71)
(663900,2)
(11166700,1)
(1933600,1)
(1978700,1)
(4523800,11)
(418100,6)
(5147500,1)
(4335700,60)
(7987700,1)
(479400,1)
(2132400,1)
(10343100,1)
(1419100,167)
(9982000,1)
(9784000,1)
(2517700,7)
(7131600,1)
(10780600,1)
(7511400,1)
(1907500,1)
(2116200,4)
(895200,8)
(6576400,6)
(408200,5)
(1585700,2)
(454100,150)
(4444600,3)
(4719100,4)
(127400,1)
(10204500,2)
(2043300,1)
(10794100,1)
(1158100,2)
(93000,11)
(8402400,2)
(10853500,1)
(9912700,3)
(1273300,1)
(2142300,1)
(8552800,1)
(10873300,1)
(2958800,3)
(2147800,1)
(1579400,2)
(9220500,1)
(11307000,1)
(7453900,2)
(8412300,1)
(9186400,1)
(262400,64)
(9532900,1)
(9947900,1)
(3320400,8)
(1983100,12)
(1814800,4)
(2626600,10)
(9878600,1)
(9629200,1)
(11121600,1)
(10817500,1)
(9789500,1)
(10566400,1)
(11141400,1)
(470300,1)
(7447600,1)
(2903800,1)
(11171100,1)
(8780500,7)
(938400,1)
(9374500,1)
(5361700,1)
(1091500,15)
(5391400,2)
(8794000,1)
(3225000,5)
(9651700,9)
(1496600,13)
(9615700,1)
(11269300,1)
(6911100,1)
(1678400,1)
(10728400,1)
(3391600,134)
(990600,1)
(5721700,1)
(10220700,1)
(7354900,2)
(10072200,2)
(7057900,1)
(9052200,7)
(11176600,1)
(5408500,2)
(3563500,1)
(10166800,1)
(8303400,1)
(7196500,2)
(1664900,29)
(9916300,2)
(1301100,1)
(10353000,2)
(9210600,1)
(5502000,2)
(10562800,2)
(4573300,5)
(994200,2)
(5371600,3)
(1765300,16)
(3058600,3)
(9884900,1)
(859200,1)
(10374700,1)
(928500,1)
(3460900,1)
(361400,1)
(3413100,1)
(8605900,1)
(11295400,1)
(9062100,2)
(7437700,6)
(9516700,3)
(746700,4)
(94900,2)
(117500,1)
(10477300,1)
(7105500,1)
(4320300,3)
(6505200,1)
(662000,1)
(11208000,1)
(7422300,3)
(1668500,3)
(4448200,1)
(9176500,1)
(9858800,1)
(5594900,2)
(1902000,2)
(133700,1)
(4885700,1)
(267900,4)
(1170700,1)
(292100,2)
(3300600,29)
(6240600,1)
(11145000,1)
(7898600,1)
(2686000,1)
(10155000,1)
(3231300,1)
(8992000,3)
(6630300,14)
(8308900,1)
(11115300,2)
(10956100,1)
(5588600,2)
(10833700,1)
(9047800,3)
