(9050200,1)
(1986600,59)
(9835100,3)
(4505600,28)
(1385700,11)
(10435700,1)
(738400,43)
(1563900,1)
(9133000,1)
(4863900,1)
(9627200,1)
(1753400,16)
(1703900,1)
(3935000,1)
(2264600,7)
(4096100,1)
(2025100,1)
(8989200,1)
(10612000,1)
(9613700,1)
(7396100,4)
(10392500,1)
(2347400,2)
(8930600,1)
(10113400,1)
(3165500,17)
(467500,1)
(778000,2)
(7637300,1)
(1205600,5)
(9538100,1)
(2674100,1)
(10491500,2)
(289300,1)
(4571300,5)
(4670300,2)
(10865000,1)
(4477800,2)
(9079100,1)
(827500,2)
(7570700,2)
(9212200,1)
(8316800,1)
(9392300,1)
(669100,1)
(5982600,1)
(7544600,2)
(10138700,1)
(8400400,2)
(11138600,1)
(9540800,3)
(10010800,1)
(650100,3)
(6835400,3)
(7054000,1)
(2061100,12)
(10356500,1)
(770800,1)
(8560700,4)
(8980100,2)
(9059300,1)
(9134900,1)
(8267300,1)
(5545100,2)
(7419500,2)
(8702900,1)
(1359600,2)
(695200,2)
(109200,22)
(1231700,23)
(10485200,1)
(9861200,13)
(2520100,5)
(91000,3)
(8960300,2)
(10990100,1)
(4689300,2)
(7513000,1)
(10558100,1)
(1966800,2)
(6021100,2)
(10980200,1)
(9075500,5)
(8871200,112)
(10273700,1)
(2836100,13)
(9590300,2)
(11070100,1)
(6602200,5)
(8386100,5)
(8693000,1)
(11044000,1)
(7287200,3)
(10979400,1)
(8929800,1)
(9451700,2)
(9103300,6)
(151500,9)
(6503200,1)
(10409600,1)
(11004400,1)
(1111000,476)
(4703600,1)
(9024100,5)
(10020700,1)
(3025000,1)
(9960200,1)
(4347200,2)
(9603800,1)
(8821700,25)
(9267200,1)
(9273500,4)
(5893500,1)
(11283500,1)
(5802500,6)
(9030400,6)
(11311300,1)
(1921700,1)
(2591300,201)
(11168300,1)
(780700,145)
(9178100,1)
(2832500,2)
(9530900,1)
(2452700,3)
(3347300,4)
(2529200,2)
(5001400,1)
(4368900,1)
(121800,3)
(412500,1)
(9331000,1)
(2497800,1)
(3061000,1)
(6518600,2)
(1512500,21)
(3401200,1)
(822000,2)
(4284200,1)
(11222200,1)
(7174700,1)
(10929900,1)
(4234700,1)
(10550900,1)
(9301300,1)
(784300,1)
(1971200,2)
(9306800,3)
(3140200,2)
(2284400,1)
(9793800,1)
(10924400,1)
(9518300,1)
(898700,2)
(11243900,2)
(9180800,1)
(9742400,1)
(2882000,1)
(4915100,1)
(10701100,1)
(8940500,1)
(9991800,1)
(6800200,4)
(7485200,2)
(9930500,2)
(4191500,8)
(1209200,43)
(2289900,2)
(8415800,7)
(11010700,1)
(9431900,1)
(295600,1)
(9574100,1)
(9846900,1)
(11014300,1)
(10060300,1)
(9184400,4)
(6762500,1)
(3640700,1)
(9113200,2)
(165000,6)
(1826300,2)
(10216000,5)
(8732600,4)
(966100,2)
(1605200,3)
(8970200,1)
(1043600,2)
(5477700,43)
(7277300,1)
(7297100,1)
(4992600,1)
(4707200,3)
(1816400,1)
(10004500,1)
(10362800,1)
(240600,13)
(4115900,11)
(10103500,1)
(7508600,1)
(4852100,1)
(3150100,2)
(11257400,1)
(2092700,4)
(9762200,1)
(9663200,1)
(2401300,2)
(7059500,1)
(8752400,1)
(7949700,3)
(9919800,2)
(10000900,1)
(9908000,1)
(5754900,1)
(11158400,1)
(3509300,4)
(9959400,3)
(3179000,1)
(2066600,8)
(2169200,1)
(6940700,2)
(11199900,1)
(952600,5)
(1172300,30)
(6979500,1)
(259600,52)
(9886500,1)
(3531800,1)
(2238500,9)
(7782200,1)
(8293400,2)
(265900,1)
(9283400,3)
(2462600,6)
(10949700,1)
(9866700,1)
(6851600,1)
(11039600,1)
(9040300,1)
(9449000,1)
(10841600,1)
(7746200,1)
(11055800,1)
(4535300,1)
(9647000,1)
(10382600,1)
(10495100,1)
(3452600,1)
(402600,2)
(7194500,3)
(10508600,1)
(8594000,1)
(10079300,2)
(7435700,2)
(10366400,1)
(2670500,6)
(10999200,1)
(8451800,1)
(11024200,1)
(9170900,1)
(9108800,2)
(2472500,4)
(9202300,1)
(10202500,1)
(4398600,1)
(2901800,2)
(9326600,1)
(1494600,8)
(5758500,1)
(9668700,1)
(9801800,2)
(6815600,1)
(9845000,1)
(1935200,6)
(432300,5)
(6580700,1)
(9929700,1)
(6633800,5)
(525000,1)
(6819200,1)
(6732800,4)
(1577400,1)
(9694800,1)
(11091800,1)
(1882100,1)
(10995600,1)
(7382600,1)
(11190800,1)
(6865100,2)
(9856800,1)
(343200,4)
(9825200,2)
(76700,1)
(671800,10)
(3421000,1)
(9465200,1)
(2659800,1)
(2432900,1)
(5946600,5)
(9633500,2)
(5952900,1)
(6508700,4)
(3268100,1)
(10589700,1)
(9372500,1)
(679000,1)
(7376300,10)
(11089100,1)
(10503100,1)
(10133200,2)
(5011300,1)
(10212400,1)
(10845200,2)
(11207900,1)
(10688700,1)
(10376300,1)
(1773200,1)
(9797400,1)
(4238300,1)
(8465300,2)
(9352700,2)
(10910900,1)
(394600,19)
(685300,4)
(4966500,2)
(6855200,1)
(10965900,1)
(2747000,4)
(1682700,1)
(10247600,1)
(1707500,1)
(7257500,2)
(2883900,10)
(1197600,39)
(1692600,3)
(4798200,2)
(8825300,5)
(9336500,1)
(10914500,1)
(6237800,1)
(11316800,1)
(2333900,1)
(5402900,1)
(2278100,3)
(5877300,3)
(629500,68)
(9653300,1)
(4816100,13)
(681700,13)
(10667000,1)
(10461800,1)
(5670200,1)
(8939700,1)
(3373400,1)
(8044000,1)
(9980000,1)
(8886600,1)
(7128800,2)
(7326800,2)
(4159100,2)
(3155600,2)
(7133200,1)
(10554500,1)
(9706400,1)
(9528200,5)
(5571200,3)
(11301400,1)
(1919000,1)
(6617600,1)
(11800,160)
(10564400,2)
(8544500,1)
(4541600,1)
(3367100,5)
(1498200,6)
(125400,3)
(625900,13)
(7212400,3)
(1166000,2)
(8247500,2)
(11009900,1)
(249700,5)
(9969300,2)
(4794600,1)
(7044100,1)
(6548300,1)
(1737200,3)
(10188200,1)
(4806200,7)
(9144800,1)
(2531900,2)
(10341100,1)
(5416400,1)
(6959700,2)
(8910800,1)
(9777600,1)
(2337500,2)
(4467900,1)
(6267500,4)
(9702800,1)
(11065700,1)
(1474800,1)
(10861400,1)
(9397800,1)
(10128800,1)
(1522400,1)
(2649900,7)
(592600,4)
(3535400,1)
(1526000,36)
(2822600,3)
(4509200,1)
(3031300,2)
(3519200,1)
(8445500,1)
(9783900,1)
(7366400,2)
(6861500,3)
(1142600,2)
(9876600,3)
(10851500,1)
(7410400,1)
(196600,86)
(2185400,3)
(8123200,1)
(4842200,1)
(4317500,9)
(3669600,1)
(8429300,1)
(11194400,1)
(4327400,3)
(8694900,3)
(3145700,1)
(86600,1)
(384700,11)
(561000,1)
(7449200,1)
(6746300,4)
(9914300,1)
(10050400,1)
(4946700,2)
(7495100,1)
(4411000,11)
(4743200,1)
(2509400,10)
(1007600,3)
(4956600,1)
(1672800,1)
(9989100,1)
(9471500,1)
(600600,1)
(888800,1)
(3274400,2)
(10726400,1)
(6908300,1)
(6584300,14)
(10975800,1)
(10168400,1)
(2640800,1)
(11247500,1)
(893200,10)
(2393300,4)
(10014400,1)
(10267400,2)
(7455500,1)
(1747100,1)
(8990000,5)
(2071000,1)
(906700,2)
(9970100,1)
(2500300,1)
(10513000,1)
(3901700,5)
(1666500,51)
(7030600,1)
(10736300,1)
(6643700,3)
(1615100,1)
(9965700,1)
(7055900,1)
(5717000,2)
(987800,1)
(1463000,15)
(3072800,1)
(2203300,1)
(1063400,2)
(9415700,1)
(2165600,1)
(8366300,1)
(9940400,1)
(299200,46)
(7451900,10)
(1552100,1)
(9949500,1)
(3472400,1)
(1547700,1)
(2798400,12)
(9815300,1)
(9070000,19)
(3883800,1)
(8716400,1)
(1641200,1)
(3520000,1)
(9904400,1)
(2357300,2)
(214500,1)
(9920600,1)
(7503100,1)
(10449200,2)
(6558200,1)
(9287000,1)
(3996300,122)
(10876800,1)
(1017500,2)
(234300,201)
(1443200,35)
(239800,9)
(3104200,1)
(10095500,1)
(6928100,8)
(8461700,1)
(10821800,1)
(2114200,39)
(2816300,1)
(1956900,20)
(2466200,1)
(10054000,1)
(2170000,1)
(7400500,2)
(1506200,20)
(9698400,17)
(9233900,1)
(4021300,173)
(3650600,1)
(3487800,1)
(2135900,8)
(10930700,1)
(7414000,2)
(9623600,3)
(105600,4)
(10305100,1)
(9081800,1)
(10194500,1)
(11085500,1)
(2248400,2)
(2699400,4)
(487300,1)
(5591000,1)
(2139500,1)
(437800,2)
(9049400,2)
(9277100,1)
(9524600,1)
(11060200,1)
(11118800,1)
(1427000,4)
(1428900,1)
(11133100,1)
(10599600,5)
(6825500,1)
(2031400,1)
(10617500,1)
(6524900,4)
(5284100,1)
(7481600,2)
(8777700,4)
(4931300,4)
(5685600,1)
(10959600,1)
(1328000,9)
(10252000,1)
(982300,9)
(442200,52)
(56900,24)
(5383100,1)
(9386000,3)
(5915000,1)
(9722600,1)
(3936900,1)
(303600,2)
(8991900,1)
(9767700,1)
(1162400,170)
(9118700,1)
(6554600,2)
(1778700,1)
(4195100,3)
(5500000,1)
(2021500,3)
(3264500,3)
(4169000,29)
(6528500,1)
(10792100,1)
(878900,8)
(6232300,1)
(1098600,2)
(10065800,9)
(9752300,1)
(703200,5)
(9599400,1)
(3181700,3)
(7574300,4)
(6578000,31)
(10059500,1)
(10560800,1)
(11293400,1)
(8397900,1)
(5388600,4)
(4822400,2)
(556600,4)
(8892900,2)
(11232100,1)
(2377100,1)
(9034000,1)
(9227600,4)
(8904500,10)
(8856900,1)
(4664000,1)
(10049600,1)
(9045800,2)
(9841400,1)
(10969500,1)
(9430000,1)
(9232000,1)
(6726500,2)
(6918200,2)
(1801000,3)
(2442800,1)
(10148600,1)
(7580600,7)
(3555200,1)
(10544600,1)
(4452500,2)
(8831600,8)
(9400300,1)
(10439300,2)
(1023800,5)
(4551500,1)
(3223000,1)
(9362600,1)
(9508400,1)
(8410300,2)
(4976400,1)
(2826200,1)
(10752500,1)
(7829000,1)
(10091900,4)
(11019800,1)
(3432800,1)
(4713500,1)
(10030600,1)
(10623800,27)
(9123100,1)
(1951400,3)
(515100,6)
(5962800,1)
(210900,6)
(3159200,19)
(8607500,1)
(7471700,1)
(1340600,1)
(10896600,1)
(2510200,3)
(4151900,2)
(7939800,1)
(8222200,1)
(9585900,3)
(4401100,1)
(10653500,1)
(10455500,1)
(8918000,1)
(10154900,1)
(11030500,1)
(901200,3)
(5042900,2)
(3278000,1)
(135300,5646)
(9579600,1)
(8900900,1)
(3510100,1)
(8439200,10)
(9617300,1)
(10237700,1)
(11273600,1)
(10075700,1)
(4264400,1)
(9643400,3)
(9805400,1)
(7623800,1)
(8896500,30)
(4026800,2)
(1662900,4)
(10939800,1)
(3905300,3)
(4679400,1)
(6711100,3)
(10579800,1)
(10712900,2)
(4487700,1)
(11277200,1)
(1037300,3)
(10040500,1)
(5596500,3)
(10766000,1)
(7904600,1)
(8891000,1)
(5723300,1)
(1211900,16)
(9321100,1)
(9481400,2)
(9554300,2)
(3911600,6)
(7617500,3)
(10232200,1)
(8455400,1)
(10253900,1)
(9809000,3)
(9910700,1)
(8845100,1)
(7070200,7)
(9548000,1)
(1433300,13)
(1502600,89)
(2951300,1)
(4847700,4)
(9455300,1)
(10647200,1)
(8851400,1)
(11164700,1)
(7550900,3)
(6721000,1)
(6722900,10)
(8876700,10)
(15400,8)
(8199900,3)
(8908100,10)
(10481600,1)
(10787700,1)
(10797600,1)
(10904600,1)
(2120500,2)
(7876800,1)
(1542200,53)
(536800,39)
(1897500,2)
(8584100,1)
(8198000,1)
(6766100,1)
(6938000,1)
(5614400,1)
(8811800,3)
(5036600,1)
(6821900,2)
(11045900,1)
(290100,58)
(10746200,2)
(3946800,2)
(5738700,5)
(10732700,1)
(9924200,1)
(8950400,2)
(8346500,2)
(10831700,1)
(7034200,1)
(5556900,1)
(92900,42)
(1900000,32)
(115500,4)
(3120400,1)
(936400,8)
(9138500,1)
(10762400,1)
(4511900,1)
(5521700,1)
(145200,19)
(4576800,1)
(10227800,1)
(1793000,7)
(604200,63)
(131700,5)
(2486000,4)
(5718900,1)
(2327600,2)
(11206000,1)
(9831500,2)
(8756000,1)
(4228400,6)
(10117000,1)
(5812400,7)
(5487600,1)
(8955900,1)
(1981100,1)
(1812800,1)
(1324400,12)
(250500,2)
(270300,2)
(10809200,1)
(9939600,1)
(8969400,12)
(8331100,1)
(3299700,2)
(66800,3)
(7643600,6)
(8081900,1)
(10206100,1)
(228000,3)
(9584000,1)
(452100,1)
(4181600,8)
(1012000,66)
(8819000,1)
(2130400,18)
(6772400,4)
(1757000,4)
(9419300,1)
(10819100,1)
(1723700,1)
(9071900,40)
(8113300,11)
(9975600,1)
(5406500,2)
(10257500,2)
(8321200,2)
(21700,8)
(1651100,1)
(10637300,1)
(8574200,2)
(8009900,1)
(2773100,3)
(10386200,1)
(2179100,3)
(10346600,3)
(5561300,2)
(2618300,6)
(10143100,1)
(5768400,1)
(6787800,3)
(8797500,5)
(6006800,1)
(10698600,1)
(1537800,28)
(2119700,1)
(10607600,1)
(3893700,2)
(2082800,9)
(10805600,2)
(9085400,31)
(6257600,1)
(4883700,1)
(2160100,18)
(11212300,1)
(3135800,1)
(110000,4)
(847300,19)
(10934300,1)
(2436500,1)
(5951000,1)
(926500,8)
(10944200,1)
(10940600,1)
(1768800,5)
(269500,2)
(9425600,1)
(10471700,1)
(10782200,1)
(10293500,1)
(9039500,5)
(10018000,1)
(2290700,4)
(3353600,27)
(10080100,1)
(7430200,1)
(497200,4)
(10602100,1)
(1458600,3)
(1583700,1)
(8580500,1)
(11103400,1)
(2717300,1)
(11306900,1)
(6706700,2)
(96500,1)
(6627500,1)
(10055900,1)
(10663400,4)
(7819100,1)
(1370300,3)
(8277200,2)
(6934400,2)
(3634400,1)
(4400,118)
(9029600,1)
(71200,62)
(9944000,1)
(7881200,1)
(3001600,263)
(7222300,1)
(10920800,1)
(5966400,1)
(11198000,1)
(11034100,1)
(873400,1)
(11227700,1)
(11297000,1)
(10985700,1)
(9445400,1)
(9405800,1)
(3992700,1)
(4529000,3)
(119100,15)
(10633700,2)
(11000800,1)
(723000,18)
(9934100,1)
(4150000,1)
(1696200,4)
(11123200,1)
(9257300,1)
(2561600,12)
(2411200,2)
(9356300,1)
(9945900,4)
(1438800,1)
(8701000,1)
(10352900,3)
(10548200,2)
(9821600,1)
(457600,3)
(9000700,1)
(4279800,1)
(7979400,1)
(10174700,1)
(473800,4)
(11107000,1)
(9688500,2)
(2270900,1)
(10960400,1)
(1702000,3)
(11079200,1)
(7980200,1)
(11081900,1)
(378400,60)
(9772100,1)
(9089000,5)
(1379400,12)
(10118900,1)
(11008000,1)
(6904700,1)
(635800,9)
(1350500,1)
(8965800,1)
(4109600,2)
(4837800,2)
(5155400,1)
(7050400,3)
(4867500,125)
(5139200,1)
(5778300,1)
(9014200,1)
(1562000,35)
(9560600,1)
(10584200,1)
(7564400,1)
(10891100,1)
(997700,2)
(8627300,1)
(566500,2)
(9981900,1)
(4951100,2)
(10287200,1)
(8298900,1)
(3011500,1)
(5728800,1)
(2332000,11)
(6777900,2)
(8617400,2)
(2456300,3)
(3021400,4)
(7198100,2)
(1156100,55)
(2056700,60)
(9188000,5)
(1291100,221)
(7117000,1)
(4001500,2)
(7425800,3)
(2476100,1)
(10029800,1)
(6782300,1)
(1802900,1)
(2388900,5)
(1389300,8)
(6560900,1)
(8924300,1)
(4250900,127)
(4561400,25)
(8815400,10)
(8841500,1)
(8793900,4)
(1625000,2)
(5343500,1)
(8000,9)
(4727000,1)
(2778600,2)
(10815500,1)
(3921500,1)
(9882900,7)
(3586800,1)
(5972700,29)
(8540900,1)
(3411100,5)
(11099000,1)
(7085600,2)
(956200,1)
(8805500,26)
(9237500,1)
(3327500,2)
(7415900,1)
(10574300,1)
(10881200,1)
(9376100,3)
(220800,18)
(10008100,1)
(10459100,1)
(7148600,1)
(4383200,19)
(2689500,4)
(10099100,6)
(10425800,1)
(7613900,1)
(3185300,1)
(3406700,1)
(10430200,2)
(1126400,5)
(619600,113)
(582700,1)
(406200,3)
(4185200,60)
(8934200,1)
(10469000,1)
(9069200,1)
(9288900,7)
(9782000,1)
(10580600,1)
(7049600,1)
(11184500,1)
(9712700,1)
(10024300,1)
(6589800,3)
(7069400,1)
(6742700,1)
(6886800,4)
(9746000,3)
(10657100,1)
(3565100,11)
(9461600,1)
(9909900,2)
(416100,6)
(4961000,2)
(10811900,1)
(11143000,1)
(1360400,99)
(9726200,1)
(2367200,4)
(10404100,1)
(3161900,5)
(10908200,2)
(8954000,1)
(546700,17)
(7514900,4)
(8999100,1)
(1852400,14)
(5394900,1)
(10954100,1)
(10514900,1)
(2487900,1)
(10316900,1)
(10153000,2)
(229900,13)
(9534500,1)
(9496800,1)
(10178300,1)
(3422900,4)
(4082600,14)
(6939900,3)
(2624600,2)
(7060300,1)
(8787600,55)
(9900800,1)
(9247400,1)
(10683200,1)
(7386200,2)
(9673100,1)
(9995400,1)
(81100,2)
(4690100,1)
(5171600,1)
(6698700,2)
(8107000,4)
(9979200,1)
(3576900,9)
(11217800,1)
(2343800,9)
(9387900,9)
(19000,9)
(10964000,1)
(10044100,1)
(8944100,1)
(10445600,1)
(7263800,4)
(5827800,9)
(2872100,2)
(9055700,1)
(11174600,1)
(11263700,1)
(2244800,1718)
(9253700,1)
(2005300,1)
(2035000,1)
(2976600,1)
(9747900,1)
(9683000,4)
(10716500,1)
(8602000,1)
(9550700,1)
(3086300,4)
(3191600,5)
(4175300,1)
(10568000,1)
(11253800,1)
(10277300,1)
(10570700,1)
(10326800,1)
(9569700,1)
(3545300,1)
(10034200,1)
(8352800,4)
(8746100,1)
(10777800,1)
(620400,50)
(562900,6)
(8757900,1)
(2634500,8)
(8792000,6)
(4406600,1)
(5620700,1)
(10693100,2)
(10524800,1)
(10400500,1)
(1318100,1)
(8995500,1)
(7568000,1)
(1846100,79)
(1646700,2)
(5140000,1)
(7090000,1)
(6736400,5)
(4936800,2)
(2134000,2125)
(3416600,1)
(3393200,1)
(10569900,1)
(4723400,2)
(10123300,2)
(10800100,1)
(630300,63)
(7331200,1)
(655600,3)
(260400,9)
(11049500,1)
(2946900,34)
(6820000,2)
(2887500,16)
(10019900,1)
(422400,1)
(8301400,2)
(10429400,1)
(5515400,6)
(789800,14)
(3500200,1)
(2051200,39)
(3456200,1)
(4171700,2)
(1836200,17)
(10594100,2)
(11148500,1)
(7409600,2)
(11069300,1)
(9475100,1)
(3388800,114)
(6637400,1)
(1532300,1)
(6523000,1)
(2288000,3)
(61300,6)
(5031100,2)
(9485000,1)
(5056400,1)
(11287100,1)
(4005100,1)
(9009800,2)
(9549900,1)
(1631300,15)
(8305000,1)
(1390100,14)
(921000,2)
(8985600,1)
(1743500,11)
(10372700,1)
(9648900,2)
(6810100,11)
(11059400,1)
(8772200,1)
(4388700,3)
(10184600,2)
(5764800,3)
(2519300,33)
(6570800,3)
(2628200,1)
(977900,3)
(6688800,3)
(4531700,1)
(1516100,8)
(9174500,5)
(204600,5)
(10085600,2)
(2638100,1)
(5665800,1)
(8835200,1)
(10090000,1)
(3234800,1)
(3333800,5)
(1713800,19)
(9316700,1)
(10450000,1)
(9332900,1)
(4244600,1)
(9222100,1)
(7321300,1)
(2905400,1)
(1281200,19)
(10217900,1)
(8341000,1)
(11144900,1)
(1573800,1)
(9544400,12)
(10410400,1)
(6622000,1)
(388300,4)
(10158500,1)
(7123300,1)
(3109700,1)
(8449100,4)
(4962900,1)
(1832600,11)
(10414000,1)
(4802600,1)
(3541700,3)
(932800,5)
(3322000,3)
(1798500,1)
(9851300,1)
(6805700,2)
(5675700,1)
(9217700,6)
(4224800,1)
(9985500,1)
(9168200,3)
(10222300,1)
(45100,17)
(9658800,1)
(6776000,1)
(9439100,1)
(4280600,20)
(6538400,5)
(2966700,14)
(10164800,1)
(8459000,1)
(218100,30)
(6896700,1)
(3897300,2)
(6607700,1)
(1310900,1)
(11178200,1)
(9637100,1)
(9207800,1)
(1364000,2)
(1794900,1)
(1976700,1)
(10070200,1)
(4675800,52)
(9514700,1)
(7825400,1)
(2783000,1)
(9060100,2)
(2159300,1)
(186700,1)
(9757800,4)
(7896600,1)
(7232200,2)
(790600,17)
(6579900,2)
(8855000,1)
(9504800,7)
(3171800,12)
(10242100,1)
(4728900,2)
(2788500,1)
(35200,9)
(8949600,1)
(1265000,1)
(2096300,1)
(4214900,4)
(10742600,2)
(10772300,1)
(10825400,1)
(5926800,1)
(4343600,2)
(280200,3)
(9035900,14)
(10311400,1)
(1822700,10)
(10518500,1)
(2181800,2)
(1758900,2)
(9595800,1)
(10198100,1)
(11128700,1)
(2713700,1)
(2961200,2)
(744700,7)
(3114100,4)
(11020600,1)
(5422700,1)
(9564200,1)
(9148400,1)
(10678800,1)
(9678600,1)
(10673300,1)
(9684900,2)
(2660600,1)
(2258300,1)
(9420100,1)
(9435500,1)
(493600,4)
(10301500,1)
(3357200,1)
(9787500,1)
(9570500,12)
(3591200,1)
(4695600,1)
(10950500,2)
(41500,4)
(10039700,3)
(1002100,3)
(1033700,1)
(3238400,1)
(10835300,2)
(9900,5)
(1661000,1)
(10396100,1)
(3436400,1)
(9955800,1)
(11237600,1)
(10315000,1)
(7469000,2)
(1788600,1)
(4416500,54)
(1027400,1)
(7372700,1)
(9095300,2)
(2492300,2)
(4738800,1)
(10263800,2)
(10866900,1)
(3476000,2)
(10643600,1)
(1210000,5)
(1909100,1)
(640200,34)
(10928000,1)
(8736200,2)
(7039700,2)
(2515700,1)
(6752600,5)
(4248200,2)
(1636800,1)
(9128600,1)
(6756200,6)
(2086400,1)
(4515500,3)
(9410200,1)
(610500,1)
(1656600,1)
(10420300,1)
(10107100,2)
(8409500,1)
(1067000,4)
(6914600,4)
(4446200,5)
(1182200,23)
(3129500,2)
(7095500,1)
(7420300,1)
(867100,8)
(675400,16)
(8336600,1)
(8508500,1)
(9091700,1)
(922900,1)
(374800,2)
(208200,10)
(9342800,3)
(10538300,1)
(11298900,2)
(2254700,1)
(645700,1)
(11113300,1)
(10706600,1)
(4654100,2)
(1068900,1)
(9881000,1)
(11050300,1)
(962500,1)
(10590500,1)
(3561500,3)
(10190900,1)
(7118900,1)
(8914400,5)
(10810000,1)
(2867700,8)
(8440000,1)
(7811900,1)
(8372600,1)
(9298800,2)
(5412800,1)
(8979300,1)
(1047200,7)
(9154700,2)
(10722800,4)
(8782100,3)
(9065600,3)
(9580400,1)
(3377000,5)
(11108900,1)
(10069400,1)
(4213000,1)
(1611500,1)
(4566900,1)
(275800,2)
(10918100,1)
(5743100,3)
(11267300,1)
(11202400,1)
(1567500,1)
(7075700,2)
(285700,49)
(10321300,1)
(5062700,1)
(6693200,6)
(2046800,1)
(5535200,1)
(4076300,2)
(2768700,4)
(10711000,1)
(6534800,9)
(7726400,3)
(9559800,1)
(4996200,4)
(1842500,1)
(4274300,2)
(1225400,5)
(4140100,2)
(2695800,2)
(2312200,3)
(8920700,2)
(9732500,1)
(734800,2)
(4412900,42)
(317100,2)
(5897100,1)
(9429200,1)
(3100600,1)
(1088700,62)
(10451900,1)
(4630700,2)
(2703800,3)
(10336700,1)
(8643500,1)
(2109800,1)
(665500,59)
(10970300,2)
(8881100,2)
(10331200,1)
(946300,2)
(2763200,2)
(6599700,39)
(8861300,4)
(427900,2)
(1200100,3)
(9896400,1)
(8919900,1)
(11305000,1)
(2802800,9)
(3280700,1)
(9716300,1)
(8767800,3)
(9871100,1)
(10089200,1)
(3492200,1)
(1380200,1)
(8311300,1)
(3383300,1)
(2398800,2)
(2171900,6)
(1215500,1)
(2076500,10)
(8959500,1)
(10351000,1)
(2784900,1)
(11029700,1)
(11075600,1)
(8306900,1)
(2648000,2)
(7202500,1)
(1887600,2)
(9010600,1)
(9441800,1)
(3521900,3)
(10989300,2)
(10613900,1)
(3279900,1)
(10415900,1)
(1717400,5)
(7429400,2)
(3284300,2)
(7450000,1)
(8809100,9)
(5497500,3)
(5713400,1)
(649300,46)
(8801900,48)
(8975700,2)
(5398500,59)
(10440100,1)
(7107100,1)
(2110600,7)
(1122800,1)
(31600,110)
(10465400,1)
(9199800,10)
(1229000,5)
(1961300,1)
(447700,39)
(8548100,1)
(1488300,1)
(1686300,3)
(9607400,1)
(9950300,1)
(5347100,3)
(25300,1)
(2565200,2)
(4986300,3)
(9486900,1)
(1221800,4)
(8420200,2)
(2525600,15)
(5401000,1)
(5867400,3)
(9190700,1)
(3497700,9)
(4565000,1)
(9194300,1)
(9366200,1)
(8342900,4)
(7475300,1)
(9736100,1)
(6924500,2)
(9999000,1)
(4586700,4)
(7560800,2)
(7252000,1)
(9811700,1)
(4456100,5)
(8253800,1)
(9164600,1)
(10829000,1)
(8866800,5)
(3096200,1)
(661900,4)
(9892800,1)
(7886700,1)
(1587300,6)
(3213100,1)
(4857600,7)
(3539000,2)
(11080000,1)
(8800000,2)
(9589500,1)
(6574400,1)
(8206000,1)
(551100,70)
(5016800,3)
(463900,67)
(9491300,1)
(8726300,2)
(1448700,13)
(10886700,1)
(11154800,1)
(9158300,1)
(8550800,1)
(10297100,2)
(11188100,1)
(1557600,3)
(224400,6)
(8263700,1)
(10855100,2)
(9409400,1)
(7459100,1)
(4510000,1)
(6513100,1)
(10767900,1)
(6792200,3)
(5816000,2)
(11242000,1)
(10528400,1)
(3925100,1)
(8326700,3)
(3551600,1)
(11095400,1)
(823900,3)
(9293300,3)
(2847900,1)
(9263600,5)
(2426600,1)
(8559900,2)
(4887300,1)
(5357000,4)
(11180900,1)
(8362700,1)
(3244700,1)
(7113400,13)
(1484700,107)
(10871300,1)
(5748600,1)
(8589600,1)
(1314500,3)
(531300,7)
(6920900,1)
(10627400,1)
(1676400,1)
(10668900,1)
(10419500,1)
(5774700,1)
(10756100,1)
(10283600,1)
(9243800,1)
(7065800,1)
(10534700,1)
(1177800,1)
(9020500,1)
(8405900,1)
(1527900,8)
(9382400,1)
(8404000,4)
(2650700,1)
(2208800,20)
(1453100,9)
(9189900,2)
(8392400,3)
(4665900,4)
(7999200,1)
(9346400,1)
(10475300,1)
(5733200,2)
(7440100,2)
(55000,129)
(748300,1)
(426000,12)
(1945100,1)
(8599500,1)
(1330700,1)
(4130200,2)
(2941400,6)
(4525400,3)
(774400,4)
(7404100,2)
(9004300,2)
(9019700,1)
(4129400,1)
(7356500,1)
(9311200,1)
(1073300,69)
(2124100,1)
(11040400,2)
(6797700,1)
(1013900,243)
