(9485200,1)
(509000,6)
(7103700,4)
(10534900,1)
(11095600,1)
(2699600,14)
(8590600,1)
(4159300,10)
(901400,1)
(8039800,1)
(3104400,4)
(8891200,1)
(11004600,1)
(10861600,1)
(2486200,4)
(703400,1)
(76900,3)
(6711300,2)
(10924600,1)
(149000,1)
(669300,6)
(11277400,1)
(8580700,1)
(9024300,1)
(1512700,23)
(5707300,1)
(11216100,1)
(11232300,1)
(10479100,1)
(10508800,1)
(8940700,11)
(4416700,3)
(10372900,1)
(1522600,13)
(5041200,1)
(11202600,1)
(5812600,5)
(1801200,3)
(1976900,8)
(3925300,1)
(4842400,1)
(7989500,1)
(3520200,2)
(8954200,5)
(1053700,5)
(1484900,15)
(4076500,4)
(224600,5)
(10311600,1)
(1002300,2)
(2909200,1)
(11297200,1)
(1186000,4)
(2306100,5)
(1022100,5)
(5565100,2)
(1939000,5)
(681900,93)
(10647400,1)
(2846200,1)
(3180000,4)
(4679600,1)
(2462800,2)
(9451900,1)
(11029900,1)
(3505900,32)
(4812700,6)
(4213200,1)
(11034300,1)
(11020800,1)
(2832700,1)
(9252000,4)
(6508900,1)
(9461800,1)
(1219300,38)
(11127000,1)
(9030600,9)
(3996500,22)
(9594100,1)
(10810200,1)
(10018200,1)
(581000,9)
(9491500,6)
(6518800,1)
(9410400,4)
(10495300,1)
(6861700,28)
(4160100,32)
(8410500,1)
(8677000,1)
(482000,26)
(8200,28)
(9979400,3)
(905000,1)
(10410600,1)
(4905400,1)
(8262000,1)
(9366400,5)
(8820000,64)
(19200,7)
(9683200,1)
(6885100,4)
(3298000,1)
(2767000,8)
(7948000,1)
(10277500,1)
(6805900,3)
(3452800,1)
(11040600,1)
(8979500,1)
(9518500,2)
(9055900,1)
(9075700,1)
(571100,1)
(9174700,8)
(10746400,1)
(2981200,8)
(11227900,1)
(5774900,1)
(9396100,1)
(9372700,3)
(630500,13)
(10382800,1)
(259800,1)
(8886800,1)
(2110800,1)
(10143300,1)
(11099200,1)
(9985700,3)
(11257600,1)
(2812900,1)
(6716800,10)
(9623800,1)
(5519200,1)
(4302300,21)
(2352000,1)
(9949700,1)
(1562200,135)
(9756100,2)
(10439500,1)
(10503300,1)
(4120500,1)
(8044200,1)
(8815600,1)
(1116700,4)
(9029800,12)
(1162600,1)
(9866900,2)
(768300,1)
(7470000,1)
(9362800,2)
(10481800,1)
(10079500,1)
(11028000,1)
(1012200,10)
(5670400,3)
(10584400,1)
(9439300,1)
(1111200,21)
(120100,76)
(8315100,3)
(129200,6)
(11024400,1)
(11168500,1)
(5887400,4)
(11008200,1)
(1661200,2)
(4170000,9)
(10455700,1)
(8459200,1)
(2169400,3)
(4119700,1)
(8985800,12)
(2302500,1)
(10127100,1)
(9168400,1)
(3046900,2)
(9481600,1)
(2288200,19)
(2842600,1)
(7396300,5)
(8851600,3)
(6895000,4)
(1225600,5)
(8876900,2)
(2452900,44)
(6746500,2)
(566700,5)
(2887700,2)
(8845300,3)
(531500,13)
(493800,1)
(4398800,1)
(4945000,1)
(11128900,1)
(11226000,1)
(45300,22)
(8726500,1)
(9667000,1)
(9548200,1)
(3540000,1)
(9534700,1)
(6602400,29)
(9495100,1)
(942900,1)
(4788500,1)
(2347600,1)
(10726600,3)
(8949800,6)
(9232200,4)
(2510400,3)
(10293700,1)
(10940800,1)
(1757200,1)
(1017700,1)
(2668000,1)
(2628400,3)
(130000,8)
(10548400,2)
(8396200,3)
(2608600,6)
(1920000,2)
(10594300,1)
(4846000,1)
(10117200,1)
(1354300,1)
(1142800,15)
(5347300,1)
(6731100,1)
(383000,7)
(9599600,2)
(6809500,1)
(7622100,2)
(1239100,64)
(5956700,1)
(10960600,1)
(4826200,2)
(11143200,1)
(8297200,1)
(10523100,1)
(9722800,1)
(9455500,1)
(109400,1)
(9206100,1)
(3456400,9)
(5935000,1)
(2872300,92)
(992400,2)
(1692800,2)
(1369700,2)
(3110700,1)
(2055000,1)
(3120600,10)
(10049800,1)
(5031300,7)
(9315000,1)
(3476200,2)
(1615300,1)
(4264600,1)
(4996400,1)
(2066800,18)
(1384000,19)
(2763400,12)
(2539300,1)
(10020900,1)
(4778600,1)
(1587500,2)
(8351100,1)
(1557800,3)
(96700,15)
(10984000,2)
(4258300,1)
(10688900,1)
(9188200,1)
(9612000,1)
(9811900,1)
(9554500,1)
(10989500,1)
(10752700,2)
(1625200,1)
(9508600,3)
(9809200,1)
(8341200,1)
(1291300,1)
(10419700,1)
(1209400,42)
(6503400,1)
(10959800,1)
(794400,13)
(8930800,16)
(535100,13)
(7455700,1)
(2509600,30)
(4134000,3)
(6554800,3)
(9701100,1)
(10460100,1)
(4690300,37)
(10706800,2)
(2905600,1)
(5733400,2)
(8589800,1)
(5472400,4)
(576600,9)
(1374100,1)
(11059600,1)
(4802800,1)
(6742900,7)
(1334500,26)
(477600,75)
(11148700,1)
(3119800,1)
(5971000,1)
(3482500,1)
(8079400,1)
(6875200,1)
(9400500,1)
(7820100,1)
(10772500,1)
(1971400,1)
(7346800,1)
(679200,2)
(3233100,1)
(9746200,1)
(4130400,1)
(6721200,2)
(10588000,1)
(8995700,1)
(8226000,1)
(596400,2)
(1682900,4)
(4476100,87)
(4388900,1)
(1448900,62)
(9237700,1)
(5893700,1)
(4046800,8)
(110200,3)
(7049800,1)
(8392600,1)
(8777900,2)
(2086600,1)
(2707600,1)
(7133400,2)
(2658100,2)
(9538300,1)
(1344400,1)
(2139700,1)
(1842700,1)
(7113600,4)
(10518700,1)
(10198300,1)
(1743700,3)
(3935200,1)
(867300,1)
(3551800,1)
(7810200,1)
(6548500,1)
(25500,244)
(145400,1)
(9918100,1)
(11153100,1)
(620600,19)
(9821800,1)
(5802700,2)
(1856200,32)
(5806300,1)
(9143100,3)
(31800,6)
(10237900,1)
(4312200,2)
(2327800,1)
(3393400,1)
(5951200,1)
(1656800,10)
(6938200,4)
(10392700,1)
(4699400,14)
(2170200,1)
(1567700,1)
(4992800,1)
(9469000,2)
(9118900,1)
(9841600,1)
(10855300,1)
(7034400,3)
(4442800,2)
(3155800,1)
(4600,9)
(1437100,16)
(11075800,1)
(10558300,1)
(7782400,1)
(9891100,3)
(432500,11)
(9004500,39)
(9070200,1)
(9095500,8)
(6835600,2)
(5699300,1)
(8881300,12)
(986100,3)
(7430400,1)
(1281400,1)
(5737000,34)
(10865200,1)
(10070400,2)
(5872000,2)
(8305200,1)
(1945300,1)
(4248400,8)
(1447000,11)
(10475500,2)
(264200,24)
(8959700,1)
(196800,33)
(4986500,1)
(4670500,8)
(6538600,3)
(9914500,1)
(9184600,1)
(10194700,1)
(7301700,1)
(10069600,1)
(10420500,1)
(9257500,1)
(7445800,1)
(10113600,1)
(5911600,1)
(7138900,11)
(7420500,1)
(4124100,4)
(10954300,1)
(290300,3)
(650300,3)
(1205800,1)
(9782200,2)
(649500,1)
(10533000,1)
(1483000,39)
(4497800,13)
(10776100,2)
(1360600,3)
(9524800,1)
(2496100,16)
(7409800,1)
(8617600,1)
(1582000,2)
(11070300,1)
(3535600,1)
(29100,5)
(3011700,1)
(3401400,7)
(11054100,1)
(8939900,5)
(10341300,1)
(1318300,1)
(9939800,1)
(3991000,2)
(1645000,1)
(9153000,6)
(1348000,1)
(10435900,1)
(3549100,8)
(1390300,2)
(10030800,1)
(3096400,1)
(670100,13)
(3431100,1)
(10683400,1)
(8568100,1)
(8782300,15)
(9311400,1)
(10693300,1)
(6698900,2)
(9392500,1)
(4001700,1)
(645900,4)
(4406800,17)
(545000,12)
(191300,3)
(10123500,1)
(151700,4)
(11188300,1)
(11049700,1)
(1852600,39)
(9113400,1)
(5521900,5)
(5026900,3)
(10396300,1)
(5500200,7)
(6171700,2)
(9558100,1)
(7050600,1)
(11206200,1)
(9283600,6)
(1951600,7)
(6903000,2)
(9202500,2)
(9107100,2)
(9969500,1)
(1542400,19)
(9435700,1)
(9726400,1)
(8928100,1)
(9865000,1)
(10301700,1)
(11138800,1)
(10465600,1)
(5986400,6)
(65100,35)
(105800,2)
(2713900,6)
(4071000,60)
(659400,2)
(10173000,1)
(2253000,6)
(6792400,13)
(3816400,1)
(10875100,1)
(6849100,1)
(2134200,7)
(8861500,1)
(9103500,1)
(8772400,19)
(8896700,4)
(9767900,1)
(10386400,1)
(5446300,1)
(9924400,1)
(3581500,1)
(8736400,2)
(4082800,1)
(5798300,1)
(3009000,1)
(11107200,1)
(5826100,1)
(1986800,2)
(9607600,2)
(1601800,39)
(2991100,3)
(2712000,1)
(2207100,8)
(8622000,1)
(4981000,1)
(3492400,1)
(6528700,54)
(7570900,3)
(161600,200)
(8831800,1)
(10038000,3)
(614300,2)
(3100800,2)
(10617700,1)
(6841900,3)
(9020700,1)
(4129600,1)
(2472700,2)
(249900,9)
(10040700,1)
(2529400,13)
(9386200,1)
(5596700,1)
(10138900,2)
(3905500,1)
(9881200,1)
(9960400,2)
(10242300,1)
(10845400,1)
(4628200,32)
(7257700,1)
(10513200,1)
(3509500,2)
(2254900,1)
(962700,6)
(10414200,1)
(6839200,1)
(2910000,1)
(4393300,2)
(4401300,1)
(11069500,1)
(368700,15)
(8356600,1)
(1712100,1)
(10849000,1)
(3893900,4)
(7237900,1)
(9831700,1)
(4233000,3)
(9085600,1)
(9550900,3)
(8574400,2)
(7321500,1)
(7558300,1)
(55200,111)
(10839100,1)
(2031600,1)
(165200,7)
(10409800,1)
(5456200,33)
(7475500,1)
(1308400,41)
(5822500,2)
(8989400,2)
(2603100,2)
(4571500,3)
(9301500,1)
(10974100,1)
(8841700,1)
(9034200,1)
(1200300,10)
(8904700,34)
(2648200,3)
(5421000,1)
(5669600,1)
(9777800,1)
(442400,5)
(10440300,1)
(2581600,1)
(4951300,3)
(7574500,2)
(10445800,1)
(9247600,6)
(10896800,2)
(10677100,1)
(10792300,1)
(10272000,1)
(7762600,1)
(9712900,1)
(289500,23)
(5946800,5)
(1546000,2)
(5966600,1)
(10732900,1)
(10485400,2)
(447900,15)
(4604800,1)
(1733800,8)
(4145800,13)
(10400700,1)
(4565200,1)
(6736600,6)
(4139500,1)
(4669700,1)
(3208900,1)
(3284500,4)
(4519300,1)
(5816200,1)
(5717200,2)
(6741000,5)
(7503300,22)
(3051300,1)
(2816500,1)
(10325100,1)
(8424000,1)
(7429600,3)
(9133200,1)
(2290900,1)
(6701400,2)
(11194600,1)
(10163100,1)
(11287300,1)
(8871400,19)
(10787900,2)
(1862500,4)
(640400,10)
(8321400,1)
(8999300,1)
(10226100,1)
(9346600,1)
(7222500,2)
(2001900,1)
(7518700,1)
(7404300,2)
(3504000,13)
(9589700,1)
(6840000,1)
(3591400,1)
(6627700,1)
(561200,4)
(2243100,1)
(6706900,2)
(9787700,1)
(10938100,2)
(1773400,35)
(10969700,1)
(2456500,2)
(1882300,9)
(7054200,1)
(11089300,1)
(21900,1)
(10538500,1)
(8787800,1)
(1314700,5)
(9805600,1)
(6855400,4)
(214700,3)
(11064000,1)
(3185500,1)
(9050400,1)
(7163100,2)
(10948000,1)
(2041500,21)
(966300,2)
(8637400,8)
(228200,3)
(2690500,1)
(9242100,1)
(9772300,1)
(2035200,3)
(1981300,1)
(4446400,2)
(248000,1)
(8460000,1)
(1370500,1)
(5604700,1)
(5307700,2)
(10059700,1)
(6584500,1)
(893400,2)
(8934400,20)
(5492200,3)
(1788800,1)
(125600,227)
(9762400,1)
(5377000,4)
(10356700,1)
(8829100,13)
(9706600,1)
(9584200,1)
(8409700,1)
(9409600,1)
(3545500,1)
(5660500,1)
(4191700,53)
(4005300,1)
(1146400,1)
(4195300,20)
(8455600,1)
(2185600,2)
(2674300,3)
(3669800,4)
(9326800,1)
(8366500,1)
(7039900,4)
(4893800,6)
(9277300,12)
(6683500,2)
(3955000,4)
(9792100,1)
(10637500,1)
(7599800,1)
(8825500,9)
(8273800,1)
(2124300,2)
(2005500,2)
(6772600,5)
(10891300,1)
(8950600,1)
(3658000,1)
(10657300,1)
(230900,15)
(3181900,1)
(244400,1)
(9574300,2)
(10762600,1)
(1083400,8)
(8548300,1)
(3585100,1)
(9514900,1)
(7297300,3)
(9855100,1)
(8960500,4)
(5685800,1)
(7940800,1)
(6016900,1)
(9117000,1)
(8924500,1)
(2130600,3)
(10633900,1)
(9711000,1)
(119300,1)
(9871300,14)
(8800200,2)
(4021500,4)
(685500,2)
(9688700,2)
(8805700,30)
(5411100,1)
(7589900,1)
(7886900,1)
(10554700,1)
(5561500,2)
(6928300,2)
(976200,1)
(91200,39)
(1635100,1)
(10815700,1)
(9450000,1)
(3951400,2)
(10206300,1)
(10376500,2)
(9995600,1)
(35400,95)
(6904900,1)
(10701300,1)
(238100,1)
(8938000,5)
(10918300,1)
(546900,60)
(3144000,10)
(457800,3)
(10184800,1)
(10257700,4)
(8293600,2)
(9742600,1)
(2638300,1)
(1197800,14)
(9568000,1)
(6908500,2)
(8158600,1)
(10434000,1)
(10904800,1)
(931100,49)
(274100,6)
(9336700,3)
(10990300,1)
(402800,2)
(11065900,1)
(2747200,1)
(610700,1)
(9044100,1)
(5921500,5)
(10095700,6)
(9356500,1)
(8918200,1)
(10979600,1)
(10632000,1)
(10985900,1)
(10721100,1)
(3041400,8)
(9617500,2)
(1231900,69)
(9471700,1)
(3150300,1)
(3911800,1)
(10663600,1)
(6829300,1)
(982500,4)
(9673300,1)
(10008300,1)
(898900,14)
(9643600,1)
(6607900,5)
(8336800,1)
(9449200,1)
(1057300,6)
(2179300,4)
(9305100,54)
(2061300,5)
(9999200,1)
(10014600,2)
(9014400,1)
(2056900,1)
(541400,6)
(4218700,4)
(10044300,1)
(8420400,2)
(9190900,1)
(11050500,1)
(996000,2)
(6578200,9)
(285900,1)
(4181800,1)
(7481800,1)
(9049600,1)
(5591200,1)
(4545400,2)
(3332100,1)
(8821900,3)
(10361100,2)
(6594400,2)
(9928000,1)
(10236000,1)
(1767100,4)
(8627500,1)
(7584400,1)
(11242200,1)
(7602300,1)
(6797900,3)
(11123400,1)
(1909300,3)
(5551600,1)
(3268300,1)
(11174800,1)
(8792200,1)
(295800,1)
(9975800,1)
(1536100,2)
(1433500,86)
(81300,5)
(6588100,1)
(604400,240)
(9341100,3)
(8914600,1)
(4223100,4)
(10004700,1)
(2401500,1032)
(4456300,2)
(2476300,1)
(11237800,1)
(9929900,1)
(4114200,2)
(6804000,5)
(691800,3)
(9459100,2)
(11164900,1)
(1846300,14)
(1935400,2)
(2826400,49)
(10908400,1)
(9876800,1)
(9590500,1)
(2530200,1)
(9580600,1)
(7059700,6)
(8404200,1)
(10881400,1)
(8544700,2)
(619800,461)
(185000,1)
(3377200,2)
(7435900,1)
(7805800,1)
(10797800,1)
(3076600,5)
(6859000,1)
(10841800,1)
(11044200,4)
(9815500,2)
(1182400,1)
(1778900,6)
(9415900,1)
(6687100,1)
(10589900,1)
(5915200,1)
(9414000,8)
(3510300,10)
(3322200,2)
(2793100,1)
(11222400,1)
(2140500,1)
(9579800,1)
(3353800,50)
(6523200,9)
(7095700,2)
(10202700,1)
(2900100,6)
(5001600,1)
(7293700,2)
(9663400,1)
(10075900,1)
(10964200,1)
(733100,132)
(10034400,1)
(3015300,2)
(234500,4)
(6800400,1)
(7277500,2)
(9164800,2)
(9080100,11)
(1359800,1)
(11039800,2)
(1385900,4)
(6632100,15)
(10622100,1)
(7786000,1)
(8752600,1)
(1919200,5)
(10819300,1)
(10424100,1)
(10297300,1)
(10188400,1)
(1816600,8)
(1961500,2)
(5768600,1)
(9633700,1)
(634100,1)
(11030700,1)
(7825600,2)
(11184700,1)
(10831900,1)
(4561600,4)
(10331400,1)
(11103600,1)
(5487800,2)
(926700,12)
(5525500,1)
(3555400,1)
(10471900,1)
(2525800,10)
(11117100,1)
(8439400,1)
(6543000,1)
(7371000,1)
(10283800,1)
(7819300,2)
(10871500,1)
(1249000,2)
(10252200,3)
(9908200,3)
(6810300,3)
(5509300,1)
(10212600,1)
(7875100,1)
(9920800,1)
(1098800,2)
(3901900,1)
(9331200,8)
(1215700,4)
(501800,1)
(4727200,1)
(8326900,3)
(4961200,1)
(3294400,1)
(1727500,1)
(2565400,1)
(10080300,1)
(11305200,1)
(2421300,2)
(8440200,1)
(4234900,1)
(1811100,1)
(4150200,16)
(6643900,2)
(1506400,111)
(6924700,1)
(6756400,2)
(10247800,1)
(3561700,3)
(8990200,1)
(9273700,3)
(11090100,1)
(9019900,3)
(3530100,2)
(10178500,1)
(7772500,3)
(9138700,1)
(1747300,2)
(5363500,3)
(9420300,5)
(1763500,3)
(847500,1)
(10980400,1)
(8247700,2)
(2363800,1)
(3228700,1)
(8797700,8)
(6726700,3)
(10351200,1)
(9910900,1)
(7382800,1)
(8974000,1)
(2021700,1)
(1631500,3)
(9216000,2)
(2284600,2)
(9287200,1)
(10851700,1)
(7287400,1)
(6786100,10)
(6782500,1)
(6617800,18)
(5333800,1)
(10366600,1)
(6599900,1)
(10470000,2)
(6606000,2)
(1826500,3)
(1737400,2)
(4377100,1)
(10137000,1)
(10544800,1)
(2332200,6)
(4847900,18)
(6705000,8)
(10321500,2)
(9054000,1)
(11018100,1)
(8721000,2)
(11163000,1)
(3373600,2)
(1417300,1)
(4982900,3)
(9123300,1)
(2466400,1)
(11293600,1)
(2768900,32)
(8875000,2)
(155300,2)
(10825600,1)
(1192300,10)
(3931600,6)
(9425800,1)
(11273800,1)
(2515900,25)
(8969600,1)
(9528400,2)
(1872400,1)
(7252200,2)
(240800,16)
(10885000,1)
(11247700,1)
(10107300,2)
(8361000,2)
(9382600,1)
(8564500,1)
(1676600,9)
(1210200,14)
(1379600,1)
(10153200,1)
(10273900,2)
(3398900,1)
(9099100,1)
(8362900,2)
(9934300,2)
(2877800,5)
(2238700,18)
(3921700,14)
(4056700,2)
(9959600,1)
(9154900,1)
(7127100,1)
(1793200,1)
(9430200,1)
(9429400,4)
(4806400,3)
(3565300,53)
(4510200,2)
(2451000,2)
(6612300,1)
(8623900,1)
(4025100,1)
(9954100,1)
(1101300,3)
(2822800,2)
(1488500,2)
(4520100,3)
(9800100,1)
(3114300,1)
(7424100,1)
(3575200,3)
(9404100,1)
(11262000,1)
(4531900,1)
(10949900,1)
(10133400,1)
(1753600,1)
(4575100,1)
(9419500,3)
(2342100,1)
(4515700,1)
(5743300,1)
(7440300,1)
(2971300,1)
(4897400,2)
(10315200,2)
(10742800,4)
(394800,1)
(3405000,4)
(4189000,33)
(2045100,7)
(3462700,1)
(8908300,8)
(3500400,11)
(10800300,1)
(629700,124)
(7262100,7)
(412700,14)
(2383600,2)
(9263800,2)
(4185400,10)
(7117200,1)
(10054200,1)
(10627600,1)
(10736500,1)
(655800,3)
(1033900,1)
(10568200,1)
(4630900,1)
(10786000,1)
(3595000,2)
(135500,1)
(9819100,2)
(10336900,1)
(10711200,1)
(5727100,2)
(4816300,3)
(10158700,1)
(3264700,1)
(9069400,2)
(9861400,1)
(1067200,1)
(8325000,5)
(11283700,1)
(175100,2)
(906900,7)
(7934500,1)
(10232400,1)
(10673500,1)
(4713700,10)
(3753400,2)
(8970400,12)
(665700,2)
(4586900,3)
(8766100,5)
(9964000,1)
(3327700,1)
(10944400,1)
(9965900,2)
(9010800,2)
(5614600,1)
(1286900,3)
(689100,1)
(3363700,2)
(10756300,1)
(8594200,1)
(10805800,1)
(3986600,6)
(3170100,1)
(3145900,3)
(2561800,1)
(1330900,2)
(10039900,1)
(11263900,1)
(4794800,2)
(2377300,33)
(269700,348)
(7153200,1)
(384900,4)
(9627400,2)
(6881500,1)
(9128800,2)
(2965000,2)
(100300,116)
(10489000,1)
(8964100,9)
(3559000,1)
(4072900,1)
(11198200,1)
(9825400,1)
(8746300,1)
(1836400,54)
(11252100,1)
(1910100,86)
(10643800,5)
(9039700,3)
(3159400,1)
(9376300,4)
(842000,3)
(9970300,1)
(4466200,3)
(10653700,1)
(8776000,2)
(10168600,2)
(1929100,1)
(10090200,1)
(1172500,97)
(10602300,1)
(4171900,1)
(9637300,2)
(436100,8)
(660200,3)
(10698800,1)
(1526200,7)
(2025300,4)
(1577600,1)
(10612200,1)
(11311500,1)
(4175500,1)
(5482300,1)
(9564400,3)
(10607800,2)
(61500,35)
(7538500,1)
(5515600,1)
(9980200,1)
(4155700,3)
(4066600,1)
(10060500,1)
(2634700,86)
(20000,1)
(2684200,21)
(8578000,1)
(131900,69)
(10099300,4)
(9810000,1)
(5337400,1)
(10305300,1)
(10335000,1)
(8835400,1)
(1126600,1)
(2367400,2)
(8414100,1)
(6776200,1)
(2337700,2)
(10262100,1)
(10766200,1)
(3140400,2)
(9829000,5)
(6697000,1)
(10999400,1)
(9544600,2)
(744900,142)
(5477900,71)
(1032000,14)
(6896900,1)
(4882000,22)
(1350700,2)
(7123500,3)
(8469100,1)
(71400,133)
(9352900,1)
(10346800,1)
(9065800,1)
(1798700,1)
(10716700,2)
(1047400,1)
(7508800,1)
(9940600,1)
(1443400,15)
(10528600,1)
(3919000,1)
(2436700,1)
(600800,9)
(2071200,3)
(9513000,3)
(6815800,3)
(780900,10)
(1037500,6571)
(9647200,7)
(3337600,1)
(10928200,1)
(8267500,1)
(10934500,1)
(8471800,1)
(4867700,18)
(4011600,15)
(9716500,1)
(9293500,1)
(1965100,1)
(9766000,1)
(11085700,1)
(9569900,9)
(7938100,1)
(10148800,2)
(8653600,2)
(3497900,1)
(11267500,1)
(10024500,1)
(208400,4)
(7272000,2)
(6766300,5)
(10287400,2)
(4684000,2)
(6622200,1)
(11060400,1)
(6865300,1)
(2618500,15)
(6212700,2)
(8980300,1)
(2150400,33)
(738600,8)
(7064100,1)
(8920900,15)
(9090000,1)
(10599800,1)
(9613900,4)
(8237800,2)
(8722900,1)
(4901800,11)
(1328200,10)
(9886700,3)
(2976800,1)
(8711100,2)
(2500500,3)
(3031500,2)
(9944200,2)
(10074000,3)
(9990100,1)
(452300,161)
(333500,2)
(3367300,5)
(2357500,1)
(11010900,1)
(3644500,1)
(748500,1)
(1516300,121)
(3207000,1)
(10085800,2)
(10578100,1)
(462200,4)
(86800,7)
(7372900,1)
(406400,5)
(1532500,50)
(9267400,1)
(1235500,11)
(1991200,1)
(5535400,1)
(9693100,1)
(1324600,3)
(9089200,4)
(1502800,26)
(1087000,26)
(10564600,1)
(10820100,1)
(11133300,1)
(9752500,1)
(2108100,18)
(2798600,1)
(1230000,17)
(1176100,2)
(8855200,7)
(9351000,1)
(5794700,8)
(9732700,1)
(2195500,2)
(9904600,1)
(39000,333)
(6637600,3)
(5778500,1)
(2119900,1)
(2702100,12)
(2416900,6)
(10970500,3)
(2717500,3)
(9227800,1)
(2096500,3)
(1597400,1)
(8461900,1)
(7099300,16)
(10809400,1)
(1722000,1)
(644000,71)
(9657100,2)
(2159500,2)
(9989300,1)
(7386400,1)
(9316900,2)
(1646900,10)
(3416800,5)
(4798400,1)
(10491700,1)
(2535700,1)
(1975000,1)
(6590800,7)
(279600,2)
(525200,1)
(6819400,2)
(9503100,1)
(11113500,1)
(10570900,1)
(743000,5)
(9194500,5)
(5244700,1)
(1285000,6)
(4585000,1)
(8301600,2)
(8311500,1)
(921200,1)
(4509400,1)
(11079400,1)
(1271500,4)
(7414200,1)
(4857800,1)
(9896600,1)
(1686500,5)
(8819200,1)
(11158600,1)
(2492500,4)
(8810100,33)
(2316000,2)
(9000900,2)
(3519400,1)
(9008100,1)
(8508700,1)
(10782400,1)
(7366600,1)
(9475300,1)
(6796000,2)
(10580800,1)
(7247800,2)
(2514000,48)
(115700,6)
(280400,1)
(2836300,1)
(8346700,1)
(4664200,2)
(5416600,2)
(10459300,1)
(7410600,1)
(4228600,1)
(9668900,2)
(9212400,1)
(11014500,1)
(11301600,1)
(2322300,1)
(9797600,1)
(3836200,17)
(7588000,2)
(9653500,1)
(2180100,1)
(3086500,1)
(9018000,1)
(11178400,1)
(6558400,3)
(4608400,6)
(2882200,9)
(1832800,1)
(7060500,2)
(6507000,3)
(10028100,1)
(7607800,1)
(10667200,1)
(11315100,1)
(10886900,1)
(10590700,1)
(2624800,1)
(8602200,1)
(10267600,1)
(9445600,1)
(10731000,1)
(7040700,1)
(4624600,2)
(10574500,6)
(5897300,9)
(9148600,1)
(9297100,1)
(10103700,1)
(2664400,2)
(9845200,1)
(9698600,1)
(270500,1)
(9851500,1)
(5353600,1)
(9091900,3)
(3165700,1)
(9040500,1)
(10830000,1)
(422600,34)
(798000,1)
(551300,78)
(4411200,73)
(11212500,1)
(3025200,1)
(7528600,3)
(3071100,15)
(3387100,3)
(5738900,2)
(10835500,1)
(3213300,4)
(8944300,11)
(4529200,2)
(6580900,1)
(9158500,2)
(9178300,1)
(10829200,1)
(1088900,1)
(10222500,1)
(1498400,1)
(9222300,1)
(10449400,2)
(5476000,13)
(1380400,28)
(10914700,1)
(8839000,20)
(7523100,5)
(9440100,1)
(5005200,1)
(10687000,1)
(250700,29)
(9060300,2)
(6825700,24)
(9570700,2)
(4436500,3)
(7325100,1)
(4689500,1)
(10174900,1)
(5056600,1)
(9079300,1)
(6752800,35)
(8263900,4)
(9198100,1)
(7361100,2)
(1925500,1)
(6820200,13)
(3223200,1)
(1905700,37)
(9950500,1)
(388500,37)
(4680400,1)
(10450200,1)
(2258500,7)
(952800,52)
(10404300,1)
(10064100,1)
(6574600,2)
(6940900,3)
(9678800,1)
(8331300,1)
(2387200,1)
(624200,1)
(7980400,1)
(4555300,1)
(1955200,7)
(3900000,6)
(1552300,1)
(7070400,2)
(10950700,1)
(8865100,1)
(2264800,1)
(9217900,1)
(3149500,1)
(9560800,1)
(9059500,1)
(9321300,10)
(3383500,2)
(1340800,1)
(7471900,1)
(1666700,3)
(8080200,1)
(10429600,1)
(10469200,1)
(10995800,1)
(8809300,29)
(1671100,7)
(2165800,1)
(10371000,1)
(9835300,1)
(10430400,1)
(3278200,1)
(8975900,18)
(5576900,1)
(6693400,1)
(10930900,1)
(7612200,1)
(3342000,3)
(7356700,1)
(4278100,5)
(897000,2)
(10089400,1)
(1027600,4)
(5877500,1)
(9253900,3)
(10216200,1)
(9736300,2)
(9465400,1)
(9602100,1)
(4179100,8)
(2076700,1)
(11080200,1)
