(8424500,1)
(9167000,4)
(11034800,1)
(6824300,2)
(2955600,1)
(2150900,5)
(2811500,2)
(3071600,1)
(4727700,1)
(9934800,1)
(7444400,1)
(2293100,3)
(2886300,2)
(5169600,1)
(9386700,1)
(9070700,1)
(9533300,1)
(10583000,2)
(2207600,1)
(3049100,5)
(4263200,8)
(1354800,2)
(9282200,1)
(10844000,1)
(976700,4)
(11236400,1)
(3910400,1)
(11305700,1)
(1067700,7)
(10201300,1)
(9885300,1)
(207000,1)
(2243600,5)
(5603300,4)
(9460400,1)
(4510700,2)
(7430900,1)
(1240400,1)
(9627900,1)
(1230500,18)
(3935700,1)
(10173500,1)
(5362100,1)
(5332400,3)
(6938700,1)
(8860100,1)
(9840200,1)
(4737600,2)
(9080600,5)
(9459600,1)
(8454200,1)
(6933200,6)
(5405300,1)
(4722200,1)
(7044800,1)
(11222900,1)
(8470400,1)
(2071700,37)
(9958200,1)
(2138300,1)
(4383900,2)
(5524100,90)
(1566300,10)
(3065300,1)
(9495600,1)
(8588400,1)
(10800800,1)
(10943000,1)
(915400,5)
(699500,2)
(10089900,1)
(11309300,1)
(1402400,2)
(10948500,1)
(862300,4)
(5618700,5)
(6859500,3)
(11193200,1)
(11315600,1)
(3114800,1)
(7282400,1)
(9410900,1)
(2362400,1)
(10600,27)
(4397400,1)
(10907000,1)
(10938600,1)
(9069900,15)
(2400100,1)
(9428000,2)
(2095100,1)
(10107800,1)
(5826600,1)
(7879200,1)
(4668300,6)
(9201100,1)
(10652300,1)
(3108500,10)
(3456900,2)
(10809900,1)
(2199600,1)
(1087500,15)
(1737900,1)
(8391200,1)
(4826700,1)
(2727900,1)
(1783800,16)
(2939400,16)
(935200,207)
(441000,7)
(10527200,1)
(911800,1)
(1083900,2)
(3227300,1)
(4995000,1)
(1722500,1)
(406900,34)
(6632600,1)
(826300,1)
(274600,1)
(10330000,1)
(4456800,8)
(4170500,3)
(2247200,101)
(10117700,1)
(1229700,15)
(218800,51)
(1047900,10)
(4836600,1)
(1552800,64)
(416800,7)
(10715300,1)
(9153500,5)
(8300200,1)
(7503800,2)
(794900,4)
(6693900,2)
(951400,27)
(387100,31)
(10672100,1)
(10984500,1)
(9321800,1)
(11133800,1)
(59300,12)
(3591900,1)
(9999700,1)
(2035700,2)
(10391300,1)
(4217300,4)
(4180400,3)
(3150800,1)
(2960000,6)
(3005900,1)
(4000300,1)
(6755000,6)
(8824100,2)
(1882800,1)
(7687500,1)
(6792900,3)
(5773500,3)
(10804400,1)
(8855700,4)
(185500,4)
(3965400,1)
(9891600,5)
(9989800,1)
(11226500,1)
(670600,6)
(4544000,1)
(9741200,2)
(9762900,1)
(4773600,1)
(7523600,1)
(10044800,1)
(2382200,1)
(1521200,1)
(9726900,1)
(9054500,1)
(45800,10)
(9311900,1)
(10147400,1)
(10246400,1)
(6814400,1)
(10865700,1)
(6533600,1)
(1473600,1)
(2821400,2)
(3529800,1)
(8408300,1)
(3617000,1)
(8870000,1)
(203400,40)
(5668200,114)
(3500900,3)
(1447500,1)
(3104900,3)
(5961600,1)
(10578600,1)
(7428200,1)
(8725100,1)
(1846800,88)
(2409200,3)
(9673800,3)
(10286000,1)
(2530700,1)
(5071400,1)
(4227200,1)
(10584900,1)
(233100,5)
(9058100,1)
(565300,13)
(4160600,1)
(4015700,1)
(2148200,1)
(6786600,2)
(1572600,4)
(3579300,1)
(9761000,1)
(10008800,1)
(8908800,1)
(10102300,1)
(40300,14)
(5670900,3)
(2559600,4)
(10375100,1)
(5504300,1)
(8320000,2)
(2486700,5)
(4529700,3)
(4492800,6)
(2387700,6)
(8974500,3)
(8891700,12)
(4185900,22)
(11252600,1)
(10297800,1)
(10454300,1)
(8272400,1)
(4233500,23)
(4524200,1)
(8715200,1)
(6527300,3)
(10469700,1)
(852400,1)
(624700,6)
(3920300,6)
(3040000,2)
(4189500,56)
(299900,2)
(8938500,1)
(4955400,2)
(6830600,1)
(10990800,1)
(559000,3)
(7782900,1)
(1032500,7)
(8964600,5)
(8420900,1)
(2160800,6)
(2045600,4)
(4377600,1)
(11221000,1)
(3382100,31)
(10998000,1)
(11163500,1)
(4504400,3)
(11277900,1)
(3945600,1)
(1101800,6)
(9381200,1)
(10725200,1)
(5550200,3)
(3293000,7)
(10880000,1)
(10386900,1)
(648100,29)
(11282300,1)
(6484100,1)
(11216600,1)
(7438100,1)
(8637900,1)
(1422200,3)
(5025500,1)
(1343000,2)
(2564000,1)
(10232900,1)
(8771000,267)
(3203900,1)
(10408400,1)
(10875600,1)
(9908700,2)
(9980700,1)
(2969100,1)
(10266200,1)
(208900,4)
(7023100,1)
(11024900,1)
(134100,2)
(8079900,1)
(3678300,1)
(280900,1)
(1825100,24)
(4441400,14)
(3352400,1)
(9365000,1)
(10954800,1)
(496000,10)
(1929600,3)
(2773800,2)
(9137300,3)
(5258700,1)
(10808000,1)
(11232800,1)
(10310200,1)
(2628900,1)
(743500,1)
(4688100,11)
(6513800,1)
(9391100,1)
(3492900,2)
(3061700,16)
(694000,5)
(6709100,1)
(9449700,1)
(3169800,4)
(6700000,2)
(7820600,1)
(1950200,4)
(8598300,1)
(1541000,2)
(1661700,5)
(9434300,1)
(7602800,4)
(3258900,1)
(9849300,1)
(5015600,4)
(6583100,1)
(11123900,1)
(1960100,11)
(8345300,1)
(1368300,25)
(9875400,1)
(1146900,2)
(9331700,1)
(10084400,1)
(8444300,1)
(248500,6)
(4134500,1)
(4387500,2)
(9810500,1)
(8913200,1)
(8319200,1)
(7796400,2)
(8252600,1)
(5737500,20)
(9143600,1)
(8834000,11)
(254800,7)
(9236300,1)
(1161200,1)
(10988100,1)
(9637800,1)
(1965600,34)
(2113000,9)
(6885600,2)
(8809800,1)
(4717800,2)
(10226600,1)
(8958300,1)
(10183400,3)
(11201200,1)
(9183200,1)
(3939300,1)
(10292300,1)
(8418200,1)
(10622600,1)
(9366900,1)
(10428200,1)
(1002800,1)
(10272500,1)
(10122100,1)
(1384500,5)
(1671600,2)
(10642400,4)
(268300,136)
(10568700,1)
(10287900,1)
(1289100,1)
(7231000,2)
(7137500,1)
(4509900,3)
(9084200,1)
(8988000,1)
(9693600,3)
(5476500,6)
(10899000,1)
(10038500,1)
(6144200,1)
(6721700,8)
(2950100,1)
(1805300,2)
(10381400,1)
(10078100,1)
(9420800,1)
(1900700,3)
(11272400,1)
(5887900,5)
(10132000,1)
(3257000,3)
(8297700,1)
(5456700,2)
(4451300,1)
(1681500,1)
(9044600,1)
(1308900,9)
(10434500,1)
(7885500,5)
(11246300,1)
(9830300,2)
(9632300,1)
(10594800,1)
(2174300,1)
(1224200,8)
(8310100,1)
(8948400,1)
(1457400,3)
(1821500,3)
(7381400,2)
(2170700,15)
(95300,1)
(10636100,1)
(5492700,1)
(9859200,13)
(9984300,1)
(10396800,1)
(11173400,1)
(8989900,2)
(1841300,1)
(1442000,1)
(5227100,1)
(1181000,1)
(4199400,3)
(4154300,14)
(9325400,1)
(4996900,1)
(9731300,1)
(9523400,1)
(4174100,1)
(9485700,1)
(10112200,1)
(11157200,1)
(34000,19)
(8881800,3)
(10745000,2)
(264700,65)
(288100,208)
(11127500,1)
(1597900,2)
(9113900,2)
(9222800,1)
(4150700,1)
(909100,1)
(10252700,1)
(8984400,1)
(1200800,1)
(9598200,2)
(9746700,1)
(6601000,19)
(10814300,1)
(11102200,1)
(3332600,1)
(2965500,71)
(3000400,5)
(1691400,4)
(7632500,1)
(5569200,1)
(9994200,1)
(6636200,2)
(5514200,3)
(10994400,1)
(10033000,1)
(9792600,1)
(2896200,2)
(7003300,2)
(8414600,1)
(8796300,52)
(1219800,7)
(5352200,1)
(10489500,1)
(9060800,2)
(8928600,1)
(10470500,1)
(9216500,1)
(10918800,2)
(6766800,1)
(1151300,2)
(5699800,1)
(8889000,1)
(3481100,9)
(2539800,11)
(19700,1)
(9479400,1)
(9256100,1)
(119800,22)
(8835900,4)
(9068000,1)
(10459800,1)
(9979900,1)
(10553300,1)
(504000,82)
(5581800,1)
(9701600,1)
(9721400,1)
(1615800,3)
(7054700,1)
(10276100,1)
(6692000,2)
(9112000,1)
(9964500,2)
(4975200,1)
(4690800,5)
(2055500,4)
(10361600,1)
(4140800,2)
(8970900,7)
(955000,15)
(3504500,1)
(7808000,2)
(3510800,1)
(2524400,56)
(10305800,1)
(10094300,1)
(7272500,2)
(2108600,23)
(9123800,46)
(9355100,1)
(5664600,1)
(6588600,2)
(290800,2)
(9309200,1)
(3015800,2)
(10687500,1)
(6891900,5)
(7824200,1)
(11003200,1)
(2607200,2)
(1380900,4)
(1702700,1)
(1586100,5)
(7325600,20)
(9642200,1)
(1057800,17)
(11167100,1)
(9329000,2)
(10153700,1)
(2445200,28)
(9008600,4)
(529300,1)
(8814200,6)
(7330000,1)
(4555800,2)
(10163600,1)
(6711800,1)
(6517400,4)
(7157300,2)
(8885400,2)
(9715100,1)
(9212900,1)
(9107600,9)
(9469500,1)
(4520600,1)
(6907100,7)
(5029100,4)
(9652100,2)
(1985400,2)
(6820700,3)
(6616400,2)
(4545900,1)
(7287900,1)
(9013000,2)
(9602600,1)
(585100,4)
(9499200,1)
(11023000,1)
(9850100,4)
(3519900,1)
(2051900,10)
(7074500,8)
(8563100,1)
(6507500,1)
(8612600,2)
(9772800,4)
(8859300,1)
(10693800,1)
(9168900,2)
(2419100,36)
(2520800,1)
(11089800,1)
(8365100,1)
(85400,9)
(9300100,2)
(7355300,2)
(4401800,1)
(159400,1)
(6395000,1)
(5555700,2)
(2332700,1)
(10980900,1)
(7814300,1)
(8879100,4)
(3159900,1)
(9252500,1)
(5801300,1)
(10829700,1)
(5743800,1)
(2451500,533)
(160200,88)
(9711500,1)
(5336000,30)
(3322700,1)
(8687400,1)
(8677500,1)
(7527200,1)
(10068200,3)
(4949100,3)
(8954700,1)
(679700,66)
(10480400,1)
(1742300,1)
(8329100,1)
(6045200,6)
(9662000,1)
(9568500,1)
(9287700,1)
(238600,4)
(2529900,1)
(10351700,1)
(684100,144)
(2959200,1)
(3638700,1)
(2560400,2)
(5248800,1)
(7776600,1)
(3550400,3)
(9657600,1)
(10879200,1)
(6903500,1)
(9315500,13)
(8735000,3)
(9860000,1)
(3195900,6)
(1388100,1)
(10786500,2)
(8820500,42)
(3213800,2)
(2702600,2)
(426700,1)
(1904300,2)
(10850300,1)
(9829500,1)
(5905800,1)
(8850200,1)
(10548900,3)
(11188800,1)
(9835800,1)
(1313300,22)
(4486500,2)
(2872800,1)
(9454100,1)
(1291800,264)
(1443900,1)
(893900,2)
(1861100,4)
(5985000,1)
(644500,16)
(9430700,2)
(8693700,1)
(11107700,1)
(11262500,2)
(5039000,1)
(11183300,1)
(2919600,1)
(10187000,2)
(9622400,1)
(669800,3)
(10974600,2)
(8331800,1)
(8895300,1)
(10414700,1)
(9970800,1)
(9683700,2)
(9090500,1)
(4421600,1)
(4025600,4)
(7786500,1)
(5585400,2)
(1249500,1)
(10503800,1)
(7622600,1)
(8766600,2)
(3009500,18)
(6751400,1)
(3590000,2)
(8339000,1)
(6800900,1)
(10782900,1)
(11080700,1)
(10070900,1)
(7495800,1)
(11266100,1)
(39500,6)
(9895200,1)
(10231000,1)
(11068100,1)
(2134700,1)
(11211100,1)
(9513500,2)
(2267000,1)
(10499400,1)
(1483500,2)
(5897800,2)
(2613500,1)
(10891800,1)
(2168000,1)
(11074400,1)
(2061800,3)
(8903300,1)
(4862700,2)
(1105400,3)
(575200,2)
(5702300,4)
(9305600,2)
(7329200,2)
(3189600,1)
(3085100,39)
(921700,1)
(11276000,1)
(9527000,1)
(7058300,1)
(3372200,1)
(10143800,1)
(11084300,1)
(4793400,6)
(6578700,3)
(7414700,1)
(4550300,1)
(1214300,1)
(8262500,1)
(10211200,1)
(9193100,2)
(9475800,1)
(11038400,1)
(8459700,1)
(5372000,1)
(9574800,1)
(5971500,2)
(9246200,1)
(4446900,9)
(6731600,2)
(3217400,1)
(3585600,1)
(10958400,1)
(10513700,1)
(9786300,1)
(10507400,2)
(3471200,3)
(6943100,1)
(10543400,1)
(5931900,11)
(1970000,1)
(10881900,1)
(6598500,6)
(10537100,1)
(3051800,28)
(2481200,1)
(4892400,1)
(10923200,1)
(4712300,1)
(10444400,1)
(9408200,2)
(992900,1)
(8351600,1)
(4940000,3)
(8277900,3)
(8840300,1)
(9776400,6)
(3400000,7)
(10206800,1)
(4179600,1)
(383500,1)
(4476600,4)
(9588300,1)
(55700,141)
(3560300,2)
(9948300,1)
(2263400,6)
(11297700,1)
(2767500,1)
(10558800,2)
(596900,2)
(3405500,1)
(79100,14)
(9861900,1)
(2144600,2)
(500400,9)
(680500,1)
(10034900,1)
(1062200,11)
(8923100,2)
(1467300,1)
(1640000,1)
(10889100,1)
(8246300,3)
(525700,9)
(5199300,1)
(4268700,5)
(6890000,4)
(4461200,1)
(812800,10)
(10349000,1)
(9924900,1)
(3128300,43)
(9226400,12)
(11178900,1)
(9310000,2)
(6889200,2)
(9018500,12)
(3170600,1)
(1505000,157)
(9871800,1)
(9064400,14)
(9616100,1)
(2846700,5)
(1531100,4)
(7450700,1)
(2674800,1)
(1981800,1)
(150300,4)
(10869300,1)
(10839600,2)
(377200,77)
(9687300,2)
(7999900,2)
(8489400,1)
(10028600,1)
(4805000,3)
(7163600,11)
(10064600,2)
(8782800,1)
(788600,3)
(169300,5)
(4519800,1)
(1333100,13)
(5570000,1)
(4565700,1)
(4124600,2)
(7573100,1)
(91700,78)
(9014900,3)
(397000,1)
(11044700,1)
(8804300,77)
(9974400,1)
(10464200,2)
(10761200,1)
(3030100,12)
(482500,373)
(4382000,1)
(1026200,1)
(4411700,5)
(897500,3)
(9736800,1)
(747100,1)
(1176600,91)
(10430900,1)
(9335300,1)
(11064500,1)
(2441600,2)
(6543500,1)
(1036100,27)
(9262400,3)
(10495800,1)
(7276100,1)
(10662200,1)
(8968200,1)
(660700,6)
(3174200,1)
(1747800,8)
(5763600,1)
(6928800,13)
(4951800,3)
(7345400,1)
(1427700,8)
(8810600,1)
(10438100,1)
(3283100,3)
(3524300,1)
(10023100,1)
(1186500,29)
(2688300,8)
(2508200,3)
(3559500,1)
(10701800,1)
(11099700,1)
(11256200,1)
(571600,6)
(9102100,12)
(9267900,1)
(555400,1)
(9345200,1)
(846100,2)
(108000,3)
(4559400,11)
(9960900,1)
(6553400,3)
(3914000,9)
(7809900,1)
(5519700,1)
(9396600,1)
(9163400,1)
(401400,9)
(10242800,1)
(8944800,4)
(4195800,1)
(9371300,1)
(9206600,1)
(2392100,1)
(10523600,1)
(10490300,2)
(10928700,1)
(9782700,1)
(10547000,1)
(9127400,2)
(4674600,2)
(551800,6)
(10335500,1)
(8980800,1)
(10731500,2)
(3004000,14)
(9725000,1)
(8361500,2)
(9938400,2)
(10711700,2)
(664300,6)
(5466600,1)
(7038500,2)
(6110900,1)
(10256300,3)
(7034900,1)
(2326400,2)
(1696900,2)
(145900,1)
(8933000,1)
(298000,2)
(10479600,1)
(11310100,1)
(8008700,1)
(3035600,1)
(3431600,2)
(456400,35)
(1896300,14)
(2030200,2)
(9424400,3)
(411300,1)
(6414800,1)
(7470500,1)
(2356100,1)
(5986900,5)
(8869200,4)
(9048200,2)
(900000,17)
(10632500,1)
(29600,13)
(1417800,12)
(4846500,1)
(10054700,10)
(8772900,1)
(10677600,1)
(4075100,1)
(4496400,3)
(9440600,1)
(10133900,1)
(2169900,1)
(11078000,1)
(3461300,48)
(6622700,2)
(10193300,1)
(10484000,1)
(2866500,2)
(10885500,2)
(2658600,1)
(1511300,84)
(10647900,1)
(50200,35)
(10309400,1)
(9918600,1)
(140400,1)
(806500,1)
(8792700,1)
(10626200,1)
(9038300,1)
(1506900,57)
(10157300,1)
(1042400,3)
(10058300,1)
(9319100,1)
(4581900,2)
(179200,1)
(9647700,1)
(6918900,4)
(1876500,25)
(9034700,1)
(1620200,1)
(9543200,1)
(981100,4)
(6796500,1)
(8875500,1)
(5707800,1)
(1115300,8)
(1299000,11)
(20500,251)
(1935900,2)
(8845800,1)
(120600,8)
(3496500,5)
(5949000,6)
(2020300,2)
(5061500,1)
(4278600,1)
(8705300,1)
(618400,55)
(10088000,1)
(446500,1)
(5965200,1)
(8800700,44)
(1526700,2)
(9865500,1)
(6626300,22)
(49400,2)
(3900500,1)
(10385000,1)
(10766700,1)
(10188900,1)
(3025700,3)
(530100,1)
(223200,5)
(9978000,1)
(65600,2)
(2410000,3)
(8999800,1)
(5951700,5)
(10751300,1)
(5910200,1)
(7133900,4)
(2273300,1)
(6735200,4)
(7122100,3)
(10127600,1)
(4409000,16)
(11079900,1)
(10735100,1)
(8849400,18)
(1239600,944)
(10236500,1)
(690400,3)
(9663900,1)
(4207400,6)
(2069000,2)
(4184000,1)
(10810700,1)
(7252700,2)
(9705200,1)
(3995100,1)
(9429900,2)
(545500,60)
(7112200,2)
(2684700,1)
(10450700,1)
(8697300,1)
(7107800,2)
(1156800,13)
(9470300,2)
(8978100,6)
(24100,9)
(1145000,4)
(11177000,1)
(1556400,3)
(9766500,1)
(4896000,7)
(4575600,2)
(2257100,50)
(1645500,5)
(5035400,1)
(3393900,3)
(3569400,13)
(5529600,1)
(1378200,3)
(11028500,1)
(6834200,1)
(11054600,1)
(6140600,1)
(1576200,3)
(302400,3)
(4273100,2)
(10048400,2)
(9450500,1)
(10018700,1)
(5732000,9)
(9050900,1)
(3029300,2)
(9517100,7)
(8819700,8)
(717400,9)
(10964700,1)
(8994300,2)
(6819900,2)
(4326200,3)
(9414500,1)
(10013200,1)
(6612800,1)
(8568600,1)
(2706200,2)
(7418300,2)
(199000,1)
(2471300,5)
(3356000,1)
(8558700,1)
(628300,463)
(3367800,2)
(1955700,10)
(1077600,1)
(4821200,2)
(1793700,1)
(9094100,1)
(7895400,1)
(10300300,1)
(405000,9)
(3045500,1)
(3202000,1)
(10345400,1)
(7070900,3)
(180000,1)
(1432100,7)
(110700,1)
(3919500,1)
(10721600,1)
(2742200,1)
(4243400,2)
(9796200,2)
(2627000,1)
(181900,2)
(436600,8)
(9074300,1)
(9594600,1)
(10606400,1)
(7048400,1)
(8375000,2)
(7117700,1)
(6701900,2)
(1836900,1)
(4939200,1)
(3930200,1)
(195400,1)
(8871900,2)
(155800,5)
(7292300,1)
(10646000,1)
(9814100,1)
(10090700,1)
(640900,5)
(9553100,1)
(7533500,1)
(3154400,3)
(3059000,1)
(2312900,9)
(10781000,2)
(1307000,8)
(2712500,1)
(9944700,1)
(638200,8)
(9606200,1)
(4029200,1)
(9564900,1)
(8990700,1)
(10331900,2)
(10198800,1)
(10792800,1)
(4164200,1)
(9677400,1)
(3409100,152)
(10598400,1)
(1910600,9)
(9968100,1)
(8553200,1)
(2940200,20)
(9548700,4)
(1706300,1)
(9465900,1)
(8934900,1)
(5373900,1)
(9913100,1)
(10341800,1)
(2316500,5)
(6880100,1)
(11153600,1)
(3455000,3)
(6917000,1)
(10903400,2)
(10371500,1)
(10449900,2)
(10944900,1)
(591400,102)
(9444200,2)
(7918800,1)
(5981400,1)
(10588500,2)
(7513700,1)
(991000,107)
(1453800,1)
(4945500,1)
(9800600,1)
(10999900,1)
(10697400,1)
(7391300,1)
(3508100,2)
(2288700,1)
(1610300,14)
(9825900,4)
(129700,2)
(10895400,1)
(10855800,1)
(1659000,2)
(3580100,1)
(6978300,1)
(2528000,3)
(9809700,1)
(1630100,1)
(3392000,71)
(1872900,1)
(10776600,1)
(1374600,1)
(3362300,8)
(8700,159)
(4357800,1)
(5900300,1)
(6537200,1)
(2179800,96)
(10683900,1)
(89000,10)
(6573200,13)
(3200,44)
(8839500,1)
(9028400,1)
(2336300,6)
(6810800,1)
(421200,1)
(9178800,1)
(9954600,1)
(2892600,2)
(1924100,1)
(10933100,1)
(9490100,1)
(4445000,1)
(7090700,5)
(10319300,1)
(1629300,3)
(4897900,4)
(674200,26)
(8335400,1)
(278200,1)
(2825000,3)
(2514500,1)
(5727600,4)
(10080800,1)
(9198600,1)
(3925800,1)
(2995200,1)
(6563300,2)
(3103000,4)
(1909800,2)
(535600,5)
(307900,2)
(6523700,81)
(7507400,1)
(8918700,1)
(604900,1)
(7480400,1)
(9024800,1)
(10709000,1)
(9489300,2)
(9266000,4)
(35900,91)
(1318800,1)
(5401700,1)
(5509800,1)
(1516800,234)
(81800,39)
(4041800,1)
(10830500,1)
(10824200,1)
(2050000,2)
(8786400,1)
(8736900,1)
(4159800,4)
(10404800,1)
(10796400,1)
(1542900,330)
(9376800,2)
(4569300,1)
(8256200,1)
(7598400,1)
(9173300,4)
(1831400,1)
(4570100,6)
(69200,1)
(7099800,5)
(10339100,1)
(10612700,1)
(3975300,1)
(71900,69)
(2763900,25)
(8376900,1)
(6771200,3)
(1609500,2)
(10771100,1)
(5486400,3)
(2455100,1)
(9003100,361)
(8606300,1)
(9147200,1)
(3237200,7)
(5955300,1)
(1323200,24)
(8776500,1)
(2716100,13)
(3565800,1)
(10840400,1)
(6725300,1)
(5747400,7)
(6272600,2)
(492400,11)
(2075300,2)
(9990600,1)
(2787300,2)
(10819800,1)
(3896100,5)
(373600,2)
(3010300,1)
(10533500,1)
(7449900,1)
(10616300,1)
(9869100,1)
(7485900,1)
(11058200,1)
(10003300,1)
(11018600,1)
(10485900,1)
(2091500,1)
(9820400,2)
(1501400,4)
(1280000,1)
(3233600,11)
(10320100,1)
(6804500,7)
(4010200,3)
(11090600,2)
(654400,8)
(7558800,1)
(3886200,9)
(9133700,4)
(3140900,6)
(284500,214)
(7286000,1)
(3387600,1)
(10474100,1)
(727300,4)
(3223700,13)
(3294900,1)
(2648700,1)
(1979100,1)
(1971900,6)
(4482900,1)
(9578400,1)
(10978200,1)
(7226600,4)
(2841200,1)
(11013100,1)
(8355200,1)
(4664700,1)
(2311000,8)
(10870100,1)
(9404600,1)
(4798900,15)
(9756600,1)
(10563200,1)
(956900,3)
(2025800,1)
(783100,1)
(6781100,1)
(793000,11)
(10860200,2)
(9923000,1)
(6557000,1)
(9292100,1)
(6697500,1)
(2856600,1)
(1171100,5)
(7371500,1)
(1022600,3)
(9277800,1)
(8266100,1)
(6791000,2)
(2793600,18)
(2904200,2)
(10741400,1)
(9697200,1)
(6808100,2)
(8341700,2)
(9418100,2)
(9211000,1)
(3278700,4)
(213300,5)
(9297600,1)
(1210700,2)
(695900,10)
(7068200,2)
(6642500,3)
(7804400,1)
(8018600,2)
(10968300,1)
(8371400,2)
(9480200,13)
(5520500,12)
(11094200,1)
(961300,2)
(10099800,1)
(9528900,1)
(11048300,1)
(10418300,1)
(7636100,2)
(1675200,4)
(5045300,1)
(2815100,17)
(4961700,1)
(1851200,1)
(3476700,58)
(258400,1)
(3595500,2)
(9881700,8)
(5253200,1)
(7612700,6)
(10440800,1)
(8830400,2)
(10517300,2)
(11206700,1)
(6761300,1)
(7756800,2)
(431100,4)
(11300200,1)
(10820600,1)
(114300,1)
(10682000,1)
(6558900,12)
(4294800,1)
(6715400,2)
(1497000,66)
(243000,26)
(9079800,11)
(634600,227)
(1949400,10)
(1097400,6)
(7943000,2)
(130500,96)
(2991600,1)
(10705400,1)
(8305700,1)
(9855600,2)
(971200,2)
(10315700,3)
(9612500,1)
(6840500,11)
(5852700,2)
(1619400,1)
(1348500,38)
(3575700,1)
(11070800,1)
(5500700,1)
(4283000,7)
(5767200,2)
(3138200,1)
(30400,7)
(1295400,1)
(9242600,1)
(9341600,2)
(1166700,20)
(3554000,1)
(5535900,1)
(10746900,1)
(11147300,1)
(919000,2)
(614800,3)
(2118500,1)
(2029400,3)
(8048300,2)
(11198700,1)
(10448000,1)
(9464000,5)
(6913400,1)
(1072100,1)
(1498900,61)
(4530500,6)
(8321900,1)
(8574900,1)
(4415300,6)
(10355300,1)
(1006400,1)
(8865600,2)
(2633300,1)
(10573100,1)
(5886000,15)
(2425400,1)
(5411600,1)
(9626000,1)
(10845900,1)
(2421800,3)
(8439900,1)
(872200,2)
(4852800,1)
(10756800,1)
(1605900,2)
(9439800,3)
(6860300,1)
(8584800,3)
(6211300,1)
(2124800,1)
(2128400,2)
(6818000,1)
(9824000,1)
(6745100,1)
(1255800,1)
(2752100,1)
(11137400,1)
(10074500,6)
(7408400,2)
(3397500,1)
(2476800,2)
(9563000,1)
(11143700,1)
(9272300,1)
(2836800,26)
(9839400,1)
(3549600,1)
(5717700,1)
(228700,3)
(2367900,4)
(5233400,1)
(10282400,1)
(11122000,2)
(1716200,3)
(6602900,1)
(549100,8)
(5357700,2)
(9188700,5)
(9232700,3)
(2237300,1)
(9819600,1)
(4981500,1)
(5811200,1)
(2278800,1)
(4065200,1)
(189100,3)
(9361400,1)
(603000,1)
(11008700,1)
(9503600,1)
(1390800,16)
(9089700,18)
(10908900,1)
(124200,2)
(10365200,1)
(7563200,1)
(10849500,1)
(5595300,4)
(1767600,3)
(5733900,1)
(10667700,1)
(11060900,1)
(10657800,2)
(10602800,1)
(1437600,1)
(10137500,1)
(6776700,1)
(9845700,1)
(8829600,1)
(9157100,14)
(1592400,1)
(9667500,1)
(10424600,1)
(10834100,1)
(1234100,11)
(2346200,1)
(4935600,1)
(887600,12)
(7064600,9)
(11242700,1)
(10329200,2)
(2935800,12)
(4959000,5)
(9351500,1)
(6719000,2)
(2882700,1)
(768800,1)
(9584700,1)
(6855900,3)
(10221100,1)
(9804200,1)
(10859400,1)
(1989000,3)
(5472900,23)
(1655400,1)
(10177100,1)
(2783700,1)
(9928500,1)
(10325600,2)
(763300,2)
(11112100,2)
(10913300,1)
(4971600,2)
(4684500,1)
(9558600,1)
(4190300,25)
(1801700,162)
(5777100,18)
(11117600,1)
(2504600,3)
(1712600,1)
(10262600,1)
(14200,60)
(7891800,1)
(109900,1)
(1685100,1)
(5712200,41)
(3486600,1)
(7584900,4)
(10460600,1)
(7434500,1)
(9903200,3)
(9117500,4)
(1303400,1)
(5975100,1)
(9507200,1)
(1604000,1)
(7839600,1)
(737200,4)
(1835000,1)
(7474100,1)
(10216700,1)
(11287800,1)
(1546500,5)
(1919700,1)
(650800,2)
(9879000,1)
(9099600,1)
(2253500,2)
(4580000,1)
(1220600,101)
(1892700,5)
(10167200,1)
(5482800,5)
(4658400,1)
(11292200,1)
(3401900,6)
(9538800,1)
(7315700,1)
(4061600,1)
