(6909500,1)
(4417700,22)
(9862400,1)
(10372000,1)
(7555700,1)
(11081200,1)
(4562600,1)
(5562500,1)
(1789800,1)
(8991200,1)
(136500,61)
(10783400,1)
(10243300,2)
(838600,13)
(582000,2)
(10743800,1)
(11248700,1)
(1823900,1)
(9812900,1)
(1048400,5)
(437100,2)
(1188900,2)
(1068200,9)
(9670700,2)
(6836600,3)
(3473600,20)
(2483600,3)
(6886100,2)
(2526800,1)
(6941900,1)
(399400,2)
(6654800,1)
(10842800,1)
(8920000,2)
(2101900,2)
(4402300,3)
(10435000,1)
(2515000,3)
(9199100,7)
(10887900,1)
(11253100,1)
(2307100,1)
(601800,3)
(9768900,1)
(5566100,1)
(8466500,1)
(36400,485)
(3906500,1)
(7472900,2)
(7549400,1)
(6176300,1)
(7284800,3)
(2052400,22)
(7203700,1)
(10985000,1)
(11294600,1)
(9159500,2)
(899900,8)
(593800,91)
(9961400,1)
(696400,3)
(2398100,1)
(8971400,3)
(8981300,1)
(4665200,2)
(6753800,2)
(2378300,11)
(2956100,1)
(229200,14)
(10091200,1)
(4728200,2)
(10920100,1)
(8866100,1)
(3596000,47)
(10540300,1)
(9462800,1)
(8274800,2)
(8852600,9)
(9811000,1)
(4813700,4)
(10910200,1)
(656800,1)
(10237000,1)
(10096700,1)
(8618600,1)
(11140600,1)
(10164100,1)
(9561800,2)
(6585500,1)
(9892100,2)
(11118100,1)
(10694300,1)
(11164000,1)
(11169500,1)
(10397300,1)
(10955300,1)
(6579200,35)
(3156800,1)
(448900,1)
(8462900,3)
(9915500,1)
(10866200,1)
(2244100,1)
(1013200,29)
(8763500,9)
(1147400,60)
(5370800,1)
(9925400,1)
(9778800,1)
(6717800,1)
(2817500,1)
(11149700,1)
(10337900,1)
(9929000,1)
(10826600,1)
(10623100,1)
(9155900,2)
(2022700,3)
(10203700,1)
(8931800,5)
(2883200,2)
(11114500,1)
(9976800,3)
(9238700,2)
(9634700,1)
(2823800,1)
(8519600,2)
(8915600,2)
(11189300,1)
(9041500,1)
(2521300,18)
(3275600,7)
(8846300,1)
(11015500,1)
(8179400,1)
(10915700,1)
(9941600,1)
(1341800,1)
(9100900,1)
(6534100,1)
(1226600,6)
(1099800,1)
(8788800,1)
(1802200,1)
(4681400,1)
(6519800,1)
(3417800,4)
(6162800,2)
(8456600,1)
(1612700,1)
(11170300,1)
(26500,4)
(9945200,1)
(3912800,1)
(3734600,1)
(3002800,1)
(3204400,2)
(9909200,1)
(9393500,1)
(9702100,1)
(10019200,1)
(10446800,1)
(11288300,1)
(5884800,1)
(2259500,1)
(9373700,1)
(3552800,2)
(66100,223)
(10000200,1)
(10185800,1)
(7393700,2)
(8332300,1)
(1201300,7)
(2026300,1)
(9747200,2)
(4012600,1)
(1906700,1)
(9911900,2)
(6777200,1)
(11035300,1)
(2082100,3)
(2770700,70)
(4936100,1)
(10846400,2)
(6742000,4)
(10238900,2)
(10120900,1)
(10945400,1)
(1459800,3)
(4572500,1)
(4795800,1)
(6633100,1)
(1867100,1)
(6172700,1)
(10175900,1)
(9203500,1)
(6623200,1)
(5973900,1)
(1598400,1)
(10415200,1)
(11021800,4)
(11228900,1)
(271500,2)
(9757100,1)
(7031800,2)
(5379900,14)
(2536700,3)
(7322500,1)
(9842600,1)
(10104700,1)
(7603300,2)
(1642400,2)
(8836400,2)
(3255800,4)
(2691500,1)
(10357700,1)
(9773300,3)
(10767200,1)
(1877000,5)
(4639100,1)
(1193300,18)
(9624800,1)
(2092000,1)
(7565600,1)
(433500,6)
(9114400,1)
(1921000,40)
(516300,1)
(3182900,4)
(8951600,6)
(9076700,1)
(9699600,1)
(7951700,1)
(5774000,1)
(4394300,1)
(10169600,1)
(9486200,1)
(9302500,2)
(3210700,1)
(200300,44)
(1173500,47)
(3285500,1)
(10545800,2)
(11005600,1)
(1309400,1)
(11076800,1)
(9294500,1)
(9021700,9)
(9613000,1)
(9071200,1)
(1794200,1)
(8955200,1)
(8342200,1)
(3427700,8)
(9550000,1)
(8975000,3)
(1349000,10)
(4863200,2)
(5587800,1)
(9723800,1)
(9258500,1)
(10294700,1)
(3665300,3)
(11159600,1)
(126600,1)
(740400,15)
(6706000,1)
(3541000,1)
(3057800,2)
(10021900,1)
(10190200,1)
(3764300,1)
(10680800,2)
(10039000,1)
(10717700,1)
(10306300,1)
(6939200,1)
(7268600,2)
(2151400,2)
(646900,4)
(3487100,31)
(10732000,1)
(8919200,1)
(2868900,6)
(4947900,1)
(4789500,1)
(8010000,1)
(8411500,1)
(9650900,1)
(11213500,1)
(5412100,4)
(3146900,1)
(3936200,2)
(10223500,1)
(512700,1)
(1454300,1)
(2437700,6)
(9243100,1)
(526200,47)
(4328600,25)
(5477000,3)
(7154200,1)
(10139900,1)
(2718500,2)
(10180300,1)
(7882400,1)
(8362000,1)
(10905800,1)
(9011800,1)
(5002600,1)
(10787000,1)
(8939000,6)
(6773600,2)
(9806600,1)
(231900,7)
(8929100,10)
(4214200,1)
(10925600,1)
(8451100,1)
(3586100,1)
(2200900,3)
(9482600,1)
(9387200,4)
(6628700,6)
(1738400,2)
(3101800,1)
(10160500,1)
(3511300,3)
(10608800,1)
(3883100,1)
(10555700,1)
(8581700,1)
(3308900,75)
(5734400,5)
(2477300,1)
(11051500,1)
(8316100,1)
(11041600,1)
(6581900,2)
(3992000,1)
(7581800,1)
(1976000,1)
(7411600,2)
(5912600,18)
(3161200,4)
(6607000,1)
(6793400,3)
(1444400,2)
(9935300,1)
(4691300,1)
(5042200,1)
(10086800,1)
(5542700,1)
(9514000,5)
(11190100,1)
(10876100,1)
(5052100,1)
(3378200,5)
(142800,3)
(1414700,30)
(11284700,1)
(1132000,7)
(10668200,1)
(547900,2)
(1023100,5)
(9353900,1)
(6801400,2)
(10530400,1)
(11100,7)
(8258600,4)
(7540300,1)
(6575600,16)
(11263000,1)
(621600,1)
(1778000,3)
(6698000,2)
(4536500,1)
(8821000,1)
(9520300,1)
(10274900,1)
(9603100,1)
(3354800,5)
(9248600,1)
(9446600,3)
(4067600,1)
(3388100,11)
(11055100,1)
(10031800,1)
(8540200,1)
(7298300,1)
(890800,5)
(8727500,1)
(6910300,1)
(7504300,1)
(1127600,13)
(6126800,1)
(10045300,3)
(6508000,2)
(8882300,15)
(9274700,3)
(8961500,1)
(10559300,2)
(8496200,2)
(7372000,1)
(1440800,1)
(11268500,1)
(10550200,1)
(4240300,2)
(8862500,1)
(1584900,12)
(9529400,1)
(7435000,2)
(9674300,4)
(9476300,1)
(4833500,1)
(132900,2)
(4675100,2)
(2032600,2)
(9150400,6)
(10664600,3)
(6482900,1)
(5760500,1)
(10456700,1)
(9866000,1)
(10504300,1)
(11264900,1)
(4531000,3)
(7747400,1)
(9096500,1)
(10788900,1)
(9680600,3)
(9015400,2)
(2898600,2)
(1470500,4)
(10975100,1)
(5506700,1)
(7787000,1)
(10253200,1)
(1662200,10)
(1499400,61)
(1469700,1)
(10035400,2)
(562200,1)
(4370900,1)
(8539400,1)
(8905700,1)
(9525800,2)
(8253100,1)
(249000,5)
(7446800,1)
(8965100,1)
(9535700,1)
(11000100,1)
(2473700,6)
(10025500,1)
(3556400,2)
(10401700,1)
(395800,3)
(2661800,61)
(10529600,1)
(11298200,1)
(1898700,5)
(10862600,1)
(9919100,3)
(3390800,8)
(4847000,1)
(957400,5)
(10514200,1)
(8446700,2)
(9120700,1)
(4532900,1)
(4582400,1)
(8367500,2)
(10539500,1)
(10856300,1)
(9129800,2)
(8045200,1)
(7466600,1)
(1553300,1)
(3526700,1)
(9788700,1)
(4390700,1)
(245400,2)
(10149800,1)
(1563200,18)
(4982000,1)
(5027900,1)
(1054700,1)
(1236500,2)
(7039000,2)
(9496100,1)
(6559400,3)
(4250200,1)
(7065100,6)
(2057900,4)
(4239500,5)
(8723900,1)
(4483400,1)
(10118200,1)
(4115200,3)
(4586000,1)
(6570100,1)
(11065000,1)
(4443800,2)
(2609600,3)
(8560000,1)
(131000,24)
(937600,12)
(1682000,5)
(8777000,1)
(2042500,7)
(8897700,4)
(4972100,1)
(8306200,1)
(9264800,1)
(3121600,2)
(1667700,1)
(10658300,1)
(3219800,1)
(8842700,5)
(1143800,6)
(9119900,6)
(9664400,1)
(4062100,1)
(11179400,1)
(8986800,29)
(10892300,1)
(10712200,1)
(5738000,1)
(9492500,1)
(2769900,1)
(3295400,7)
(3328700,4)
(3289100,2)
(9472700,1)
(1703200,5)
(8415100,1)
(9169400,1)
(2888700,27)
(10777100,1)
(6727700,1)
(1966100,5)
(10981400,1)
(3498900,1)
(3531100,1)
(10872500,1)
(10900300,1)
(9367400,1)
(2847200,6)
(111200,5)
(9451000,1)
(9195500,1)
(9900100,1)
(730500,1)
(106800,11)
(9180100,1)
(3600400,2)
(7326100,1)
(2119000,21)
(9905600,2)
(10882400,1)
(2166800,4)
(241800,33)
(1687500,1)
(10670900,1)
(615300,4)
(9591500,3)
(11223400,1)
(9887700,1)
(3922700,1)
(1177100,1)
(6057500,1)
(2675300,1)
(1449900,12)
(5799300,1)
(2131600,1)
(2417900,1)
(2764400,1)
(3269300,1)
(10009300,2)
(9170200,7)
(9268400,2)
(11086700,1)
(3681500,1)
(1812100,1)
(10393700,1)
(5817200,1)
(97700,94)
(5754200,7)
(10935500,1)
(10747400,1)
(11011900,1)
(3368300,21)
(1157300,2)
(7128100,1)
(11243200,1)
(5063900,1)
(10179500,4)
(2650000,1)
(1873400,37)
(894400,2)
(3630100,1)
(1606400,1)
(2659100,1)
(10579100,2)
(4192700,74)
(1578600,6)
(7118200,1)
(4750700,1)
(7248800,1)
(4047800,1)
(2977800,3)
(101300,8)
(2794100,1)
(10496300,1)
(1375100,1)
(10929200,2)
(6862700,2)
(9278300,1)
(9288200,1)
(9660800,1)
(10170400,1)
(9753500,3)
(1594800,1)
(9965000,1)
(8753600,1)
(10500700,1)
(661200,421)
(10342300,1)
(9061300,1)
(9175700,1)
(8431300,2)
(2493500,2)
(9798600,1)
(1558800,1)
(10020000,1)
(6603400,3)
(9816500,2)
(6042100,1)
(8945300,2)
(2219900,1)
(7035400,5)
(9981200,4)
(8690600,1)
(10352200,1)
(1548900,1)
(11217100,1)
(9504100,1)
(8476400,1)
(1956200,14)
(5577900,1)
(4576100,2)
(1847300,64)
(192300,3)
(10949000,1)
(9190000,1)
(9549200,2)
(9165800,1)
(3898500,2)
(7347800,4)
(5770400,1)
(2799600,41)
(413700,9)
(11227000,1)
(7108300,1)
(3406000,9)
(5516600,1)
(7589000,19)
(9254900,2)
(22900,3)
(7618700,1)
(1133900,1)
(9207100,1)
(3649100,29)
(3062200,29)
(5888400,44)
(10702300,1)
(4671500,4)
(9822800,8)
(10931900,1)
(166200,5)
(3052300,1)
(453300,35)
(8140600,1)
(9717500,1)
(10138000,1)
(4506800,1)
(7217200,2)
(3265700,13)
(10634900,2)
(2681600,2)
(6915800,1)
(9897600,2)
(10832900,1)
(9421300,3)
(11238800,1)
(9452900,1)
(8996700,1)
(5863100,1)
(9648200,3)
(4384400,1)
(3111700,1)
(8555600,1)
(6787100,6)
(2062300,1)
(6805000,3)
(2125300,1)
(8925500,5)
(427200,1)
(2501500,1)
(9684200,1)
(4105300,4)
(10213600,1)
(1495800,10)
(6712300,6)
(605400,1)
(4526600,4)
(5615600,1)
(11025400,1)
(8921900,2)
(3214300,1)
(1863500,1)
(9846200,1)
(2671700,2)
(2878800,2)
(9559100,1)
(724200,172)
(3171100,4)
(3802000,32)
(5407700,4)
(7213600,1)
(10575500,1)
(390300,6)
(8579000,1)
(9540100,1)
(5759700,1)
(9456500,1)
(9108100,1)
(9921800,1)
(9322300,1)
(235500,4)
(2728400,1)
(10195700,1)
(7114600,1)
(10633000,1)
(2837300,1)
(2111800,1)
(5526500,2)
(5744300,2)
(3497000,2)
(9045100,10)
(9530200,1)
(10130800,1)
(8302600,2)
(9575300,1)
(1517300,112)
(281400,2)
(417300,2)
(9140500,1)
(4552700,2)
(9352000,1)
(9882200,1)
(10628600,1)
(8909300,1)
(7456700,1)
(5473400,1)
(11130700,1)
(9783200,2)
(162600,5)
(10836500,2)
(1018700,5)
(7816700,1)
(4141300,1)
(8674400,2)
(4696800,2)
(567700,86)
(9332200,1)
(6608900,2)
(2620300,2)
(9144100,1)
(11124400,1)
(2115400,1)
(9397100,1)
(5610100,1)
(4136900,21)
(8767100,3)
(5749800,1)
(10154200,1)
(1878900,112)
(5328500,1)
(8778900,304)
(10150600,2)
(10549400,1)
(2774300,2)
(5675000,1)
(3516800,3)
(10288400,1)
(10278500,1)
(11019100,1)
(4521100,1)
(9253000,2)
(5493200,1)
(8877900,1)
(8227000,1)
(9189200,1)
(3115300,1)
(2313400,1)
(8801200,1)
(2655500,2)
(1242800,1)
(3718400,1)
(10051600,2)
(5894700,1)
(10722100,1)
(5389800,1)
(10930000,1)
(6797000,2)
(2422300,1)
(9317900,1)
(62500,38)
(1310200,2)
(9539300,2)
(7421500,2)
(997000,18)
(7253200,1)
(8910100,14)
(1028600,1)
(42700,47)
(1507400,64)
(8743700,1)
(9431200,10)
(10727600,1)
(7519700,1)
(10114600,1)
(9415000,1)
(6589100,6)
(2780600,1)
(947500,18)
(597400,1)
(2087600,2)
(10472900,1)
(1573100,1)
(2265800,2)
(8822900,26)
(10207300,1)
(121100,25)
(789100,7)
(10076900,1)
(3220600,3)
(9569000,1)
(9411400,1)
(1764500,2)
(10421500,2)
(1790600,2)
(9877800,1)
(458800,1)
(1094300,2)
(4848900,1)
(4987500,1)
(2299100,5)
(380400,7)
(9055000,1)
(7496300,2)
(9056900,1)
(9363800,1)
(7545800,2)
(7227100,2)
(10831000,1)
(11071300,1)
(11312500,1)
(10733900,1)
(9931700,1)
(6688100,1)
(10811200,2)
(92200,1)
(3176600,1)
(7362100,1)
(5417600,40)
(11258600,1)
(10585400,1)
(2384600,12)
(1345400,1)
(220100,11)
(769300,1)
(186000,76)
(9658100,1)
(5057600,6)
(9971300,1)
(2946200,7)
(7189400,1)
(9712000,5)
(8363900,1)
(4275500,4)
(443400,1)
(9669900,1)
(3384500,31)
(7887900,2)
(9337700,1)
(1484000,3)
(9690500,1)
(3344900,1)
(5807300,1)
(8263000,5)
(6580000,1)
(10010100,1)
(8737400,1)
(6560200,5)
(3457400,1)
(9466400,1)
(407400,75)
(3803900,1)
(3640000,2)
(10798800,1)
(1078100,2)
(3109000,1)
(6618800,1)
(7471000,1)
(611700,20)
(1537100,12)
(1319300,1)
(4457300,1)
(8401600,4)
(10919300,1)
(1843700,31)
(10678100,1)
(1305800,3)
(6565700,70)
(9694100,1)
(9001900,10)
(447000,1)
(9405100,1)
(11045200,1)
(8876000,1)
(552300,1)
(9191900,2)
(1232900,4)
(9223300,1)
(1371500,6)
(10821100,1)
(7051600,1)
(10961600,1)
(7140700,2)
(9668000,1)
(10248800,1)
(1774400,1)
(6930100,12)
(10471000,1)
(10699800,1)
(187900,1)
(2135200,1)
(9595100,1)
(2056000,1)
(8559200,1)
(10367600,1)
(210200,6)
(3240400,5)
(77900,36)
(4447400,1)
(1329200,2)
(3072100,2)
(10217200,1)
(5006200,1)
(10466600,1)
(9377300,1)
(676600,8)
(10684400,1)
(5478900,23)
(9118000,5)
(72400,261)
(10570000,1)
(2952500,1)
(10648400,1)
(10377500,1)
(6514300,1)
(2303500,2)
(1112200,3)
(10520500,1)
(9996600,1)
(10373900,1)
(1734800,18)
(10268600,3)
(11274800,1)
(8976900,1)
(8550100,1)
(1723000,3)
(1547000,1)
(3250300,3)
(291300,9)
(10081300,1)
(2155000,1)
(8561900,2)
(10806800,1)
(7061500,1)
(7539500,1)
(4026100,1)
(11306200,1)
(6757400,8)
(10965200,1)
(9086600,1)
(1901200,16)
(10322500,1)
(1543400,1)
(8702200,1)
(10941800,1)
(10618700,1)
(739600,11)
(4511200,1)
(9104500,4)
(3926300,3)
(4171000,1)
(4172900,1)
(10939100,1)
(8773400,1)
(1438100,19)
(10015600,1)
(9284600,1)
(7832900,3)
(8441200,1)
(3592400,2)
(2255900,1)
(2290000,4)
(5803700,8)
(8591600,20)
(7278500,1)
(2635700,5)
(52600,60)
(506400,1)
(9130600,1)
(7055200,1)
(9179300,1)
(7076900,6)
(10041700,2)
(1084400,17)
(8872400,8)
(2942600,1)
(10482800,1)
(6905900,5)
(11185700,1)
(2511400,4)
(11180200,1)
(4566200,1)
(10144300,1)
(3437600,1)
(4997400,1)
(2695100,1)
(6892400,1)
(10737500,1)
(3641900,1)
(6510700,1)
(9689700,1)
(1211200,234)
(7811200,1)
(10991300,1)
(9763400,1)
(1760900,1)
(5600200,1)
(10362100,1)
(10690700,1)
(5582300,1)
(864700,35)
(8816600,2)
(5952200,1)
(9638300,3)
(5453600,1)
(9228800,1)
(2487200,5)
(4389900,1)
(285000,2)
(10075000,1)
(3916400,1)
(4161100,11)
(8312500,1)
(10383800,3)
(3087500,15)
(2077700,1)
(9727400,1)
(4718300,1)
(6067400,1)
(10227100,1)
(6876200,1)
(7025500,2)
(7436900,10)
(56200,260)
(82300,1)
(76000,4)
(10441300,1)
(2348600,1)
(10589000,1)
(10055200,1)
(6732100,2)
(8798700,1)
(11175800,1)
(8717600,1)
(6539600,4)
(1697400,3)
(9951500,1)
(4002700,1)
(4784000,1)
(1385000,1)
(720600,5)
(7337900,16)
(5012500,6)
(6529700,20)
(2853500,2)
(10951700,1)
(4271900,1)
(11066900,1)
(843000,2)
(1198800,4)
(9383600,1)
(880900,27)
(7550200,2)
(2645600,1)
(4827200,7)
(3249500,2)
(2432200,4)
(8757200,1)
(4042300,12)
(9347600,1)
(6935600,1)
(5764100,1)
(1728500,1)
(2097500,6)
(729700,3)
(3239600,2)
(744000,3)
(1977900,19)
(5399700,1)
(1503800,1)
(3245900,5)
(9160300,1)
(9306100,1)
(5521000,1)
(10108300,1)
(1683900,4)
(9628400,1)
(666700,1)
(1672100,1)
(10316200,1)
(2208100,5)
(296800,1)
(3374600,3)
(1460600,3)
(10387400,1)
(4259300,1)
(8941700,1)
(251700,12)
(1533500,8)
(2328800,1)
(1428200,3)
(7160500,2)
(1982300,28)
(1490300,4)
(172500,4)
(9910000,2)
(10638500,2)
(714300,3)
(1677600,1)
(9316000,2)
(7199300,1)
(9312400,1)
(3724700,1)
(1365200,5)
(4249400,1)
(11144200,1)
(215700,1)
(3402400,2)
(10763600,1)
(6569300,17)
(1300300,3)
(11009200,1)
(682900,17)
(10411600,2)
(9416900,1)
(7081300,1)
(10509800,1)
(5522900,1)
(9867900,1)
(2279300,1)
(1330000,1)
(1315700,17)
(8337800,1)
(1434500,52)
(3186500,1)
(10689900,1)
(9551900,1)
(4224100,8)
(6524200,12)
(9401500,3)
(4853300,2)
(927700,4)
(10707800,2)
(116700,10)
(9767000,1)
(10793300,2)
(9218900,3)
(6767300,1)
(7530400,1)
(9832700,2)
(2390900,1)
(6644900,6)
(2453900,2)
(4121500,7)
(9836300,1)
(3260200,1)
(10591700,4)
(1784300,1)
(8025400,1)
(6599000,11)
(8595200,1)
(3453800,7)
(9743600,1)
(9019000,1)
(6549500,1)
(2291900,38)
(11096600,1)
(9509600,3)
(1657800,7)
(3997500,1)
(7441300,1)
(779200,1)
(10571900,9)
(10852700,1)
(7273000,1)
(9426800,1)
(5354600,1)
(5546300,1)
(3769800,1)
(10644800,1)
(225600,6)
(9966900,1)
(2105500,1)
(10996800,1)
(11091100,1)
(6747500,5)
(5402200,1)
(9801100,1)
(384000,12)
(9298100,1)
(8806700,6)
(1448000,2)
(2318900,2)
(1287900,53)
(9441100,1)
(10124500,1)
(3323200,1)
(10128100,1)
(898000,12)
(1167200,54)
(8793200,1)
(2639300,1)
(4803800,2)
(9005500,1)
(2703100,1)
(4957800,10)
(3483500,1)
(7377500,4)
(635100,5)
(334500,1)
(3338600,8)
(10560100,1)
(4807400,1)
(10909400,1)
(645000,26)
(2619500,6)
(1822000,1)
(2768000,1)
(2285600,1)
(10140700,1)
(10565600,1)
(572100,14)
(902400,1)
(1616300,1)
(1779900,3)
(8608700,1)
(7124500,3)
(4077500,1)
(219300,62)
(4260100,1)
(10005700,1)
(6826700,4)
(9124300,5)
(8124400,1)
(7560100,1)
(10332400,2)
(4498800,1)
(9000000,12)
(10071400,5)
(1758200,5)
(1893200,1)
(3032500,3)
(11134300,1)
(4323100,30)
(255300,1)
(463200,1)
(2364800,1)
(4196300,69)
(557800,3)
(10189400,1)
(1647900,3)
(9357500,2)
(4156700,3)
(10492700,1)
(1780700,1)
(9035200,1)
(8393600,1)
(7120900,18)
(4983900,72)
(1768100,2)
(8322400,1)
(1799700,1)
(10298300,1)
(9051400,1)
(1817600,6)
(9852500,1)
(9571700,1)
(9510400,1)
(1088000,1)
(2992100,9)
(8347700,1)
(9856100,1)
(385900,1)
(7104700,1)
(1331900,1)
(11165900,1)
(5364500,6)
(2516900,11)
(4473500,2)
(9213400,2)
(7535900,1)
(7288400,1)
(9737300,1)
(1355300,1)
(3394400,2)
(8935400,1)
(4016200,1)
(9608600,1)
(10199300,1)
(10134400,1)
(5708300,3)
(2343100,1)
(9217000,13)
(2966000,2)
(8783300,2)
(11110900,1)
(3230500,1)
(998900,5)
(2254000,1)
(2843600,1)
(9733700,1)
(4708400,1)
(9654500,3)
(1008800,20)
(3901000,1)
(10029100,2)
(10486400,1)
(922200,250)
(3234100,3)
(9185600,1)
(8832800,9)
(9955100,1)
(9519500,1)
(9500500,1)
(8268500,1)
(10654700,1)
(10326100,1)
(9009100,2)
(11120800,1)
(3343000,13)
(2972300,1)
(10233400,1)
(10613200,1)
(6919400,3)
(1987800,3)
(6694400,22)
(11195600,1)
(10258700,2)
(10461100,1)
(2708600,2)
(11160400,1)
(4182800,17)
(8887800,1)
(11233300,1)
(6722200,6)
(6530500,1)
(10336000,1)
(10302700,1)
(2629400,45)
(46300,13)
(1297800,31)
(9233200,1)
(10436900,2)
(10535900,1)
(7876100,9)
(1952600,3)
(8747300,1)
(230000,5)
(8298200,1)
(4318700,1)
(9713900,1)
(2186600,6)
(5724500,21)
(2457500,5)
(10425100,1)
(4073900,9)
(7263100,3)
(5957700,1)
(4219700,2)
(9614900,1)
(4868700,7)
(3026200,1)
(11150500,2)
(1527200,172)
(10273000,1)
(5983800,2)
(983500,4)
(4101700,1)
(403800,2)
(6017900,1)
(11139800,1)
(11199200,1)
(10061500,3)
(5162900,2)
(1626200,1)
(1748300,8)
(6783500,11)
(11061400,1)
(152700,200)
(10581800,1)
(10688000,1)
(3977700,28)
(11203600,1)
(7788900,2)
(10886000,1)
(8684300,1)
(2997600,4)
(6940000,1)
(10524100,1)
(2987700,1)
(9872300,3)
(1089900,1)
(10595300,1)
(8811100,6)
(10897800,2)
(6929300,539)
(9154000,3)
(4630000,20)
(781900,2)
(2807600,1)
(10065100,5)
(9031600,1)
(4210600,2)
(4412200,16)
(2250400,3)
(9585200,1)
(146400,37)
(9545600,1)
(1807700,3)
(8535800,1)
(8357600,1)
(4942400,13)
(9290900,1)
(10816700,1)
(10519700,1)
(9149600,1)
(6896000,2)
(10773500,1)
(3036100,5)
(10476500,1)
(8294600,3)
(7492700,2)
(6002500,2)
(1513700,303)
(5972000,17)
(7821100,5)
(7096700,2)
(7476500,7)
(10510600,3)
(2827400,2)
(9679800,1)
(11108200,1)
(11316100,1)
(7674500,1)
(2338700,1)
(2713000,1)
(9139700,6)
(11010000,1)
(9134200,1)
(4625600,2)
(8826500,3)
(8035300,1)
(6509900,1)
(6555800,1)
(10431400,1)
(1231000,37)
(11129900,1)
(9618500,1)
(11031700,1)
(4629200,5)
(7138000,1)
(10753700,1)
(5728100,4)
(2562800,4)
(6991400,2)
(7401700,1)
(10312600,1)
(4229600,20)
(1153700,8)
(993400,21)
(8856200,1)
(1646000,4)
(423600,1)
(2893100,1)
(5730800,8)
(8900200,9)
(9091000,1)
(1262600,1)
(8892200,1)
(681000,1)
(5200600,1)
(2615900,39)
(2240500,1)
(9991100,1)
(261600,10)
(9110800,12)
(7595300,1)
(9081100,1)
(5813600,1)
(275100,2)
(1936400,1)
(11128000,2)
(11278400,1)
(2260300,1)
(10569200,2)
(828700,1)
(5898300,1)
(2640100,1)
(8114500,1)
(4279100,1)
(11029000,1)
(9025300,1)
(1489500,2)
(7139900,1)
(10263100,1)
(6737600,1)
(3006400,3)
(7405300,1)
(10986900,1)
(6504400,5)
(1926500,3)
(10801300,2)
(3659000,1)
(11104600,1)
(9644600,1)
(2354900,17)
(3380900,9)
(3145000,13)
(10347800,2)
(542400,3)
(641400,86)
(10174000,1)
(9327800,1)
(4151200,14)
(9092900,1)
(4946000,9)
(10674500,2)
(9565400,1)
(8217100,3)
(546000,7)
(6441400,2)
(1292300,74)
(7071400,4)
(5779500,1)
(9066800,1)
(8096600,2)
(1033000,2)
(1070900,6)
(2249600,1)
(9342100,1)
(2121700,2)
(10971500,1)
(4427600,1)
(11154100,1)
(7041700,1)
(1351700,3)
(9515900,1)
(10159700,1)
(502800,34)
(4388000,1)
(625200,1)
(9986700,4)
(8120800,1)
(4407800,1)
(10757300,1)
(2463800,1)
(4269200,1)
(10451200,1)
(2016400,3)
(11207200,1)
(2452000,1)
(8264900,1)
(3016300,1)
(9707600,1)
(4265600,1)
(9581600,1)
(6821200,29)
(9200,15)
(4230400,95)
(9793100,1)
(3166700,17)
(265200,13)
(7431400,1)
(906000,1)
(10284800,1)
(9555500,2)
(8421400,1)
(10405300,1)
(1064600,2)
(8545700,1)
(10603300,1)
(2402500,1)
(4186400,9)
(2109100,30)
(11302600,1)
(478600,1)
(16600,183)
(9826400,1)
(3932600,1)
(10534000,1)
(734100,1)
(2171200,1)
(6806900,2)
(9436700,1)
(3493400,15)
