(11013400,5)
(7796700,1)
(9211300,1)
(6705800,4)
(199300,3)
(10126000,1)
(7329500,1)
(8715500,1)
(545800,10)
(40600,1)
(1348800,7)
(2560700,7)
(5688300,1)
(5392100,20)
(1141700,1)
(4496700,3)
(2247500,1)
(10246700,1)
(9074600,8)
(9682100,1)
(2663300,2)
(7786800,1)
(2298900,1)
(9404900,1)
(5892600,3)
(10553600,1)
(11102500,1)
(11098100,1)
(1191200,54)
(743800,13)
(7818200,1)
(9252800,1)
(5049200,1)
(10854200,1)
(11007100,1)
(3904400,15)
(9276200,1)
(9578700,1)
(397300,17)
(6804800,4)
(10885800,1)
(3405800,1)
(1181300,28)
(9349100,1)
(9885600,1)
(5793600,2)
(7507700,1)
(8804600,3)
(2637200,1)
(9503900,2)
(1358700,1)
(5773800,2)
(4392200,21)
(10899300,1)
(3233900,2)
(8616500,1)
(3886500,1)
(1695300,1)
(9652400,2)
(6751700,2)
(2030500,1)
(69500,10)
(2819000,5)
(1800100,3)
(3174500,1)
(3049400,6)
(6755300,2)
(6913700,1)
(238900,14)
(7276400,1)
(9489600,1)
(10507700,1)
(3400300,34)
(10963100,1)
(10094600,1)
(5732300,6)
(10339400,1)
(7038800,3)
(5377800,1)
(7261000,1)
(5783700,1)
(3227600,1)
(8369000,1)
(294700,2)
(11167400,1)
(10672400,1)
(9711800,1)
(9043000,1)
(9751400,1)
(11028800,1)
(8375300,1)
(4514600,1)
(10830800,2)
(9880100,1)
(4071800,9)
(7379000,1)
(1586400,10)
(5564000,1)
(3929700,1)
(7499700,3)
(5293100,1)
(2010700,17)
(7187300,1)
(3439100,1)
(10142200,1)
(5613500,2)
(10844300,1)
(5471300,3)
(4970000,2)
(11152000,1)
(8116000,1)
(10537400,1)
(9391400,1)
(1224500,13)
(10157600,1)
(3599400,350)
(10038800,1)
(5975400,7)
(8507600,1)
(10606700,1)
(10543700,1)
(11314000,1)
(6741800,8)
(10330300,1)
(10937000,1)
(10013500,1)
(4481300,1)
(9440900,2)
(10201600,3)
(5306600,1)
(3908000,1)
(8231200,1)
(10355600,1)
(1767900,2)
(2356400,9)
(1592700,2)
(3085400,40)
(6517700,1)
(6884000,6)
(29900,192)
(1220900,13)
(2257400,2)
(892300,7)
(10098200,6)
(3257300,1)
(3075500,1)
(8003500,3)
(6700300,1)
(10167500,1)
(8537300,28)
(1295700,1)
(11193500,1)
(9458000,1)
(1307300,1)
(9242900,7)
(3029600,1)
(1313600,90)
(278500,5)
(4585800,8)
(6190400,1)
(4439000,2)
(6785000,4)
(11231200,1)
(1155200,9)
(2430100,2)
(9701900,1)
(2633600,3)
(10286300,1)
(7296200,1)
(4836900,1)
(1811900,2)
(4524500,2)
(9839700,1)
(10984800,1)
(11226800,1)
(1772300,10)
(1999200,1)
(4684800,3)
(8339300,9)
(1614200,14)
(5476800,1)
(10479900,1)
(3170900,6)
(7043200,1)
(8824400,6)
(7458200,2)
(10666100,1)
(4267100,1)
(9984600,1)
(9709100,1)
(6543800,4)
(6621100,3)
(1535000,1)
(6532000,2)
(1722800,1)
(3560600,1)
(4673000,1)
(1716500,52)
(4194200,72)
(10573400,1)
(5030200,1)
(8890100,18)
(9964800,1)
(10725500,1)
(357700,1)
(3180800,1)
(471000,1)
(3900800,10)
(10611100,1)
(9320200,1)
(10349300,1)
(9256400,1)
(383800,1)
(10236800,1)
(3199800,2)
(85700,4)
(9563300,2)
(5777400,8)
(8361800,2)
(6522100,2)
(8262800,1)
(565600,28)
(2445500,6)
(8998200,11)
(2558000,1)
(6557300,3)
(6775100,1)
(570000,1)
(9954900,1)
(727600,2)
(9262700,2)
(529600,7)
(10162000,1)
(7215100,1)
(10710100,1)
(4410100,25)
(3554300,6)
(1274000,2)
(6735500,2)
(298300,1)
(9693900,1)
(10656200,1)
(9662300,1)
(11157500,1)
(10266500,1)
(1353200,1)
(2326700,2)
(8984700,1)
(9090800,2)
(4475000,1)
(9527300,5)
(9792900,1)
(10163900,1)
(1815500,1)
(2559900,4)
(2346500,2)
(11246600,1)
(9513800,1)
(5603600,1)
(7885800,2)
(8371700,1)
(9692000,2)
(8725400,1)
(1131800,6)
(9715400,3)
(5534300,2)
(2108900,7)
(10251100,2)
(2475200,1)
(89300,24)
(1121900,1)
(2158400,2)
(8850500,55)
(5465000,7)
(10325900,1)
(1042700,6)
(2321200,2)
(9840500,5)
(2613800,2)
(10652600,1)
(3148400,2)
(5570300,2)
(8705600,1)
(10522000,1)
(9697500,2)
(8266400,1)
(10814600,1)
(535900,5)
(1635900,5)
(4569600,1)
(3580400,3)
(10745300,4)
(496300,1)
(9272600,1)
(1762400,8)
(2698500,1)
(10850600,1)
(9058400,1)
(5919600,3)
(4638900,71)
(2481500,8)
(10064900,1)
(9418400,2)
(4164500,10)
(7543700,1)
(10458200,1)
(2694900,3)
(1531400,3)
(1087800,3)
(9958500,1)
(11286200,1)
(8885700,16)
(3410200,2)
(130800,18)
(2524700,10)
(4674900,4)
(10428500,3)
(9494000,4)
(9286100,3)
(9094400,1)
(7403200,1)
(7626500,3)
(8923400,6)
(3386000,1)
(3382400,12)
(9355400,3)
(5742200,2)
(6890300,3)
(5585700,1)
(9201400,1)
(4465100,1)
(217200,64)
(9721700,1)
(10890200,1)
(18100,450)
(8403100,3)
(1462100,97)
(9903500,3)
(1186800,1)
(5336300,1)
(10913600,1)
(60400,74)
(1876800,2)
(5283200,1)
(10132300,2)
(2538200,1)
(3524600,1)
(1234400,6)
(9547100,1)
(4702700,1)
(5727900,1)
(9375200,6)
(1208300,11)
(4376000,2)
(4554200,16)
(6715700,1)
(1175000,1)
(733900,5)
(5039300,1)
(4445300,1)
(2821700,1)
(4909800,1)
(9756900,1)
(1920800,1)
(6937100,1)
(451200,12)
(2892900,1)
(5668500,1)
(5015900,1)
(2376200,2)
(9626300,1)
(8553500,1)
(1670000,1)
(11094500,2)
(1645800,1)
(10626500,1)
(5332700,1)
(712200,1)
(243300,5)
(664600,2)
(8335700,1)
(8869500,4)
(5510900,5)
(10869600,1)
(4613600,1)
(9923300,1)
(10361900,1)
(9642500,1)
(405300,17)
(3485000,3)
(11262800,1)
(2514800,1)
(8899200,1)
(9231100,1)
(233400,5)
(9781100,1)
(699800,1)
(9408500,1)
(1240700,7)
(3673100,1)
(5524400,1)
(9656000,1)
(10468100,1)
(4387800,1)
(9766800,2)
(11043100,1)
(3504800,1)
(915700,1)
(6697800,1)
(11252900,1)
(1610600,1)
(3366200,1)
(4949400,1)
(520500,1)
(2049500,5)
(10494200,1)
(8907200,1)
(644800,3)
(3550700,1)
(10715600,1)
(3207800,2)
(7533800,1)
(9731600,1)
(11084600,2)
(4108700,1)
(2702900,1)
(5397600,1)
(10173800,1)
(10622900,1)
(6588900,1)
(1432400,3)
(8444600,1)
(268600,24)
(4421900,11)
(10424900,1)
(10003600,1)
(6907400,1)
(4095200,1)
(2954000,9)
(2960300,2)
(4441700,22)
(2989200,1)
(9677700,6)
(9106000,1)
(5910500,13)
(3455300,3)
(1871300,26)
(9464300,1)
(10127900,1)
(3445400,1)
(8345600,1)
(6587000,3)
(10697700,1)
(10834400,1)
(8880200,9)
(10137800,1)
(2273600,17)
(6749000,3)
(11074700,1)
(170400,3)
(4979100,1)
(10262900,1)
(930000,2)
(9598500,1)
(10329500,2)
(10808300,1)
(8913500,1)
(1442300,1)
(8292500,6)
(3500,39)
(732000,1)
(10413100,1)
(3431900,2)
(6786900,3)
(108300,19)
(11236700,1)
(6729200,13)
(10755200,1)
(10864100,1)
(8933300,7)
(11142100,1)
(5896200,1)
(6709400,1)
(7642700,1)
(4706300,1)
(2811800,7)
(8829900,40)
(4014100,5)
(4179900,3)
(10593200,1)
(7033300,4)
(472900,3)
(10360000,1)
(10601200,1)
(1343300,2)
(2420200,1)
(11068400,1)
(2060200,6)
(30700,10)
(961600,1)
(2133100,5)
(949000,964)
(7943300,5)
(10454600,1)
(5945700,7)
(2242000,5)
(9990900,3)
(10859700,1)
(8860400,2)
(4716200,3)
(4174400,4)
(2184500,3)
(8761400,5)
(9735200,1)
(2831600,4)
(3372500,3)
(411600,1)
(79400,12)
(9424700,3)
(9064700,1)
(7720000,2)
(3217700,1)
(1016600,1)
(1279500,1)
(446800,3)
(8808200,10)
(9761300,1)
(4461500,2)
(6632900,2)
(6818300,2)
(8329400,7)
(3004300,1)
(4975500,384)
(9084500,1)
(8413000,1)
(10824500,1)
(10933400,1)
(9499500,2)
(2792000,1)
(9132100,1)
(64000,19)
(9018800,1)
(9198900,1)
(1022900,2)
(5481200,1)
(10512100,1)
(9003400,1)
(1110100,7)
(5559600,1)
(11177300,1)
(10870400,1)
(5909700,1)
(10735400,1)
(9517400,8)
(6761600,1)
(500700,1)
(9557000,1)
(4237400,3)
(9913400,1)
(951700,59)
(2950400,2)
(4668600,10)
(6720100,2)
(2107000,2)
(8246600,1)
(6339500,1)
(10345700,1)
(9102400,3)
(9325700,1)
(9700000,9)
(1797600,1)
(10567100,1)
(3060100,1)
(8687700,1)
(747400,25)
(3267200,1)
(10874000,1)
(852700,4)
(10017100,4)
(8256500,1)
(1630400,1)
(10895700,1)
(159700,10)
(9824300,1)
(6824600,1)
(4914200,1)
(5716100,4)
(569200,5)
(8917100,3)
(787000,11)
(3253700,1)
(6849900,2)
(2277200,1)
(4726100,1)
(3040300,1)
(5712500,25)
(10523900,1)
(8994600,3)
(8325800,1)
(1960400,5)
(11211400,1)
(10729100,1)
(8606600,2)
(9013300,1)
(134400,35)
(9978300,1)
(5035700,22)
(3392300,1)
(6781400,1)
(11023300,1)
(9907100,1)
(5410000,1)
(2206000,144)
(6601300,7)
(7448300,2)
(9819900,1)
(10489800,1)
(11017000,1)
(263100,192)
(9988200,1)
(10994700,1)
(10517600,1)
(11187200,1)
(2174600,24)
(10183700,3)
(1244300,8)
(9206900,1)
(9632600,1)
(717700,1)
(8454500,1)
(10662500,2)
(3273500,2)
(9719000,2)
(1891100,1)
(9616400,2)
(9197000,2)
(9450800,1)
(10122400,1)
(9800900,1)
(4694700,1)
(1437900,7)
(6631000,1)
(11256500,1)
(8583200,1)
(9309500,4)
(11137700,1)
(10205200,1)
(8865900,1)
(886000,1)
(9187100,1)
(4787400,4)
(9667800,1)
(8414900,1)
(6844400,1)
(10849800,1)
(8626400,1)
(1230800,4)
(4081700,3)
(887900,1)
(7058600,1)
(550200,14)
(5366000,3)
(4722500,1)
(1338900,16)
(7636400,3)
(10998300,1)
(8870300,1)
(9844100,2)
(4045700,2)
(4180700,5)
(4821500,4)
(8567000,1)
(10282700,1)
(8840600,8)
(3882900,2)
(3985500,1)
(11048600,1)
(1965900,4)
(1176900,6)
(5569500,2)
(3579600,1)
(11205100,2)
(3306800,13)
(560100,7)
(4534400,4)
(4991700,2)
(195700,409)
(9183500,1)
(237000,2)
(5029400,1)
(3024100,4)
(150600,21)
(4564100,4)
(7375400,1)
(9341900,1)
(10391600,1)
(8300500,2)
(9292400,1)
(3232000,3)
(4831400,2)
(2316800,3)
(9345500,1)
(5747700,4)
(6616700,2)
(10464500,1)
(10474400,1)
(1835300,1)
(5924000,1)
(8320300,1)
(9786600,1)
(1515200,161)
(4227500,1)
(7225000,1)
(3034000,2)
(939100,2)
(2099000,178)
(1501700,4)
(8814500,1)
(4579500,4)
(2075600,2)
(3603800,1)
(9167300,3)
(2366300,1)
(8448200,1)
(1792100,1)
(5950100,46)
(7355600,1)
(7474400,3)
(4476900,3)
(931900,6)
(9918900,1)
(9241000,1)
(11197100,1)
(3336500,2)
(4793700,2)
(362100,2)
(4278900,2)
(4409300,35)
(1756100,12)
(1228100,9)
(10276400,3)
(9351800,1)
(9889200,1)
(10968600,1)
(1944200,20)
(10731800,1)
(2845100,1)
(9860300,1)
(10177400,1)
(3909900,1)
(11054900,1)
(1119200,1)
(10304200,1)
(5415500,2)
(2995500,12)
(9330100,1)
(154200,17)
(2397900,1)
(6507800,1)
(7598700,1)
(6814700,1)
(1866900,1)
(10879500,1)
(1918100,1)
(401700,1)
(1746200,2)
(10751600,1)
(4861100,1)
(8468000,2)
(5971800,9)
(7676000,1)
(8563400,1)
(1145300,1)
(5518100,1)
(6577100,1)
(8889300,9)
(7381700,1)
(2079200,3)
(8494100,1)
(1929900,2)
(1473900,1)
(3128600,2)
(7100,440)
(10310500,2)
(8469900,2)
(11201500,1)
(179500,5)
(1604300,1)
(2934200,1)
(3247400,18)
(10577000,1)
(4273400,2)
(8828000,5)
(7241200,1)
(4431800,1)
(2014300,2)
(5025800,1)
(10448300,1)
(3039500,13)
(10147700,1)
(8355500,1)
(1732700,1)
(9543500,1)
(6903800,10)
(10692200,1)
(9365300,1)
(10231300,1)
(8102500,3)
(10084700,1)
(10028900,1)
(4123000,1)
(1378500,2)
(5128400,1)
(2311300,2)
(9226700,3)
(1736300,2)
(8272700,1)
(5278800,1)
(8820800,1)
(10547300,1)
(6796800,1)
(5757600,1)
(11292500,1)
(10369100,1)
(9583100,1)
(6573500,1)
(8517500,1)
(1472000,6)
(11221300,1)
(8875800,5)
(3362600,6)
(722100,5)
(7349300,1)
(694300,2)
(4995300,3)
(1624100,2)
(2623700,1)
(185800,3)
(248800,2)
(39800,1)
(3134900,2)
(4471400,2)
(4939500,1)
(10636400,1)
(7345700,1)
(2305000,1)
(9771200,1)
(8771300,65)
(2455400,5)
(2331100,11)
(9098000,2)
(10225000,1)
(1452200,9)
(9137600,1)
(6205300,4)
(10324000,1)
(4797300,1)
(5702600,1)
(7573400,1)
(10499700,1)
(4154600,4)
(3237500,1)
(138000,3)
(8084600,1)
(3316700,2)
(4698300,1)
(9804500,1)
(900300,17)
(11018900,1)
(8796600,30)
(9339200,8)
(7434800,1)
(10632800,1)
(9359000,1)
(5590100,11)
(8781200,2)
(680800,1)
(5061800,1)
(2534600,2)
(9310300,1)
(4846800,1)
(5496600,10)
(10314100,1)
(1238000,1)
(5991600,1)
(10215100,1)
(628600,89)
(2975700,1)
(213600,2)
(3607400,2)
(10687800,1)
(7127900,2)
(7454600,1)
(10938900,1)
(10033300,1)
(11300500,1)
(4518200,2)
(1525100,34)
(1910900,1)
(1655700,3)
(10527500,1)
(10907300,1)
(11112400,1)
(2495000,2)
(9122200,12)
(654700,40)
(6859800,1)
(10423000,1)
(11272700,1)
(8864000,1)
(6692300,1)
(2461700,2)
(8953100,4)
(929200,1)
(312600,1)
(9938700,1)
(10557200,1)
(6606800,1)
(2342900,5)
(7725500,2)
(7272800,1)
(10781300,1)
(1541300,1)
(10838000,1)
(4075400,21)
(9480500,3)
(4985400,1)
(9943100,1)
(10116100,1)
(10840700,1)
(10791200,2)
(4504700,1)
(1269600,1)
(10958700,1)
(3910700,1)
(5382200,1)
(8252900,6)
(9928800,1)
(10478000,1)
(1218200,1)
(10438400,1)
(1908200,36)
(2188100,10)
(4777500,2)
(6527600,1)
(7028900,2)
(9460700,1)
(5882700,66)
(9588600,1)
(11147600,1)
(10776900,1)
(9329300,2)
(7360000,1)
(3108800,1)
(8349200,1)
(10943300,1)
(4678500,1)
(10241200,1)
(8786700,1)
(7369100,1)
(591700,37)
(8834300,1)
(11058500,1)
(4945800,4)
(7907300,2)
(3293300,1)
(10261000,1)
(6725600,13)
(9033100,1)
(8424800,1)
(10700200,1)
(9745100,1)
(9305900,3)
(10917200,1)
(10063000,1)
(539500,1)
(1151600,1)
(10761500,1)
(8839800,2)
(5726000,1)
(2904500,30)
(9205000,1)
(6490700,1)
(4965600,3)
(4030300,1)
(10719200,2)
(4184300,6)
(3283400,2)
(9300400,2)
(4039400,7)
(8755100,1)
(3530900,2)
(6345800,1)
(4815200,2)
(9854000,1)
(9593000,1)
(9054800,1)
(4168100,1)
(4783800,1)
(9899100,1)
(3449000,1)
(9438200,1)
(2657000,1)
(777100,2)
(10359200,1)
(670900,117)
(273000,16)
(2435600,1)
(120900,14)
(1810000,3)
(1640300,27)
(1766000,1)
(10460900,1)
(9869400,1)
(6899400,3)
(34300,9)
(2918000,24)
(6791300,3)
(1056200,5)
(3668700,1)
(8791100,1)
(5409200,1)
(2008000,1)
(2528300,2)
(9048500,1)
(7502200,1)
(2979300,5)
(5979000,4)
(7563500,1)
(4332800,4)
(4004200,1)
(2508500,11)
(3202300,1)
(8709200,1)
(435000,3)
(3920600,1)
(10375400,1)
(7927100,1)
(10023400,1)
(139900,4)
(9606500,1)
(10058600,1)
(10408700,1)
(4128500,1)
(2405900,1)
(7438400,1)
(10973000,1)
(1928000,2)
(7167500,1)
(492700,20)
(9568800,1)
(8844200,1)
(1062500,6)
(10068500,1)
(2070100,1)
(9216800,1)
(8810900,10)
(10350100,1)
(9044900,2)
(3069200,5)
(4103200,1)
(9791000,1)
(8978400,1)
(1072400,1)
(10583300,1)
(11132200,1)
(75800,1)
(8043100,1)
(10027000,1)
(6885900,5)
(288400,1)
(65900,2)
(2143000,3)
(10828100,1)
(4170800,2)
(2429300,8)
(10187300,1)
(2969400,9)
(4283300,4)
(530400,547)
(7068500,4)
(59600,8)
(2283500,6)
(2471600,285)
(8903600,34)
(8745200,1)
(9147500,1)
(6745400,3)
(10502200,1)
(7553600,4)
(8315900,1)
(9814400,4)
(10256600,1)
(54100,41)
(10106200,1)
(11106100,1)
(5554100,7)
(9470600,3)
(415200,159)
(5514500,10)
(4118600,49)
(3419300,2)
(9933200,1)
(1600700,1)
(10705700,1)
(8350000,1)
(8974800,1)
(8216900,2)
(5797200,1)
(1851500,41)
(559300,77)
(10903700,1)
(10102600,2)
(7875900,1)
(1954100,2)
(1681800,1)
(8365400,1)
(10820900,1)
(3123100,1)
(9855900,1)
(7266500,1)
(2020600,3)
(10007200,1)
(3441800,1)
(10616600,1)
(1511600,15)
(367600,2)
(11038700,1)
(6598800,3)
(4971900,1)
(1323500,2)
(7601200,4)
(456700,10)
(9849600,2)
(4024000,3)
(1979400,2)
(8830700,4)
(9396900,1)
(2939700,6)
(9859500,1)
(9818000,1)
(9553400,1)
(9315800,4)
(7048700,1)
(44200,17)
(2643500,1)
(9193400,1)
(4010500,2)
(9968400,1)
(5400100,3)
(11215000,1)
(6626600,12)
(11296100,1)
(2253800,1)
(9755000,2)
(2876700,1)
(3486900,3)
(9173600,1)
(8460800,1)
(10418600,1)
(7814600,5)
(9153800,7)
(4835000,4)
(2815400,1)
(3595800,1)
(10078400,1)
(253200,50)
(9829800,1)
(1805600,1)
(9948600,1)
(3589500,4)
(11304100,1)
(4934000,1)
(4959300,38)
(5362400,1)
(10676000,1)
(11064800,1)
(6834500,1)
(678100,4)
(9157400,1)
(8927000,1)
(8593100,1)
(9304000,6)
(2712800,1)
(1726400,1)
(11282600,1)
(10771400,1)
(1571000,1)
(571900,25)
(9850400,1)
(996800,3)
(5550500,1)
(5801600,7)
(8470700,2)
(5352500,1)
(1712900,2)
(1809200,1)
(6563600,4)
(9469800,2)
(9296000,6)
(6889500,2)
(70300,9)
(1497300,2)
(6583400,7)
(8776800,4)
(10739000,2)
(10152100,1)
(2793900,1)
(10340200,1)
(9454400,1)
(7063000,1)
(8142100,3)
(2716400,310)
(613200,3)
(920100,7)
(1711000,70)
(8458100,1)
(1505300,56)
(8276300,1)
(8818100,1)
(6553700,1)
(1939800,1)
(8879400,5)
(9875700,1)
(3544400,1)
(6848000,6)
(2095400,1)
(9078200,12)
(9834200,2)
(5737800,11)
(4352600,1)
(4382300,3)
(3663200,2)
(2491400,3)
(9865800,1)
(2039600,1)
(9414800,2)
(8330200,1)
(10319600,1)
(2128700,1)
(1165100,7)
(9236600,1)
(3020500,1)
(9335600,1)
(7122400,1)
(10720000,1)
(1975800,14)
(3113200,1)
(4451600,1)
(11251000,1)
(28000,2)
(4876500,15)
(10677900,1)
(1845200,3)
(9177200,1)
(11122300,1)
(1821800,3)
(10578900,1)
(9533600,1)
(144300,4)
(1566600,1)
(10300600,1)
(5876400,3)
(9297900,4)
(11216900,1)
(603300,1)
(342300,1)
(10320400,1)
(3000700,7)
(10193600,1)
(9142000,1)
(5815100,1)
(6656300,1)
(3429200,2)
(5372300,1)
(11173700,1)
(8038700,2)
(1373000,1)
(3914300,2)
(2198000,1)
(9507500,1)
(10642700,2)
(227100,41)
(9381500,1)
(10818200,1)
(8765000,647)
(1536900,5)
(9612800,1)
(4190600,17)
(514200,1)
(4178000,2)
(4712600,1)
(6533900,1)
(11078300,1)
(11088200,2)
(8968500,16)
(1609800,9)
(10974900,1)
(1970300,4)
(3435500,5)
(11033200,2)
(5000500,2)
(9385100,2)
(9319400,1)
(9879300,4)
(11116000,1)
(7324000,1)
(9444500,1)
(9994500,1)
(3356300,4)
(6710200,2)
(1782200,1)
(9646100,1)
(9741500,2)
(9622700,3)
(9282500,2)
(1959600,64)
(1082300,1)
(1669200,1)
(7839900,1)
(4955700,2)
(10484300,1)
(4025900,6)
(10948800,2)
(7588800,1)
(4940300,1)
(11163800,1)
(80200,40)
(6731900,1)
(8958600,1)
(8963000,3)
(6808400,3)
(5009600,2)
(3332900,27)
(9974700,1)
(2908100,1)
(1985700,1)
(11117900,1)
(4247300,1)
(10365500,1)
(3331000,1)
(11153900,1)
(99200,1)
(555700,5)
(11003500,2)
(10335800,1)
(10889400,1)
(3924200,1)
(2762300,4)
(189400,2)
(9112300,1)
(7537400,1)
(4930400,1)
(7142200,2)
(10741700,1)
(1904600,1)
(2069300,4)
(9403000,1)
(2306900,2)
(10211500,1)
(1896600,1)
(1706600,14)
(7523900,1)
(8988300,1)
(2627300,1)
(7094600,2)
(9088100,3)
(3430000,27)
(9601000,1)
(1368600,1)
(9808100,1)
(10053100,1)
(9687600,1)
(9602900,1)
(7395200,1)
(7361900,1)
(633000,1)
(10221400,1)
(441300,24)
(955300,5)
(8859600,2)
(1196700,60)
(2055800,56)
(1299300,11)
(8611000,1)
(7468100,1)
(11127800,1)
(3451700,15)
(7365500,1)
(10775000,1)
(9395000,1)
(5387700,1)
(985000,2)
(9008900,6)
(7256600,2)
(3496800,2)
(5831300,1)
(9107900,1)
(9479700,1)
(6686000,10)
(2341000,2)
(10434800,1)
(10988400,1)
(9474200,1)
(9007000,2)
(10927100,2)
(2518400,27)
(1447800,1)
(6828200,1)
(7577000,1)
(2138600,1)
(8408600,1)
(10048700,1)
(9028700,5)
(11309600,1)
(9537200,1)
(9705500,1)
(6730000,4)
(6895800,9)
(9657900,1)
(3684900,1)
(7567100,2)
(3793800,1)
(9163700,14)
(2940500,179)
(7319600,1)
(10296200,1)
(11310400,1)
(9068300,2)
(826600,1)
(6636500,1)
(393700,2)
(4663100,1)
(2297000,1)
(114600,19)
(10371800,1)
(421500,5)
(674500,4)
(9830600,1)
(783400,29)
(10786800,1)
(1934300,5)
(3065600,9)
(9594900,3)
(2949600,2)
(6537500,6)
(690700,1)
(3189900,2)
(10074800,1)
(8310400,2)
(4189800,19)
(9459900,1)
(4415600,4)
(8928900,2)
(49700,1)
(6512200,2)
(3528200,1)
(7424900,3)
(4223900,1)
(5589300,1)
(2930600,1)
(1214600,2)
(118200,4)
(2891000,1)
(1546800,4)
(3352700,44)
(8391500,1)
(9495900,2)
(10480700,1)
(7444700,2)
(1280300,1)
(2809100,1)
(9796500,1)
(9023200,2)
(10403200,1)
(10444700,1)
(10598700,1)
(9891900,1)
(8309600,1)
(10470800,2)
(5763900,2)
(9490400,1)
(11183600,1)
(9558900,1)
(10978500,4)
(9870200,1)
(7854200,1)
(638500,4)
(1629600,5)
(3222100,1)
(3321100,4)
(3481400,5)
(9523700,1)
(9890000,6)
(3991800,1)
(175900,3)
(10226900,1)
(6968700,1)
(1777800,1)
(8677800,1)
(648400,3)
(1665600,18)
(8612900,2)
(1001200,1)
(190200,19)
(10721900,1)
(4981800,1)
(10381700,1)
(10379000,1)
(5207600,1)
(10588800,1)
(9428300,3)
(6158000,2)
(1639500,19)
(1388400,4)
(1521500,11)
(2386100,1)
(10292600,1)
(284800,1)
(8938800,4)
(618700,85)
(8964900,3)
(524100,2)
(8729000,1)
(2382500,1)
(9672200,1)
(6860600,1)
(3091700,6)
(5579400,1)
(8450900,1)
(10923500,1)
(10796700,1)
(4326500,1)
(6771500,1)
(9117800,1)
(3471500,3)
(10880300,1)
(5014000,2)
(10043200,1)
(9573200,4)
(10490600,2)
(2871200,6)
(2050300,11)
(4257200,1)
(2900900,4)
(8340100,1)
(2059400,1)
(9099900,3)
(5466900,1)
(7755200,1)
(9636200,1)
(1052600,33)
(8854100,35)
(7621000,2)
(1825400,5)
(258700,15)
(10839900,1)
(223500,7)
(7132300,2)
(1881200,4)
(9221200,1)
(8221300,1)
(1333400,3)
(10112500,1)
(9998100,1)
(7512100,1)
(8849700,1)
(793300,1)
(4969200,19)
(160500,41)
(5059100,10)
(1619700,1)
(2855000,1)
(10646300,1)
(8710000,1)
(8766900,723)
(3277100,1)
(8943200,18)
(6719300,3)
(9953000,1)
(3071900,1)
(2683100,2)
(2599500,1)
(2787600,1)
(5969100,15)
(3010600,10)
(9340000,2)
(1115600,1)
(10197200,1)
(11053000,1)
(10765100,1)
(9038600,1)
(9266300,1)
(4960100,1)
(9448100,5)
(3059300,1)
(10804700,2)
(668200,3)
(4935900,1)
(8418500,1)
(2123200,2)
(9917000,1)
(5508200,5)
(11266400,1)
(2965800,6)
(10621000,1)
(10709300,1)
(4217600,10)
(1066100,32)
(10088300,1)
(8895600,10)
(90100,1)
(10875900,1)
(11276300,1)
(3653300,1)
(3574100,1)
(1457700,2)
(10385300,2)
(1285800,1)
(3387900,26)
(1422500,1)
(9484100,1)
(9776700,1)
(1384800,19)
(9502000,2)
(11241100,1)
(2503000,1)
(1260500,2)
(6933500,1)
(1829000,29)
(4627100,14)
(9080900,2)
(9143900,1)
(10953200,1)
(2207900,1)
(9810800,1)
(2678700,2)
(9361700,6)
(140700,3)
(8948700,4)
(9895500,2)
(10395200,1)
(897800,1)
(3030400,104)
(9127700,3)
(2451800,2)
(9725300,1)
(2091800,1)
(7330300,1)
(10860500,1)
(8314000,3)
(991300,1)
(1036400,7)
(737500,113)
(2595900,2)
(10272800,2)
(10900,191)
(10309700,1)
(8319500,1)
(10533800,1)
(11315900,1)
(9820700,1)
(4508300,1)
(9371600,5)
(10682300,1)
(8304100,1)
(4574000,17)
(9246500,1)
(7527500,14)
(9434600,2)
(4288800,1)
(11090900,2)
(5065400,1)
(2441900,3)
(2080000,12)
(3995400,2)
