(7782800,1)
(5986800,2)
(7469600,3)
(9147100,1)
(3035500,7)
(10089800,1)
(2690900,1)
(9450400,1)
(10331800,4)
(6513700,10)
(10839500,1)
(9568400,1)
(3383900,4)
(2356000,4)
(7060900,1)
(2580100,2)
(195300,125)
(9652000,1)
(7594700,1)
(8143600,2)
(5798700,4)
(8984300,4)
(1285400,1)
(3288500,1)
(5035300,1)
(5332300,4)
(3015700,1)
(9123700,1)
(3169700,1)
(10469600,1)
(3991400,22)
(9059900,1)
(9746600,1)
(6693800,1)
(11153500,1)
(5939000,1)
(8800600,1)
(8824000,2)
(4565600,1)
(707400,3)
(11054500,1)
(175500,6)
(11167000,1)
(6771100,5)
(8003100,3)
(327600,1)
(10879100,1)
(393300,3)
(10232800,8)
(8325400,1)
(10667600,6)
(10474000,1)
(10860100,1)
(10523500,1)
(6830500,2)
(784900,5)
(11226400,1)
(4021900,2)
(9859100,1)
(7282300,4)
(9028300,1)
(9499100,1)
(4821100,1)
(8499200,1)
(4575500,1)
(951300,40)
(3387500,130)
(11133700,1)
(9617900,1)
(1516700,28)
(1224100,2)
(9038200,5)
(8297600,1)
(11310000,1)
(2421700,1)
(7058200,1)
(10008700,5)
(8766500,36)
(4005700,8)
(10543300,1)
(3886100,1)
(10221000,1)
(9242500,2)
(11206600,1)
(10489400,1)
(11070700,1)
(10954700,1)
(9485600,1)
(1052200,2)
(8908700,1)
(2886200,6)
(3471100,1)
(6548900,1)
(10632400,1)
(10341700,1)
(1851100,1)
(9117400,1)
(1295300,6)
(10430800,1)
(10923100,1)
(3699900,29)
(10460500,1)
(9335200,1)
(3579200,1)
(10578500,1)
(134000,6)
(1691300,2)
(1032400,2)
(971100,7)
(9584600,1)
(1338500,4)
(3559400,1)
(2969000,1)
(9851900,1)
(10652200,1)
(3114700,4)
(2096900,4)
(1971800,57)
(3866300,2)
(10252600,1)
(5524000,2)
(1801600,1)
(10339000,1)
(9262300,1)
(660600,1)
(10711600,1)
(9891500,7)
(9113800,6)
(4065100,2)
(9590900,1)
(35800,89)
(9782600,3)
(9657500,2)
(6533500,1)
(3045400,5)
(4986900,1)
(6709000,1)
(11216500,1)
(10444300,1)
(10588400,1)
(2158000,2)
(1348400,5)
(10850200,1)
(10440700,1)
(7637900,1)
(8321800,1)
(2471200,38)
(8444200,3)
(10885400,1)
(8913100,2)
(9491900,1)
(1841200,1)
(1552700,1)
(9840100,2)
(7320000,10)
(5472800,5)
(1597800,11)
(1146800,2)
(9465800,1)
(8331700,2)
(3539600,2)
(10849400,1)
(7376900,1)
(2826800,1)
(7090600,18)
(10490200,1)
(8309200,6)
(7122000,1)
(4534000,5)
(1797200,1)
(5733800,1)
(4025500,1)
(9143500,5)
(10751200,1)
(3941900,1)
(1892600,7)
(3134500,1)
(8420800,3)
(10079900,2)
(1615700,1)
(10934900,1)
(5565500,5)
(1318700,1)
(10003200,1)
(763200,6)
(8637800,3)
(9677300,1)
(5009200,31)
(680400,1)
(1453700,2)
(3585500,1)
(1443800,14)
(9989700,1)
(6642400,9)
(9361300,1)
(3618800,3)
(591300,5)
(7598300,3)
(8762900,2)
(4832900,2)
(3767300,1)
(3195800,1)
(11183200,1)
(5603200,1)
(3189500,1)
(5519600,1)
(5357600,5)
(8875400,2)
(6885500,5)
(9553000,2)
(862200,2)
(10736900,1)
(11305600,1)
(2539700,2)
(8960900,9)
(1214200,27)
(9004900,1)
(9999600,2)
(130400,1)
(9564800,1)
(8292100,2)
(11232700,1)
(4451200,1)
(9454000,2)
(4253200,26)
(3049000,3)
(6875600,2)
(6903400,1)
(8782700,4)
(8335300,1)
(8715100,1)
(8267900,1)
(10792700,1)
(9341500,1)
(7117600,1)
(5362000,2)
(1172900,1)
(9287600,1)
(1645400,4)
(3508000,1)
(6834100,1)
(2930200,1)
(2445100,2)
(1605800,11)
(2095000,1)
(2648600,1)
(8968100,2)
(9726800,1)
(9079700,1)
(2900500,10)
(8903200,1)
(1526600,4)
(6913300,5)
(2910400,1)
(1511200,6)
(9459500,1)
(11256100,1)
(4524100,3)
(3128200,2)
(10746800,1)
(8563000,1)
(10371400,1)
(2892500,3)
(11277800,1)
(8809700,3)
(8859200,1)
(9376700,1)
(1182800,25)
(4579100,6)
(2763800,3)
(7636000,1)
(3591800,1)
(6507400,1)
(5510500,1)
(10705300,1)
(10094200,2)
(5783300,1)
(10840300,1)
(6938600,3)
(6751300,1)
(3377600,6)
(9950900,1)
(5826500,1)
(5862500,1)
(2144500,203)
(7381300,1)
(3409000,1)
(8891600,1)
(4233400,1)
(8365000,1)
(585000,8)
(5411500,8)
(9074200,1)
(8600,54)
(7809800,1)
(1949300,1)
(6523600,10)
(529200,1)
(9855500,1)
(9513400,1)
(2405500,1)
(8475800,4)
(8584700,1)
(4372000,1)
(11018500,1)
(1389900,1)
(9183100,11)
(4892300,1)
(4352200,1)
(519300,2)
(10845800,1)
(1955600,26)
(10500,34)
(9814000,1)
(11315500,1)
(7499300,2)
(8133700,1)
(1229600,1)
(1230400,23)
(6761200,1)
(10188800,1)
(4076900,5)
(10449800,1)
(213200,11)
(630900,1)
(9351400,1)
(4150600,2)
(10355200,1)
(4806800,1)
(79000,41)
(8673800,1)
(9752900,7)
(10074400,6)
(11198600,1)
(1006300,1)
(551700,1)
(9914900,5)
(1062100,6)
(9938300,2)
(69100,3)
(10499300,3)
(2207500,1)
(530000,2)
(4411600,16)
(9470200,1)
(10574900,1)
(120500,171)
(699400,3)
(9282100,2)
(3575600,1)
(10198700,1)
(5025400,4)
(149400,20)
(6766700,4)
(7470400,1)
(3581900,10)
(9548600,1)
(7133800,1)
(2336200,1)
(7070800,5)
(8855600,1)
(6583000,1)
(10178900,1)
(4140700,1)
(7023000,3)
(1498800,3)
(2797100,3)
(284400,66)
(9751000,1)
(9325300,1)
(10970900,1)
(4248800,17)
(2150800,11)
(9366800,1)
(10163500,1)
(10786400,1)
(10090600,1)
(11123800,1)
(3920200,2)
(5571800,1)
(1457300,1)
(8954600,2)
(40200,1)
(8861900,1)
(9311800,1)
(6612700,13)
(3550300,1)
(10396700,1)
(8311900,1)
(659800,2)
(935100,153)
(882000,78)
(9908600,1)
(11113900,1)
(6859400,1)
(9216400,1)
(9226300,1)
(10869200,1)
(4585400,1)
(3658400,2)
(4569200,1)
(1592300,1)
(59200,30)
(11034700,1)
(7999800,1)
(10928600,1)
(11211000,1)
(2698100,1)
(4504300,1)
(8048200,11)
(10756700,1)
(2169800,1)
(1706200,98)
(1686900,4)
(9212800,2)
(6616300,1)
(8938400,1)
(4535900,1)
(8410900,2)
(7198700,1)
(7094200,1)
(2004000,5)
(8814100,48)
(2481100,2)
(5975000,2)
(9960800,1)
(669700,10)
(1981700,4)
(2400000,23)
(9716900,9)
(8944700,6)
(10968200,1)
(10721500,1)
(9928400,1)
(10315600,1)
(3435100,2)
(10246300,1)
(10292200,1)
(7028500,1)
(6824200,7)
(10351600,1)
(7216600,1)
(10277900,1)
(7178900,1)
(2716000,1)
(2896100,2)
(6782900,5)
(9934700,1)
(10990700,1)
(9964400,2)
(596800,1)
(9475700,1)
(9048100,6)
(8820400,2)
(2777300,1)
(4061500,1)
(614700,16)
(10881800,1)
(9772700,2)
(10735000,1)
(3524200,1)
(6814300,1)
(2638700,172)
(4154200,11)
(1374500,10)
(7537000,1)
(5520400,1)
(290700,1)
(2618900,1)
(10782800,1)
(11068000,1)
(10875500,1)
(8928500,1)
(482400,4)
(5747300,2)
(3753800,1)
(9663800,1)
(6697400,3)
(9419900,1)
(8470300,1)
(3213700,5)
(61900,26)
(3981500,7)
(10068100,5)
(5806700,6)
(9194900,2)
(8839400,3)
(10913200,1)
(6517300,1)
(8871800,21)
(11013000,1)
(8964500,1)
(3086900,2)
(5031700,1)
(3140800,2)
(7485800,1)
(4981400,2)
(7553200,1)
(11079800,1)
(7517200,1)
(10683800,1)
(2623300,13)
(2202000,1)
(3347900,6)
(8102100,2)
(1334900,2)
(3118300,1)
(4793300,1)
(3940000,1)
(8329000,1)
(8612500,2)
(9158900,4)
(3540400,1)
(1384400,4)
(5160400,1)
(549000,1)
(9044500,1)
(2346100,2)
(4876100,14)
(11099600,1)
(10834000,2)
(10386800,1)
(268200,6)
(10637900,1)
(288000,139)
(4842800,1)
(2283100,1)
(10507300,1)
(2985200,1)
(9598100,1)
(5773400,1)
(1910500,10)
(10376900,1)
(3283000,21)
(3421600,38)
(3555800,2)
(8881700,1)
(10918700,1)
(1811500,1)
(3061600,121)
(75400,2)
(9133600,1)
(9647600,1)
(11287700,1)
(6776600,2)
(11201100,1)
(10321900,2)
(10157200,2)
(10375000,1)
(5019100,1)
(5897700,1)
(2041900,2)
(9168800,7)
(2138200,4)
(4961600,9)
(10391200,2)
(11089700,1)
(11084200,1)
(10424500,1)
(743400,1)
(2519900,18)
(2658500,2)
(10112100,4)
(624600,2)
(9178700,1)
(8772800,1)
(9444100,1)
(442800,1)
(25900,1)
(1083800,1)
(9188600,5)
(4174000,1)
(5352100,2)
(2392000,13)
(3051700,1)
(7439900,1)
(1437500,497)
(9193000,1)
(9309100,1)
(2164300,6)
(8558600,1)
(5397200,1)
(10305700,1)
(9538700,2)
(531900,5)
(1308800,9)
(5451100,1)
(6804400,1)
(10513600,2)
(3247000,2)
(10974500,1)
(6711700,3)
(248400,1)
(11212900,1)
(9430600,2)
(8974400,8)
(2559500,1)
(476100,1)
(7371400,1)
(11147200,1)
(223100,67)
(4179500,19)
(1323100,11)
(5383700,1)
(10598300,1)
(4658300,1)
(6735100,2)
(909000,17)
(1861000,1)
(9762800,1)
(6889100,3)
(4461100,1)
(10300200,1)
(11292100,2)
(11157100,1)
(9554900,1)
(6869300,5)
(3019300,1)
(1260100,2)
(10647800,2)
(4628600,5)
(432900,282)
(7697300,1)
(2534200,1)
(353700,1)
(2816900,1)
(3367700,13)
(4170400,3)
(4674500,3)
(10503700,1)
(5560000,1)
(9602500,1)
(1532900,5)
(9693500,1)
(5367500,2)
(887500,12)
(10865600,1)
(1826900,2)
(8860000,16)
(5778900,1)
(4263100,1)
(10958300,1)
(9622300,1)
(2170600,2)
(4096700,3)
(2159900,1)
(4905800,2)
(3091300,1)
(10147300,1)
(280800,6)
(4991300,1)
(4223500,2)
(139500,1)
(931500,11)
(1702600,1)
(8924900,1)
(9391000,2)
(2678300,2)
(11262400,1)
(618300,11)
(604800,113)
(1161100,16)
(3278600,2)
(8107600,3)
(10282300,1)
(1586000,2)
(7221000,1)
(7928600,1)
(3170500,3)
(3451300,3)
(10381300,1)
(9861800,1)
(1488900,3)
(3029200,1)
(9721300,1)
(10439900,1)
(10829600,1)
(9315400,2)
(5852600,1)
(4509800,3)
(10018600,3)
(1235900,3)
(8084200,1)
(7048300,3)
(10602700,1)
(3965300,1)
(982900,1)
(1542800,2)
(10978100,1)
(11024800,1)
(11266000,1)
(10573000,1)
(1463600,1)
(9201000,1)
(1220500,27)
(976600,1)
(1737800,1)
(8825900,1)
(2071600,2)
(3100,7)
(9869000,1)
(1186400,1)
(5674400,3)
(4555700,1)
(8792600,4)
(4965200,6)
(9776300,1)
(11127400,1)
(8300100,2)
(9064300,1)
(10895300,1)
(9236200,1)
(4134400,1)
(9070600,1)
(10287800,1)
(3560200,1)
(9449600,1)
(8038300,2)
(1836800,1)
(4717700,1)
(3217300,3)
(2288600,11)
(9014800,1)
(2492900,9)
(228600,6)
(9003000,6)
(9386600,1)
(4539500,1)
(4124500,1)
(4185800,11)
(1432000,1)
(6584900,1)
(8408200,1)
(1752100,1)
(10606300,2)
(1975400,1)
(1655300,3)
(2530600,5)
(5591600,1)
(8923000,2)
(1171000,11)
(7044700,4)
(9612400,1)
(3352300,1)
(7840300,1)
(10697300,1)
(7329100,2)
(8804200,70)
(9381100,2)
(9429800,2)
(9305500,2)
(6819800,1)
(2783600,4)
(10450600,1)
(20400,2)
(571500,1)
(4935500,1)
(690300,2)
(2773700,26)
(2688200,2)
(4278500,2)
(10533400,1)
(8079800,1)
(10548800,1)
(5945300,1)
(11272300,1)
(9683600,1)
(915300,1)
(10133800,1)
(6155900,1)
(9355000,8)
(6943000,1)
(10438000,1)
(10060900,1)
(8849300,1)
(2362300,4)
(7137400,1)
(2965400,1)
(6796400,1)
(6276100,1)
(3362200,1)
(2510800,11)
(5777000,1)
(4081300,1)
(10309300,1)
(10693700,1)
(466200,1)
(71800,78)
(4931900,1)
(1576100,1)
(9345100,1)
(2862800,2)
(8366900,1)
(541800,5)
(10272400,1)
(4213600,1)
(1501300,14)
(1291700,20)
(11074300,1)
(4159700,1)
(4190200,56)
(9267800,1)
(2595500,1)
(7948400,1)
(4571900,3)
(2981600,2)
(5466500,5)
(9489200,3)
(3342400,3)
(9198500,1)
(8598200,1)
(10297700,1)
(1354700,9)
(8819600,1)
(4939100,2)
(387000,1)
(9321700,1)
(2836700,9)
(7252600,1)
(8705200,2)
(7365100,1)
(6626200,34)
(10776500,1)
(9839300,11)
(11090500,1)
(9089600,3)
(2821300,14)
(4690700,9)
(9881600,1)
(2476700,9)
(9984200,1)
(11188700,1)
(11267900,1)
(733500,19)
(8319100,1)
(2247100,1)
(11246200,1)
(6800800,2)
(3446900,1)
(7424500,3)
(11060800,1)
(4996800,2)
(3020100,1)
(9865400,4)
(1722400,1)
(727200,1)
(1380800,1)
(2029300,1)
(4846400,1)
(670500,265)
(10475900,1)
(208800,5)
(1115200,2)
(4684400,4)
(2332600,3)
(3985100,1)
(1757600,1)
(9990500,3)
(30300,1)
(10434400,1)
(9849200,1)
(3071500,2)
(9202900,4)
(2306500,1)
(4836500,1)
(9054400,1)
(1846700,54)
(10673900,1)
(1629200,1)
(2613400,6)
(11038300,1)
(6622600,1)
(664200,2)
(2560300,1)
(6786500,14)
(10276000,1)
(9830200,1)
(203300,7)
(8776400,2)
(1427600,2)
(10329100,1)
(2377700,1)
(9018400,4)
(6602800,61)
(9103900,5)
(9107500,1)
(1582400,1)
(9895100,1)
(110600,4)
(9252400,1)
(575100,3)
(1388000,3)
(9766400,1)
(9800500,1)
(9460300,7)
(9606100,1)
(717300,2)
(4949000,2)
(4900300,2)
(5555600,1)
(9455900,1)
(2393900,3)
(11102100,1)
(6781000,1)
(6741400,1)
(9815900,1)
(2706100,84)
(1121500,2)
(10236400,1)
(10677500,1)
(5426900,1)
(9256000,3)
(6705400,8)
(10319200,1)
(7127500,2)
(9948200,1)
(9272200,1)
(9994100,4)
(3273100,3)
(8574800,1)
(1042300,19)
(8305600,1)
(6855800,3)
(9588200,1)
(1234000,1)
(3322600,23)
(159300,1)
(6860200,6)
(8970800,8)
(1742200,4)
(3500800,4)
(11282200,1)
(897400,4)
(264600,28)
(8918600,1)
(179100,17)
(2456900,33)
(1773800,1)
(3939200,1)
(9820300,3)
(65500,1)
(2951900,3)
(2140900,1)
(10084300,1)
(3900400,1)
(10964600,1)
(3496400,1)
(10107700,1)
(6865700,4)
(6948500,1)
(11008600,1)
(1072000,1)
(6809900,12)
(5164000,1)
(1685000,7)
(1619300,1)
(1747700,5)
(4492700,3)
(10078000,1)
(10080700,1)
(1930300,15)
(1269200,1)
(10517200,1)
(9632200,3)
(5801200,1)
(10761100,1)
(383400,2)
(10034800,8)
(11050900,1)
(1531000,3)
(91600,4)
(1763900,1)
(1939400,1)
(8869100,1)
(7396700,1)
(7064500,7)
(10814200,1)
(2180500,1)
(11311900,1)
(2278700,1)
(9558500,1)
(10871900,1)
(2851000,1)
(5678000,1)
(2811400,4)
(10193200,1)
(7123900,2)
(9404500,2)
(4118200,2)
(9507100,1)
(10048300,1)
(2717900,2)
(650700,1)
(10859300,1)
(9518900,2)
(9574700,1)
(1097300,12)
(10345300,1)
(9300000,2)
(5660900,1)
(3411700,2)
(10127500,1)
(2787200,1)
(748900,2)
(4945400,2)
(9517000,1)
(5618600,1)
(9845600,1)
(4009300,24)
(11094100,1)
(8594600,2)
(2496500,27)
(11112000,1)
(1368200,1)
(6636100,4)
(5579000,2)
(10584800,1)
(9008500,5)
(10222900,3)
(9094000,5)
(6918800,1)
(9875300,1)
(6746900,3)
(8252500,1)
(1407800,1)
(9792500,1)
(2322700,3)
(2184100,16)
(11242600,1)
(10216600,1)
(9809600,2)
(2005900,5)
(8211000,1)
(10058200,1)
(9440500,2)
(3096800,14)
(10820500,2)
(3905900,1)
(4955300,7)
(4668200,2)
(4138000,1)
(4975100,1)
(3144400,4)
(10944800,3)
(10428100,1)
(2051800,2)
(6756800,3)
(10262500,1)
(497800,1)
(703800,1)
(1313200,21)
(11173300,1)
(9533200,1)
(6725200,1)
(9974300,4)
(648000,10)
(4882400,1)
(8990600,5)
(1333000,7)
(3298400,3)
(421100,5)
(9410800,23)
(956800,11)
(5476400,65)
(1390700,11)
(8310000,1)
(1665200,59)
(10731400,1)
(7839500,1)
(1777400,1)
(3530500,2)
(95200,6)
(6385000,1)
(5492600,6)
(8830300,2)
(10772900,1)
(357300,1)
(10122000,1)
(628200,25)
(9222700,7)
(8450500,1)
(8879000,9)
(9469400,1)
(9918500,1)
(10809800,1)
(2293000,12)
(6632500,652)
(10256200,2)
(1909700,22)
(7408300,1)
(4169600,3)
(7147300,2)
(19600,1)
(4139900,5)
(10855700,1)
(2128300,17)
(4195700,1)
(3633100,1)
(1487000,123)
(1793600,1)
(1712500,1)
(8731300,1)
(510200,4)
(1929500,1)
(7003200,2)
(377100,2)
(9173200,1)
(6701800,9)
(9850000,1)
(2312800,1)
(10537000,1)
(10201200,1)
(9434200,4)
(2009500,1)
(10028500,1)
(3519800,2)
(2081500,30)
(1914100,1)
(4180300,4)
(456300,39)
(4811200,1)
(9796100,1)
(7454200,2)
(4441300,4)
(4456700,3)
(7054600,1)
(9924800,1)
(416700,3)
(4699800,56)
(4581800,1)
(10725100,1)
(6907000,1)
(1200700,4)
(4664600,26)
(2712400,4)
(10612600,1)
(5699700,2)
(5961500,1)
(1825000,2)
(9885200,10)
(10538900,1)
(8835800,1)
(9490000,2)
(10662100,1)
(11300100,1)
(9206500,1)
(1920400,18)
(5816600,1)
(1370900,6)
(4638500,1)
(4941800,1)
(4446800,2)
(10070800,1)
(10099700,1)
(3565700,1)
(10117600,1)
(644400,2)
(565200,25)
(4670900,1)
(3897900,19)
(10948400,1)
(9331600,4)
(4678100,5)
(2397500,1)
(9980600,1)
(8796200,1)
(10741300,1)
(6339100,2)
(4415200,11)
(9356900,1)
(10479500,1)
(4326100,2)
(747000,1)
(7612600,1)
(2872700,2)
(9819500,3)
(11014900,1)
(3925700,1)
(150200,37)
(1422100,1)
(6745000,3)
(9050800,1)
(4688000,4)
(2387600,11)
(3896000,1)
(7622500,1)
(10480300,1)
(7792700,1)
(8989800,4)
(1240300,1)
(1036000,5)
(9102000,21)
(1433900,6)
(11080600,1)
(9701500,1)
(10418200,1)
(10988000,1)
(4831000,1)
(6845900,1)
(9756500,3)
(10064500,1)
(10800700,1)
(1924000,1)
(1960000,1)
(10553200,1)
(9277700,2)
(274500,4)
(9400900,1)
(6933100,2)
(11044600,1)
(8315500,2)
(8980700,1)
(10687400,1)
(11163400,1)
(9495500,1)
(9810400,1)
(1303300,3)
(11028400,1)
(1289000,1)
(233000,23)
(9297500,1)
(39400,2)
(3910300,3)
(10459700,4)
(3425200,1)
(5525900,1)
(5144200,1)
(3138100,1)
(1111600,4)
(6558800,11)
(8999700,2)
(6984500,1)
(1716100,1)
(160100,2)
(10454200,1)
(401300,7)
(674100,41)
(1037900,1)
(9414400,1)
(10989900,1)
(1896200,6)
(10420900,1)
(561600,36)
(1831300,1)
(3031900,2)
(7507300,1)
(9871700,1)
(8440600,1)
(8454100,1)
(4108300,1)
(10527100,1)
(2654900,11)
(1587900,31)
(2793500,4)
(8829500,36)
(11137300,1)
(4545800,1)
(9969900,1)
(9913000,1)
(5496200,1)
(8371300,2)
(5644700,1)
(3326200,3)
(10819700,1)
(1671500,1)
(6820600,3)
(10226500,1)
(4787000,1)
(7024900,1)
(6808000,2)
(6891800,1)
(9246100,1)
(1609400,1)
(2020200,1)
(8979900,2)
(3025600,17)
(9804100,1)
(10335400,2)
(10984400,1)
(9835700,1)
(7305700,2)
(10023000,1)
(10616200,1)
(11058100,1)
(10558700,1)
(9673700,1)
(9944600,1)
(1600300,2)
(3995000,3)
(4530400,3)
(10102200,1)
(11069900,1)
(11003100,1)
(1093700,2)
(2263300,17)
(3580000,1)
(9528800,1)
(4887900,2)
(996400,6)
(9024700,1)
(4540300,1)
(9627800,1)
(1166600,12)
(5190100,1)
(3654800,1)
(1862900,2)
(9163300,6)
(10563100,1)
(6715300,12)
(1047800,1)
(446400,1)
(4175900,1)
(1521100,15)
(9257900,1)
(9127300,1)
(8934800,2)
(9058000,1)
(4189400,70)
(7351600,2)
(9829400,1)
(9903100,1)
(9637700,1)
(9480100,1)
(8810500,1)
(2504500,1)
(2607100,3)
(3130900,1)
(7584800,1)
(8786300,54)
(9523300,2)
(3393800,2)
(10173400,1)
(8885300,1)
(9157000,6)
(10024900,1)
(6537100,5)
(905400,2)
(3233500,1)
(4217200,11)
(3294800,1)
(5456600,2)
(10320000,1)
(3401800,1)
(2357900,3)
(4041700,5)
(10361500,1)
(10626100,1)
(8994200,2)
(9408100,1)
(85300,45)
(3935600,1)
(9653900,3)
(3996900,1)
(8439800,1)
(9153400,1)
(8262400,1)
(10999800,1)
(946900,12)
(8272300,1)
(6573100,1)
(654300,21)
(45700,14)
(9616000,1)
(10903300,1)
(2118400,1)
(1270000,1)
(452700,1)
(5763500,1)
(9642100,1)
(1219700,5)
(10889000,1)
(8361400,1)
(2959100,15)
(3648500,3)
(10470400,1)
(3248900,29)
(278100,15)
(5951600,1)
(11168900,1)
(8865500,4)
(7440700,1)
(5000100,6)
(5822900,4)
(3514300,1)
(7938500,1)
(1026100,7)
(8553100,1)
(2108500,8)
(9040900,2)
(4816700,1)
(6721600,1)
(3545900,1)
(10044700,1)
(901800,8)
(10830400,1)
(1506800,37)
(4520500,2)
(11064400,1)
(135900,33)
(218700,5)
(9954500,1)
(4510600,1)
(10143700,1)
(5717600,1)
(10657700,1)
(4387400,3)
(289900,7)
(10153600,2)
(11143600,1)
(6928700,1)
(1886300,10)
(4227100,1)
(1239500,1)
(11107600,1)
(10771000,2)
(10123900,2)
(2059000,2)
(6810700,8)
(7568600,1)
(9968000,1)
(9711400,1)
(7068100,2)
(3904000,1)
(1620100,2)
(4862600,1)
(10594700,1)
(10701700,1)
(9293900,1)
(11117500,1)
(10715200,1)
(1950100,28)
(302300,22)
(129600,8)
(2419000,1)
(7345300,1)
(6588500,1)
(10636000,2)
(3009400,11)
(679600,15)
(5482700,1)
(10835900,1)
(9667400,1)
(7438000,1)
(2767400,1)
(10672000,2)
(9543100,1)
(2030100,2)
(9392900,3)
(9090400,1)
(4149800,12)
(9736700,1)
(10642300,1)
(8548700,1)
(9069800,1)
(9137200,1)
(2065300,45)
(2085100,4)
(1631900,1)
(9741100,1)
(10167100,1)
(9080500,9)
(10242700,1)
(9420700,1)
(9034600,13)
(9731200,1)
(8948300,2)
(3599000,1)
(893800,11)
(1536500,3)
(5347700,4)
(109800,1)
(8693600,1)
(8978000,2)
(10310100,1)
(10137400,1)
(9958100,2)
(2882600,1)
(9715000,2)
(4722100,1)
(7677500,18)
(2174200,1)
(2091400,1)
(10414600,1)
(7386800,1)
(5971400,1)
(9095900,2)
(10980800,1)
(7099700,3)
(634500,240)
(244800,1)
(1156700,8)
(3461200,1)
(8850100,2)
(1067600,1)
(7420900,1)
(8711500,1)
(6792800,2)
(7226500,1)
(189000,6)
(9060700,3)
(10891700,1)
(11297600,1)
(9292000,2)
(7548800,1)
(2514400,1)
(7277900,1)
(10933000,2)
(2841100,1)
(8958200,1)
(5925500,2)
(3164200,1)
(1447400,11)
(10183300,1)
(4000200,4)
(10054600,1)
(11048200,1)
(5737400,6)
(11252500,1)
(10622500,1)
(9594500,4)
(1344800,1)
(9479300,1)
(140300,6)
(5005600,1)
(2415400,3)
(7102200,1)
(8460400,2)
(10994300,1)
(9578300,1)
(7786400,1)
(11178800,1)
(11193100,1)
(9424300,1)
(9418000,5)
(10810600,1)
(3258800,1)
(9687200,1)
(5342200,1)
(169200,1)
(10038400,1)
(5981300,2)
(9697100,1)
(1630000,2)
(4144300,1)
(5561900,1)
(10568600,1)
(7820500,1)
(3227200,1)
(10266100,2)
(9396500,1)
(10938500,1)
(9705100,1)
(4856300,2)
(4238900,9)
(8424400,2)
(11236300,1)
(7287800,1)
(238500,10)
(737100,14)
(3456800,1)
(317700,1)
(10870000,1)
(7711600,1)
(4436900,101)
(55600,53)
(921600,1)
(3041800,1)
(3930100,4)
(9371200,1)
(10908800,1)
(2253400,4)
(2431600,1)
(9439700,4)
(8489300,1)
(3268700,1)
(3919400,1)
(3085000,50)
(119700,15)
(299800,5)
(9232600,1)
(4529600,5)
(7814200,1)
(10464100,2)
(8246200,2)
(8845700,1)
(9099500,2)
(4207300,2)
(6375100,2)
(10824100,1)
(10766600,1)
(3481000,29)
(695800,28)
(2425300,6)
(114200,4)
(2727800,1)
(9825800,2)
(3595400,8)
(7163500,1)
(1209800,2)
(9301900,2)
(9319000,1)
(10206700,1)
(9979800,1)
(10013100,1)
(8895200,1)
(3030000,2)
(7563100,2)
(10365100,1)
(3382000,2)
(8266000,1)
(2599100,5)
(10796300,2)
(3174100,17)
(10404700,1)
(9503500,1)
(4514200,2)
(3959000,1)
(8840200,1)
(1077500,3)
(1641800,2)
(4273000,3)
(2904100,1)
(4909400,1)
(11222800,1)
(5405200,1)
(10804300,1)
(10325500,1)
(1016200,4)
(8564900,7)
(2189600,3)
(9786200,1)
(171900,1)
(8351500,1)
(1057700,1)
(10177000,1)
(4288400,1)
(8341600,1)
(234900,230)
(10485800,1)
(5585300,1)
(7450600,1)
(10211100,1)
(5707700,1)
(6527200,1)
(11309200,1)
(2055400,4)
(294300,37)
(165600,2)
(1562600,2)
(10408300,1)
(411200,23)
(2316400,1)
(3104800,7)
(1821400,2)
(2103000,1)
(3199400,1)
(5595200,2)
(5118100,1)
(638100,4)
(9084100,1)
