(5542500,1)
(9971100,1)
(9783000,1)
(1365000,3)
(9244800,1)
(10253000,1)
(6733800,2)
(10664400,2)
(1795900,1)
(2790300,1)
(7961400,14)
(7056900,1)
(10961400,1)
(3245700,14)
(10996600,1)
(5407500,1)
(10129800,1)
(11071100,1)
(1957900,16)
(7689700,1)
(2803800,1)
(10500500,1)
(3172800,9)
(729500,7)
(6571800,14)
(1094100,27)
(1564900,1)
(6757200,1)
(2052200,22)
(6539400,51)
(993200,2)
(8956900,1)
(7213400,5)
(1750800,6)
(2380800,9)
(9011600,5)
(8539200,1)
(16400,84)
(8393400,1)
(1748100,10)
(5621700,1)
(2289000,1)
(11233100,1)
(9680400,1)
(10091000,5)
(7290900,2)
(8826300,1)
(2390700,76)
(641200,15)
(4186200,4)
(9763200,1)
(8856000,1)
(10175700,1)
(9586900,1)
(209200,1)
(562000,1)
(3384300,43)
(5358000,1)
(5967400,1)
(11191800,1)
(9591300,1)
(6743700,25)
(11207000,1)
(1894900,1)
(8925300,1)
(7061300,110)
(1099600,1)
(2417700,1)
(2795800,3)
(1568500,24)
(9911700,2)
(8941500,5)
(166000,7)
(4902600,1)
(4691100,38)
(10191900,1)
(7529400,1)
(9159300,2)
(11011700,1)
(1759900,3)
(9036900,1)
(868100,6)
(2105300,2)
(10496100,1)
(6798700,2)
(8690400,1)
(4536300,20)
(6689800,4)
(656600,26)
(3006200,1)
(4473300,2)
(4641600,1)
(2926200,1)
(11139600,1)
(6603200,1)
(9689500,1)
(621400,2)
(7836300,5)
(1789600,5)
(8921700,1)
(211900,3)
(5379700,3)
(4790100,3)
(3344700,1)
(2313200,5)
(7996600,4)
(10811000,1)
(10585200,1)
(1769800,3)
(3200600,2)
(11203400,1)
(4230200,35)
(10482600,1)
(666500,2)
(1588300,2)
(10190000,1)
(11104400,1)
(8644500,1)
(9539100,1)
(10456500,1)
(4443600,1)
(9041300,1)
(156100,85)
(9531900,2)
(4546200,1)
(4380600,1)
(3379900,307)
(4552500,1)
(9387000,1)
(2774100,2)
(9104300,1)
(2171000,1)
(241600,2)
(427000,3)
(3235800,7)
(1335300,5)
(3993700,1)
(593600,1)
(2635500,6)
(2057700,2)
(2883000,1)
(10648200,1)
(9816300,2)
(5799100,5)
(9812700,2)
(10826400,1)
(3562500,2)
(221800,2)
(4407600,1)
(4467000,1)
(7119900,21)
(4308600,2)
(6811100,1)
(5890900,1)
(2498800,1)
(177800,4)
(1485700,3)
(1528900,11)
(9170000,2)
(4997200,1)
(1673800,10)
(8971200,2)
(7353900,2)
(4182600,2)
(4250000,1)
(7496100,1)
(8717400,1)
(413500,1)
(9510200,1)
(7550000,1)
(8299900,2)
(2501300,2)
(957200,1)
(8743500,2)
(3399700,1)
(4817100,1)
(8806500,21)
(917600,2)
(10051400,2)
(7670700,1)
(1470300,8)
(9254700,4)
(8509500,2)
(7195500,1)
(10757100,1)
(1309200,1)
(3651600,1)
(10836300,1)
(998700,4)
(2516700,6)
(11015300,1)
(526000,26)
(2982000,1)
(380200,3)
(4002500,3)
(3111500,6)
(8955000,1)
(1794000,2)
(9155700,1)
(3073800,1)
(10312400,1)
(2012600,1)
(700,20)
(3269100,1)
(365900,1)
(5512800,1)
(9096300,3)
(3542700,2)
(8555400,1)
(1003100,69)
(557600,6)
(10595100,1)
(3162900,1)
(4006100,1)
(10660800,1)
(7035200,5)
(6722000,4)
(5993500,12)
(2997400,1)
(111000,2)
(11213300,1)
(9446400,1)
(11096400,1)
(8679700,1)
(2344800,2)
(7120700,4)
(10337700,1)
(9846000,2)
(3354600,1)
(9515700,3)
(364000,1)
(3026000,3)
(9377100,1)
(10747200,1)
(2097300,3)
(7284600,1)
(10571700,1)
(3230300,2)
(2093700,2)
(779000,5)
(2166600,2)
(9798400,1)
(11159400,1)
(7486200,1)
(8290800,3)
(3087300,36)
(10055000,1)
(10545600,2)
(2368200,1)
(8367300,1)
(10451000,1)
(11208900,1)
(4042100,1)
(10565400,1)
(9431000,1)
(5843100,2)
(6821000,4)
(9842400,1)
(6727500,9)
(10041500,1)
(6694200,3)
(4457100,3)
(9332000,1)
(1414500,2)
(9703800,3)
(11045000,1)
(8035100,6)
(8832600,21)
(6887800,5)
(8887600,1)
(11081000,1)
(2962200,4)
(8618400,4)
(9638100,1)
(10717500,1)
(1070700,2)
(532300,1)
(7535700,1)
(9802800,1)
(10258500,1)
(2255700,4)
(5141000,2)
(9258300,3)
(5458900,1)
(9976600,2)
(5536200,3)
(5818900,11)
(10169400,1)
(4710900,3)
(10195500,1)
(1853400,46)
(739400,2)
(433300,13)
(7446600,2)
(1626000,9)
(4389700,3)
(9549000,1)
(9223100,1)
(8976700,9)
(3259200,2)
(1942500,2)
(10669900,1)
(4932300,1)
(6613100,2)
(9233000,1)
(9679600,1)
(8842500,2)
(9727200,1)
(4172700,3)
(8373600,1)
(6900200,7)
(10634700,1)
(7298100,1)
(6579000,3)
(9001700,1)
(6939000,1)
(10812900,1)
(10492500,1)
(10806600,1)
(10383600,1)
(9322100,2)
(5730600,1)
(7258500,1)
(8846100,1)
(672800,20)
(4853100,3)
(10816500,1)
(11264700,1)
(3105200,1)
(1843500,10)
(9000,467)
(8614800,1)
(2738100,1)
(3261900,1)
(1064400,9)
(1449700,105)
(9581400,1)
(8905500,6)
(9234900,1)
(3016100,1)
(9525600,2)
(2432000,1)
(1060800,1)
(9124100,1)
(276800,4)
(1028400,4)
(10549200,1)
(2704800,6)
(8707500,1)
(7264800,1)
(8591400,1)
(9713700,1)
(10551900,1)
(4265400,2)
(9343800,1)
(8793000,1)
(9238500,1)
(3161000,12)
(10268400,1)
(2665200,18)
(10139700,1)
(9363600,1)
(5884600,1)
(4983700,6)
(9585000,1)
(1533300,39)
(3577900,1)
(10929000,1)
(9357300,2)
(1090500,5)
(2536500,1)
(5340900,2)
(11189100,1)
(6723900,7)
(11238600,1)
(9707400,1)
(8727300,3)
(8540000,1)
(1906500,1)
(7591500,1)
(6783300,1)
(9981000,3)
(6524000,1)
(9130400,1)
(1222800,1)
(8254800,1)
(407200,93)
(9347400,1)
(7114400,2)
(5666800,1)
(2714700,1)
(9925200,1)
(6550100,2)
(2281800,10)
(3902700,1)
(6678000,2)
(11165700,1)
(11056800,1)
(9992800,1)
(229000,5)
(2493300,5)
(9921600,1)
(933800,4)
(9915300,1)
(1351500,14)
(1206600,31)
(4384200,3)
(10581600,1)
(11169300,1)
(10650900,1)
(10254900,1)
(2817300,9)
(6856200,1)
(5522700,1)
(10900100,1)
(9383400,1)
(4413900,6)
(3526500,2)
(10613000,2)
(136300,132)
(2649000,1)
(8877700,3)
(710500,9)
(10076700,1)
(2952300,143)
(6585300,46)
(1837200,1)
(10377300,1)
(2823600,5)
(2303300,1)
(10931700,1)
(5271600,1)
(720400,1)
(10509600,1)
(11244900,1)
(10332200,1)
(9530000,1)
(10357500,1)
(10684200,1)
(10015400,2)
(10114400,1)
(1345200,23)
(879900,1)
(10472700,1)
(7055000,1)
(631300,10)
(10555500,1)
(10352000,1)
(3121400,12)
(10694100,1)
(9986500,1)
(10005500,1)
(10793100,2)
(8966800,1)
(8608500,1)
(11082900,1)
(1460400,6)
(6763500,1)
(3521000,1)
(3318600,19)
(9733500,1)
(6559200,7)
(8401400,1)
(10393500,1)
(9901800,1)
(9982900,1)
(8045000,1)
(10530200,1)
(11124200,1)
(3192600,2)
(1168900,24)
(468500,23)
(11041400,1)
(271300,2)
(7150400,4)
(730300,13)
(9149400,1)
(9031400,1)
(8852400,1)
(646700,4)
(2993800,1)
(3884800,29)
(5403900,9)
(4803600,2)
(9307800,1)
(9852300,2)
(7139700,1)
(611500,3)
(4728000,3)
(7045100,1)
(265000,14)
(5473200,5)
(10290900,3)
(9509400,1)
(10154000,1)
(4412000,5)
(1480200,1)
(3101600,1)
(8343900,1)
(902200,1)
(8909100,45)
(6915600,6)
(10832700,1)
(10866000,1)
(2734500,1)
(10081100,1)
(32600,1)
(9466200,1)
(10654500,1)
(636800,7)
(266900,2)
(10248600,1)
(10264800,2)
(9228600,4)
(9630900,2)
(2610200,1)
(601600,12)
(11280900,1)
(2087400,1)
(6098800,1)
(9883900,1)
(11119800,1)
(8961300,3)
(9333900,1)
(4625400,14)
(6931800,2)
(8747100,3)
(6634800,4)
(10416900,1)
(10486200,1)
(5720700,1)
(2125100,2)
(9618300,1)
(1627900,2)
(8436600,1)
(10788700,1)
(3131300,1)
(9421100,1)
(7411400,2)
(9867700,1)
(10353900,1)
(9046800,2)
(3587800,3)
(8426700,2)
(973400,1)
(2463600,1)
(9406800,1)
(9748900,1)
(11185500,1)
(484700,1)
(3620000,1)
(9270900,1)
(3380700,1)
(8911800,2)
(5953900,1)
(3146700,1)
(6793200,1)
(403600,39)
(3291600,1)
(9778600,1)
(10011800,1)
(7608600,1)
(10603100,1)
(8317800,1)
(9788500,1)
(3394200,33)
(4225800,4)
(11268300,1)
(11243000,1)
(10915500,1)
(6510500,1)
(7585200,3)
(5354400,1)
(1527000,66)
(6866100,1)
(2006300,6)
(390100,2)
(1677400,1)
(8992900,4)
(10021700,1)
(4239300,3)
(10919100,1)
(8862300,5)
(1584700,4)
(1381200,9)
(9411200,4)
(2370900,1)
(3453600,1)
(3389800,9)
(1178800,3)
(8684100,1)
(3002600,2)
(4417500,5)
(4916100,1)
(10727400,2)
(4912500,1)
(7086600,1)
(4192500,22)
(11181900,1)
(10767000,1)
(2073900,1)
(9905400,1)
(1703000,2)
(9690300,1)
(1319100,4)
(6767100,1)
(583700,2)
(9614700,1)
(6047400,2)
(4516500,1)
(6955200,1)
(9145800,18)
(5582100,2)
(4126800,6)
(92000,2)
(10160300,1)
(1612500,13)
(11299900,1)
(5399500,1)
(1173300,1)
(10342100,1)
(7441100,1)
(1376800,49)
(6628500,7)
(8120600,2)
(11025200,1)
(4572300,2)
(3136800,1)
(11021600,1)
(9100700,1)
(3556200,1)
(3582300,8)
(1127400,1)
(6941700,1)
(9401300,3)
(3323000,5)
(9659800,1)
(8919000,1)
(5973700,2)
(10679800,1)
(10981200,1)
(1956000,3)
(10872300,1)
(2146800,1)
(8302400,1)
(4136700,4)
(7555500,1)
(6644700,4)
(5577700,1)
(2906400,1)
(1807500,3)
(9021500,1)
(6561900,3)
(1503600,31)
(7482600,1)
(3067500,2)
(4937800,2)
(11170100,1)
(5864800,1)
(443200,9)
(126400,13)
(10061300,3)
(261400,1)
(10743600,2)
(8991000,2)
(9373500,9)
(2639100,1)
(7565400,2)
(8561700,1)
(2799400,1)
(2467200,7)
(7472700,3)
(4402100,1)
(7603100,1)
(8456400,1)
(2399800,2)
(9541800,1)
(9120500,11)
(7571700,1)
(740200,10)
(10713900,1)
(5807100,2)
(552100,364)
(9462600,1)
(6608700,1)
(3437400,4)
(8322200,1)
(52400,3)
(7416900,1)
(6549300,1)
(56000,52)
(1201100,85)
(7071200,18)
(5359900,10)
(10401500,1)
(3271800,5)
(5631600,1)
(10189200,1)
(3303200,1)
(5552400,1)
(5813400,4)
(9213200,1)
(448700,20)
(11284500,1)
(6801200,2)
(7134200,2)
(9436500,2)
(8411300,2)
(7618500,1)
(101100,251)
(5729800,2)
(5605500,1)
(2884900,2)
(3493200,5)
(5027700,1)
(10322300,1)
(7466400,2)
(6332300,3)
(2334900,21)
(7575300,1)
(9519300,1)
(2645400,1)
(8001800,1)
(10559100,1)
(2740800,2)
(9066600,1)
(6773400,4)
(1858900,3)
(8763300,5)
(2942400,33)
(9685900,1)
(9857800,1)
(9743400,1)
(417100,23)
(978900,6)
(10302500,1)
(8559000,1)
(10702100,1)
(9208800,2)
(3047700,49)
(9119700,124)
(1901000,1)
(9561600,1)
(8931600,2)
(350500,4)
(9317700,1)
(9160100,1)
(6806700,3)
(62300,10)
(11130500,1)
(9604800,4)
(6778900,1)
(11179200,1)
(3997300,1)
(10591500,1)
(2605800,7)
(3433800,22)
(10712000,1)
(11302400,1)
(1754400,7)
(4567900,1)
(8981100,2)
(9699400,1)
(7915500,1)
(438800,3)
(10608600,1)
(9529200,1)
(10108100,1)
(10575300,1)
(2002700,1)
(8723700,1)
(9784900,1)
(10207100,1)
(8421200,1)
(7476300,2)
(9150200,3)
(6788800,1)
(7426800,2)
(10763400,1)
(6560000,3)
(2620100,1)
(8794900,3)
(2967700,3)
(4501100,1)
(3239400,4)
(1113900,1)
(4219500,2)
(9476100,1)
(3536400,1)
(10327800,1)
(1538800,1)
(4116900,14)
(6842700,3)
(7248600,1)
(9472500,1)
(9882000,1)
(116500,1)
(4511000,2)
(10753500,4)
(1054500,183)
(4146600,1)
(10233200,1)
(9487900,1)
(9140300,5)
(8812800,3)
(4676800,8)
(10086600,1)
(10519500,1)
(8353800,1)
(10674300,2)
(4176300,14)
(10510400,1)
(1068000,4)
(9951300,1)
(2358300,3)
(10910000,1)
(11129700,1)
(3083700,3)
(2847000,2)
(46100,119)
(4229400,19)
(8694000,1)
(5750400,1)
(9135900,3)
(563900,22)
(7274700,1)
(9535500,2)
(10056900,1)
(10476300,1)
(4077300,3)
(10535700,1)
(8783100,1)
(10001900,1)
(453100,2)
(5400,14)
(8046900,1)
(8066700,1)
(4868500,4)
(10699600,1)
(10009100,1)
(10737300,1)
(9966700,1)
(3407700,9)
(8951400,5)
(3141200,2)
(8223200,1)
(5601900,1)
(5587600,1)
(1429900,6)
(146200,6)
(4453500,35)
(7753500,1)
(2488900,4)
(8900000,3)
(10783200,1)
(11149500,1)
(10935300,2)
(5828800,1)
(3922500,2)
(11109900,1)
(7254900,6)
(10561800,1)
(605200,2)
(9175500,18)
(5718000,1)
(9076500,1)
(6520400,2)
(1300100,4)
(7737300,1)
(912100,3)
(9388900,1)
(3681300,1)
(281200,48)
(10199100,1)
(11288100,1)
(10274700,1)
(112900,3)
(8535600,2)
(8816400,23)
(6535800,1)
(1198600,3)
(3576000,5)
(9110600,2)
(9416700,1)
(8778700,1)
(10045100,1)
(1117500,1)
(1602600,8)
(4720800,1)
(10104500,1)
(4686700,12)
(3473400,1)
(7415000,1)
(11248500,1)
(8836200,1)
(11298000,1)
(10897600,1)
(399200,9)
(11274600,1)
(11134100,1)
(725900,5)
(1444200,5)
(1193100,1)
(5334600,25)
(2483400,2)
(9768700,1)
(1813800,72)
(9832500,2)
(1084200,3)
(7268400,2)
(4390500,1)
(10452900,1)
(7515900,1)
(10638300,1)
(1916400,1)
(11110700,1)
(10680600,1)
(3501200,2)
(1977700,4)
(142600,4)
(1888600,11)
(9092700,4)
(2609400,1)
(9442800,1)
(1663900,8)
(2427600,1)
(9555300,4)
(7436700,1)
(6862500,1)
(3592200,7)
(10298100,1)
(6529500,231)
(3126900,8)
(375800,5)
(10150400,1)
(10092900,2)
(106600,11)
(4463400,3)
(10921800,1)
(5350800,1)
(255100,7)
(4858600,1)
(1578400,9)
(9165600,2)
(11160200,1)
(977000,3)
(3057600,1)
(2511200,9)
(7822800,1)
(8915400,1)
(9753300,2)
(1325400,2)
(10243100,1)
(10466400,1)
(2333000,1)
(2506800,1)
(9398800,1)
(10367400,1)
(9327600,1)
(6872400,2)
(1499200,182)
(4478800,1)
(8294400,7)
(7525800,1)
(10618500,1)
(3977500,9)
(8327700,1)
(10504100,1)
(1863300,1)
(6777000,1)
(1893000,1)
(2863200,1)
(3209700,18)
(2433900,1)
(428900,721)
(9695800,1)
(8545500,1)
(9961200,2)
(10644600,1)
(3621900,3)
(7421300,1)
(3498700,1)
(9268200,1)
(2744400,1)
(2135000,1)
(9747000,1)
(3488800,2)
(10118000,2)
(6569100,18)
(5740500,1)
(1157100,6)
(5791900,1)
(11108000,1)
(10096500,2)
(4833300,1)
(2239500,1)
(3390600,18)
(7614900,12)
(9872100,1)
(9723600,1)
(9945000,3)
(7549200,2)
(1802000,8)
(967100,2)
(10426800,1)
(3224000,5)
(5593900,7)
(9302300,1)
(615100,12)
(10405100,1)
(4151000,20)
(2186400,4)
(1687300,1)
(1784100,44)
(9191700,1)
(3093600,1)
(10976800,1)
(4328400,38)
(6525900,3)
(10525800,1)
(9015200,2)
(11140400,1)
(2072000,8)
(8801000,1)
(9456300,1)
(2022500,4)
(10529400,1)
(10569000,1)
(5384100,1)
(9218700,3)
(1495600,5)
(9189000,1)
(1878700,25)
(5370600,1)
(215500,1)
(9426600,2)
(9996400,1)
(8332100,1)
(9684000,1)
(10213400,3)
(4577800,2)
(9086400,1)
(10446600,1)
(9294300,1)
(10278300,1)
(36200,40)
(1321800,42)
(5389600,1)
(8867800,1)
(2619300,2)
(8996500,2)
(3478900,1)
(10415000,1)
(498200,2)
(7154000,3)
(10773300,1)
(6565500,3)
(5572200,1)
(10951500,1)
(9061100,1)
(1366900,1)
(10180100,2)
(10019000,1)
(5619000,3)
(1391100,6)
(2898400,1)
(7199100,2)
(3936000,14)
(2521100,1)
(1833600,3)
(10288200,5)
(9169200,1)
(6935400,12)
(10689700,1)
(9545400,1)
(9134000,3)
(9669700,1)
(2526600,10)
(714100,19)
(8872200,2)
(67800,2)
(1418100,1)
(1667500,1)
(4121300,2)
(8986600,1)
(625000,1)
(9486000,1)
(9299800,1)
(1018500,10)
(3279000,1)
(4582200,1)
(4947700,10)
(4655100,1)
(10798600,1)
(2318700,44)
(10515900,1)
(2338500,1)
(10882200,1)
(10986700,1)
(339800,1)
(10025300,1)
(11290800,1)
(7492500,1)
(9565200,1)
(11223200,1)
(11076600,1)
(5265300,1)
(3097200,6)
(6540200,6)
(10941600,1)
(10733700,1)
(10179300,1)
(1089700,1)
(10801100,1)
(8337600,1)
(2378100,1)
(1038300,2)
(8185500,1)
(7545600,1)
(9289900,1)
(9290700,2)
(1008600,4)
(1420800,2)
(9664200,1)
(781700,2)
(9847900,1)
(9640800,1)
(7092900,1)
(5562300,1)
(10966900,1)
(1847100,112)
(8504000,1)
(2531000,2)
(700600,4)
(4364400,1)
(7654500,1)
(42500,22)
(11120600,1)
(6892200,2)
(785300,5)
(9670500,3)
(10846200,1)
(7783200,2)
(9649900,2)
(6712100,4)
(10822800,3)
(2487000,3)
(10203500,1)
(10462800,2)
(9877600,1)
(210000,10)
(10690500,1)
(6910100,1)
(1024800,1)
(1967800,1)
(9005300,3)
(567500,1)
(3275400,3)
(9505800,1)
(1823700,11)
(10165800,1)
(3671400,2)
(8312300,2)
(11199000,1)
(1188700,13094)
(2042300,1)
(1287700,2)
(10306100,1)
(87600,1)
(369500,1)
(6581700,2)
(10119900,1)
(9862200,2)
(2354700,23)
(10387200,1)
(7509600,1)
(182200,2)
(235300,4)
(1454100,5)
(6909300,2)
(4795600,2)
(4789300,1)
(11307900,1)
(8603000,1)
(10421300,1)
(9284400,1)
(7316000,1)
(7100900,1)
(296600,3)
(1143600,6)
(5468800,5)
(9179100,7)
(682700,2)
(10911900,1)
(395600,1)
(9203300,1)
(4512900,20)
(1558600,9)
(9737100,1)
(10347600,1)
(5681100,1)
(8857900,3)
(9628200,1)
(8264700,1)
(4350900,1)
(9025100,1)
(4166400,6)
(12800,5)
(9893800,1)
(10909200,1)
(4483200,17)
(8664300,2)
(7118000,10)
(735800,1)
(8551800,4)
(9181800,1)
(3032300,1)
(10668000,1)
(4888300,1)
(10520300,1)
(7000000,1)
(1517100,8)
(2291700,2)
(1479400,1)
(9946900,1)
(4249200,2)
(4269000,1)
(4863000,2)
(11228700,1)
(7051400,3)
(10856100,1)
(167900,3)
(9312200,1)
(7451000,1)
(9278100,1)
(1972200,3)
(4556100,2)
(2873100,8)
(9575100,3)
(10238700,1)
(1434300,4)
(3894700,19)
(2285400,1)
(1563000,14)
(4807200,1)
(10658100,1)
(7887700,1)
(4973800,2)
(9674100,2)
(5239200,3)
(197600,40)
(2770500,2)
(8347500,1)
(1112000,2)
(8397000,4)
(4052000,1)
(3027900,1)
(8758900,1)
(8703900,1)
(1922700,4)
(11144000,1)
(10363800,1)
(2270000,1)
(219100,66)
(4210400,1)
(9624600,1)
(57900,12)
(1926300,7)
(2259300,2)
(1779700,3)
(6702200,1)
(3338400,1)
(9909000,1)
(2562600,2)
(2784000,1)
(72200,59)
(10149600,2)
(1962300,2)
(1622400,1)
(10155900,1)
(2957800,1)
(6101300,1)
(1637800,1)
(11061200,1)
(2077500,1)
(8307900,1)
(676400,23)
(10397100,1)
(10539300,1)
(9035000,1)
(9195300,1)
(6504200,1)
(8298000,1)
(9353700,1)
(1523400,18)
(1708500,35)
(6826500,1)
(3780300,1)
(11114300,1)
(4379800,1)
(803200,2)
(11145900,1)
(6832800,1)
(3483300,1)
(8798500,1)
(4152900,2)
(10991100,1)
(11001800,2)
(11294400,1)
(5661300,1)
(11051300,1)
(9822600,2)
(2888500,1)
(1034700,1)
(4338300,1)
(4156500,1)
(1662000,1)
(7124300,1)
(1740900,15)
(8788600,3)
(10431200,1)
(7041500,1)
(1758000,2)
(4251900,3)
(963500,5)
(4196100,1)
(1574800,15)
(4957600,8)
(9644400,3)
(1292100,23)
(286700,2)
(4368000,1)
(4848700,2)
(3052100,1)
(1183200,1)
(4813500,1)
(1315500,2)
(4952100,1)
(5457000,1)
(6638400,1)
(5463300,3)
(10768900,1)
(4214000,4)
(5749600,1)
(5417400,8)
(9794800,1)
(7613000,1)
(10140500,1)
(8462700,1)
(9185400,12)
(9492300,1)
(8695900,1)
(11086500,1)
(1355100,11)
(10441100,1)
(5556000,1)
(6919200,1)
(2224100,1)
(3062000,17)
(1513500,14)
(9051200,1)
(1803900,1)
(9274500,2)
(9826200,1)
(11155800,1)
(463000,2)
(8945100,4)
(547700,9)
(1868800,6)
(9897400,1)
(7401500,1)
(1817400,2)
(7383600,1)
(3295200,22)
(8357400,1)
(10778800,1)
(10317900,1)
(8768800,21)
(9482400,3)
(10100900,1)
(2200700,19)
(4394100,14)
(4220300,47)
(6555600,5)
(11092800,1)
(9071000,3)
(4526400,1)
(1074300,4)
(2977600,1)
(354100,1)
(10867900,1)
(9337500,1)
(3423900,3)
(1982100,1)
(10134200,5)
(6897700,3)
(3285300,2)
(5615400,1)
(9109800,1)
(5734200,1)
(9654300,1)
(10550000,1)
(894200,14)
(2260100,1)
(9114200,6)
(3370800,2)
(1147200,1)
(4215900,4)
(5704500,2)
(10223300,1)
(6530300,39)
(10905600,1)
(3240200,3)
(11254800,1)
(2779600,1)
(4488700,1)
(1013000,13)
(9608400,1)
(2271900,1)
(1386700,2)
(6509700,1)
(10284600,1)
(245200,1)
(10159500,2)
(7826400,1)
(10373700,1)
(3412100,14)
(8773200,1)
(11009000,1)
(8702000,1)
(2047800,1)
(2279100,26)
(10624800,1)
(9129600,1)
(1704900,39)
(8452800,1)
(11306000,1)
(9758800,1)
(1211000,2)
(4532700,1)
(10228800,1)
(2833500,1)
(4073700,1)
(4354500,1)
(2902800,1)
(1489300,1)
(8935200,1)
(77700,1)
(11175600,1)
(3457200,1)
(9452700,1)
(2661600,1)
(8108000,1)
(8757000,2)
(10887700,1)
(10035200,1)
(10892100,1)
(2750700,1)
(8565300,1)
(724000,1)
(10185600,1)
(7129800,1)
(791600,5)
(9836100,2)
(8383500,1)
(11312300,1)
(9660600,1)
(4209600,1)
(97500,68)
(9248400,1)
(1163400,9)
(2422100,10)
(5592000,9)
(8689600,3)
(10066800,1)
(10218900,1)
(1305600,77)
(8897500,27)
(937400,3)
(3932400,2)
(162400,9)
(7294500,1)
(8802900,14)
(10120700,1)
(2209800,1)
(9773100,1)
(11278200,1)
(626900,1)
(5779300,1)
(2532900,12)
(7431200,1)
(9717300,1)
(2032400,2)
(9551700,1)
(9288000,2)
(9648000,1)
(9500300,1)
(10723800,1)
(5413800,1)
(9806400,1)
(11046900,1)
(291100,13)
(1952400,1)
(1440600,3)
(2473500,3)
(1133700,2)
(8446500,1)
(2655300,8)
(9082800,3)
(2686900,1)
(1507200,12)
(4259100,4)
(1987600,1)
(5516400,1)
(1226400,3)
(9956800,2)
(5769400,1)
(8892000,1)
(8549100,1)
(10124300,10)
(2308800,12)
(3546300,1)
(2789500,16)
(4704600,1)
(4864900,2)
(6925500,2)
(10842600,1)
(3378000,2)
(8306000,1)
(9264600,7)
(6022100,1)
(11100800,1)
(4083600,1)
(3176400,3)
(11258400,1)
(10071200,1)
(11195400,1)
(5952000,1)
(9367200,1)
(1341600,12)
(4629000,11)
(11005400,1)
(10294500,6)
(329900,1)
(8680500,1)
(2111600,2)
(4245600,4)
(6707700,7)
(3250100,1)
(9497800,1)
(8737200,1)
(8882100,1)
(542200,3)
(1014900,15)
(9393300,5)
(1764300,6)
(9139500,1)
(1790400,72)
(1553100,10)
(4962000,1)
(200100,6)
(10031600,1)
(1800,1)
(10965000,1)
(10316000,1)
(3912600,1)
(1050900,1)
(6575400,1)
(3358200,1)
(10411400,1)
(1282200,5)
(4823400,1)
(10110800,1)
(7253000,4)
(10877800,1)
(10707600,1)
(9941400,1)
(795200,3)
(9596800,1)
(6753600,1)
(10144100,1)
(2240300,1)
(709700,3)
(1329000,24)
(10217000,1)
(3676900,1)
(7519500,1)
(5483100,7)
(10000000,1)
(3402200,1)
(8604900,3)
(6492600,1)
(4827000,4)
(11150300,1)
(4671300,1)
(4141100,2)
(3219600,11)
(10862400,1)
(7539300,2)
(93900,61)
(5963800,1)
(385700,43)
(5478700,9)
(3926100,3)
(10925400,1)
(251500,165)
(1873200,2)
(3308700,5)
(9634500,1)
(9931500,2)
(10436700,1)
(379400,4)
(11066700,1)
(7674300,1)
(1069900,17)
(755600,1)
(3675000,2)
(1697200,2)
(11035100,1)
(1714800,5)
(9056700,1)
(9072900,1)
(3443700,1)
(8441000,4)
(4047600,2)
(10614900,1)
(5502900,1)
(6514100,2)
(1490100,2)
(8442900,1)
(7363800,1)
(10628400,1)
(11031500,1)
(3214100,2)
(9935100,1)
(7456500,1)
(7377300,2)
(2827200,14)
(4665000,6)
(8416800,1)
(8893900,1)
(8822700,40)
(8268300,1)
(3360900,6)
(3987400,2)
(10670700,1)
(2894800,11)
(5724300,5)
(10852500,1)
(1048200,2)
(11218800,1)
(2597800,3)
(10514000,1)
(6623000,1)
(9650700,1)
(8342000,1)
(1439800,2)
(7066800,1)
(8901900,1)
(7352000,1)
(4566000,1)
(9280800,1)
(1167000,2)
(10170200,1)
(9571500,1)
(5220200,1)
(9432900,1)
(11180000,1)
(9520100,2)
(5057400,1)
(5600000,3)
(10945200,1)
(9887500,1)
(2807400,2)
(4977400,1)
(2785900,1)
(4235700,1)
(10130600,2)
(9171900,1)
(3229500,1)
(1799500,1)
(6699700,2)
(1371300,3)
(10971300,1)
(10540100,1)
(10955100,1)
