(2066200,3)
(9940000,1)
(2650300,3)
(5318900,1)
(10352500,1)
(2691800,1)
(10590100,1)
(9336100,1)
(10623400,1)
(10372300,1)
(10856600,1)
(8653000,2)
(7199600,1)
(4827500,34)
(1707100,4)
(10684700,1)
(10202100,4)
(5619500,3)
(5463800,2)
(1360000,1)
(3437900,2)
(10455100,1)
(5946200,5)
(2125600,2)
(2997900,2)
(4576400,1)
(7049200,1)
(6590200,50)
(4551100,1)
(5768000,2)
(11174200,1)
(10030200,1)
(2679200,5)
(6694700,2)
(9753800,1)
(2640400,4751)
(1926800,1)
(5779800,1)
(7564000,9)
(9134500,2)
(1666100,17)
(3343300,4)
(3125500,3)
(9029200,1)
(8896100,2)
(9451300,4)
(9841000,1)
(240200,34)
(11237200,1)
(1806100,2)
(9628700,1)
(2675600,1)
(2790800,3)
(7113000,3)
(3374900,94)
(501200,2)
(2837600,1)
(6400200,3)
(8377700,8)
(843300,10)
(1236800,18)
(621900,5)
(8929400,9)
(9393800,2)
(9530500,6)
(3987900,5)
(3416200,1)
(1941100,7)
(9959000,1)
(5368400,1)
(9159800,1)
(10045600,1)
(9441400,2)
(1106200,1)
(9160600,4)
(4307200,1)
(10213900,1)
(10514500,1)
(7400100,1)
(9981500,1)
(597700,1)
(10900600,1)
(8851000,3)
(2962700,1)
(10237300,2)
(9688100,1)
(8959100,1)
(9763700,1)
(4416100,11)
(10059100,1)
(556200,4)
(1122400,1)
(1567100,24)
(8826800,192)
(9268700,2)
(785800,47)
(1713400,1)
(8409100,1)
(9150700,5)
(932400,15)
(9243400,2)
(9283000,1)
(11199500,1)
(10726000,1)
(8991500,15)
(8312800,1)
(1748600,1)
(9476600,1)
(9910300,1)
(11150800,1)
(7471300,1)
(6959300,1)
(2181400,9)
(427500,19)
(378000,190)
(10518100,1)
(8004000,1)
(9035500,1)
(8919500,1)
(1621000,3)
(6072100,1)
(542700,8)
(7356100,1)
(2056300,4)
(9138100,1)
(1842100,1)
(2368700,1)
(10160800,1)
(7405600,1)
(2639600,4)
(8595500,15)
(6846800,2)
(2713300,3)
(6805300,1)
(7045600,1)
(10979000,1)
(8253400,1)
(6722500,3)
(9985100,1)
(10150900,1)
(1822300,1)
(3115600,1)
(3011100,25)
(11035600,1)
(10065400,1)
(3269600,2)
(6083900,1)
(11202000,1)
(1068500,57)
(8876300,1)
(9706000,1)
(9104800,2)
(3279500,24)
(10055500,1)
(5515000,2)
(10892600,1)
(7560400,3)
(10737800,1)
(1847600,8)
(10633300,1)
(2337100,18)
(9680900,2)
(6550600,2)
(10387700,2)
(8882600,1)
(8154400,1)
(11096900,1)
(2946500,2)
(9747500,1)
(11081500,1)
(9570100,1)
(10872800,1)
(9732100,1)
(6643300,5)
(9415300,2)
(2110200,3)
(10939400,1)
(9326200,2)
(348300,8)
(2452300,4)
(2685500,6)
(11005900,1)
(10896200,1)
(5802100,8)
(1369100,28)
(7595600,1)
(6801700,1)
(10861000,1)
(4807700,1)
(8247100,3)
(5006500,1)
(9920200,3)
(10158100,2)
(1423000,6)
(5354900,2)
(4191100,19)
(641700,27)
(8298500,1)
(8816900,1)
(4378400,2)
(7866500,1)
(1764800,5)
(6564100,6)
(4011000,4)
(7184200,3)
(10712500,1)
(10742200,1)
(9520600,1)
(10207600,1)
(9623200,1)
(380700,10)
(384300,6)
(2383000,1)
(10049200,1)
(11273200,1)
(8930200,90)
(2165200,1)
(2842000,1)
(1606700,4)
(9332500,1)
(9773600,2)
(7534300,1)
(11071600,1)
(8955500,1)
(6910600,1)
(2279600,1)
(5551000,4)
(5596100,1)
(2259800,10)
(1226900,3)
(10113000,1)
(9481000,1)
(5764400,1)
(11227300,1)
(210500,4)
(5734700,9)
(4457600,1)
(5402500,1)
(62800,17)
(260000,21)
(2446000,17)
(5224300,1)
(200600,226)
(11253400,1)
(9500800,1)
(6518200,2)
(9010200,1)
(9654800,1)
(467100,4)
(11124700,1)
(3582800,1)
(6909800,1)
(7419100,3)
(2208400,1)
(4942700,1)
(10565900,1)
(6726100,2)
(6579500,37)
(10108600,1)
(1017100,5)
(6815200,3)
(4275800,1)
(8767400,2)
(6684800,2)
(8040000,15)
(4022800,156)
(1626500,8)
(417600,1)
(2634100,1)
(8981600,2)
(10075300,1)
(1167500,2)
(8716000,1)
(9164200,5)
(4220800,24)
(10257100,1)
(10461400,2)
(2119300,1)
(7787300,1)
(9233500,6)
(5956100,90)
(7940200,2)
(5333200,6)
(11095000,1)
(9555800,2)
(5966000,2)
(8419000,1)
(1816000,1)
(10550500,1)
(997300,4)
(8935700,3)
(4259600,1)
(10154500,1)
(837000,1)
(5982200,1)
(5744600,8)
(186300,3)
(9945500,1)
(10722400,1)
(275400,2)
(2141800,1)
(3220900,1)
(4916600,1)
(235800,245)
(9935600,1)
(2149000,1)
(3141700,3)
(9664700,2)
(6772000,4)
(5901100,1)
(4867100,7)
(8914000,1)
(1611100,1)
(7410000,6)
(5279300,2)
(2100300,1)
(11020200,1)
(10805200,1)
(11030100,1)
(82600,2)
(10356100,1)
(9965300,1)
(9996900,1)
(7559600,1)
(8753900,1)
(5390900,2)
(3171400,9)
(738000,37)
(225900,1)
(1058600,146)
(10346200,1)
(4586300,12)
(2708900,1)
(7599200,1)
(8945600,1)
(6716200,3)
(9357800,1)
(9565700,1)
(9019300,1)
(536400,2)
(9466700,1)
(645300,1)
(31200,3)
(1852000,41)
(72700,98)
(8643100,2)
(10009600,1)
(10180600,1)
(2695400,33)
(8951900,1)
(9510700,1)
(9806900,3)
(3338900,1)
(9603400,1)
(4877000,8)
(6633400,5)
(4230700,22)
(8035600,4)
(3353200,1)
(9482900,1)
(10217500,4)
(1952900,1)
(10569500,1)
(66400,3)
(10293100,1)
(1743100,2)
(1553600,2)
(5675300,1)
(2620600,5)
(10841200,1)
(8357900,1)
(9529700,1)
(9698000,1)
(7257100,2)
(10862900,1)
(11091400,1)
(1349300,20)
(2062600,3)
(8811400,4)
(9690800,1)
(8114800,2)
(3151600,1)
(4556600,1)
(9955400,1)
(8801500,1)
(10081600,1)
(619200,268)
(3586400,1)
(1197200,3)
(1460900,1)
(9717800,1)
(9613300,1)
(8332600,1)
(5388200,1)
(10510900,1)
(7322800,1)
(51000,1)
(389800,3)
(2942900,3)
(5857100,1)
(10653100,1)
(1355600,2)
(10945700,1)
(11179700,1)
(3629600,1)
(2681900,1)
(5057900,4)
(1577000,1)
(8783600,187)
(9658400,1)
(4249700,2)
(1758500,41)
(10836800,1)
(10316500,1)
(10950100,1)
(2072500,29)
(3572900,20)
(10955600,1)
(9471100,1)
(2317300,1)
(6856700,2)
(9085000,1)
(631800,2)
(8915900,19)
(1221400,2)
(9939200,3)
(4121800,5)
(10144600,1)
(9227200,3)
(1028900,3)
(10263400,1)
(8421700,1)
(2347000,8)
(9569300,1)
(10694600,1)
(739900,7)
(9108400,1)
(6767600,1)
(4723000,6)
(192600,2)
(1499700,2)
(1296200,1)
(2416300,17)
(7623400,1)
(3887000,6608)
(6939500,2)
(8560300,11)
(7051900,1)
(4452100,3)
(1418600,3)
(9049000,3)
(4629500,14)
(2863700,1)
(6514600,3)
(2511700,3)
(9995000,1)
(10366000,2)
(3384800,2)
(7431700,1)
(4695200,2)
(8367800,1)
(6793700,1)
(789400,11)
(5467400,1)
(4406200,1)
(5898600,2)
(8302900,2)
(9180400,2)
(8732200,1)
(8559500,1)
(9668300,1)
(7387700,2)
(10311000,1)
(10528000,1)
(10617100,1)
(3916700,7)
(8085100,3)
(9387500,9)
(734400,2)
(4691600,3)
(7124800,2)
(10425400,1)
(5604100,1)
(2535100,6)
(1163900,5)
(625500,1)
(4526900,1)
(8263300,2)
(8866400,1)
(3600700,1)
(5516900,1)
(1064900,3)
(9648500,2)
(2398400,53)
(526500,1)
(8288600,1)
(10278800,1)
(46600,241)
(5582600,2)
(281700,63)
(9020100,1)
(2699000,1)
(9757400,1)
(1915000,1)
(2649500,27)
(10910500,1)
(11243500,1)
(10702600,1)
(9005800,1)
(10148200,1)
(9294800,1)
(2780900,2)
(9174100,13)
(10965500,2)
(11118400,1)
(4260400,2)
(9607000,7)
(10762000,1)
(10706200,1)
(4228000,1)
(7466900,1)
(2847500,1)
(1359200,41)
(4129000,3)
(8886200,1)
(3121900,23)
(10051900,1)
(7144600,1)
(2260600,1)
(3378500,3)
(9431500,1)
(10419100,1)
(1794500,1)
(9190300,1)
(1790900,1)
(4837400,2)
(10301100,1)
(3299300,4)
(10481200,1)
(10797200,1)
(9767300,1)
(1183700,2)
(10716100,1)
(3358700,2)
(744300,1)
(8831200,1)
(196200,65)
(8294900,2)
(3224500,39)
(1379000,1)
(6613600,23)
(2186900,1)
(5893100,1)
(9237100,1)
(10638800,4)
(10170700,1)
(4000,3)
(10496600,1)
(5483600,1)
(2609900,2)
(3501700,2)
(10223800,1)
(11223700,1)
(10169900,2)
(2827700,2)
(10628900,1)
(9816800,1)
(5562800,2)
(9154300,1)
(8045500,1)
(10415500,1)
(1205200,3)
(10071700,1)
(1812400,4)
(5967900,2)
(7283200,1)
(8815000,8)
(10757600,1)
(2610700,88)
(10332700,1)
(5748200,22)
(6698300,3)
(1484300,1)
(7575800,1)
(6166700,1)
(9919400,3)
(9589100,5)
(3368600,89)
(3175000,2)
(10747700,1)
(10529900,1)
(224000,1)
(9382000,1)
(9247000,1)
(1547300,3)
(3145300,1)
(4630300,1)
(11203900,1)
(2477600,8)
(6415600,1)
(7233700,3)
(9284900,1)
(9298400,4)
(3932900,2)
(823500,1)
(10405600,1)
(11283100,1)
(2897000,1)
(10233700,1)
(3176900,2)
(4285700,6)
(8727800,1)
(6712600,4)
(6549800,5)
(1304200,1)
(1523900,3)
(1703500,22)
(2493800,1)
(8346100,3)
(8539700,4)
(9149900,3)
(4280200,1)
(4141600,1)
(8555900,3)
(8975300,2)
(615600,6)
(10613500,1)
(9253300,1)
(681300,16)
(952200,16)
(10025800,1)
(7095100,4)
(4977900,1)
(1147700,43)
(3493700,1)
(10846700,1)
(11148100,1)
(9575600,1)
(10014000,1)
(10904200,1)
(1921300,1)
(10465000,1)
(3497300,2)
(9367700,1)
(11029300,1)
(9678200,5)
(10288700,1)
(8793500,8)
(9674600,1)
(10825000,1)
(9445000,2)
(9500,268)
(8892500,6)
(10886300,2)
(9195800,1)
(2972600,1)
(4196600,18)
(9273100,1)
(10431700,2)
(2250700,28)
(4239800,1)
(1733200,1)
(10969100,1)
(11190400,1)
(2285900,4)
(4001100,10)
(9223600,1)
(10767500,1)
(10909700,1)
(8909600,1)
(9169700,1)
(11278700,1)
(4229900,14)
(2120100,10)
(10377800,1)
(728100,15)
(546300,1)
(10015900,1)
(4531300,3)
(3535000,1)
(8961800,1)
(11075200,1)
(6924100,1)
(9971600,1)
(7367900,1)
(9743900,1)
(1162000,11)
(3214600,2)
(1468100,2)
(2926700,9)
(209700,7)
(11019400,1)
(2284000,3)
(3986000,1)
(1048700,1)
(620000,32)
(10118500,2)
(10783700,1)
(7486700,1)
(3906800,17)
(10787300,1)
(10866500,1)
(4487300,1)
(1335800,3)
(11400,123)
(1522000,1)
(6742300,1)
(3097700,1)
(11041900,1)
(5521300,4)
(1817900,1)
(9096800,5)
(1490600,13)
(10793600,1)
(368100,2)
(3016600,1)
(9130900,1)
(8301000,1)
(10732300,2)
(10995200,1)
(6554200,5)
(7035700,1)
(7451500,2)
(10273300,1)
(9852800,1)
(5317000,1)
(433800,2)
(10727900,1)
(8757500,1)
(1616600,11)
(11306500,1)
(6935900,1)
(2630500,2)
(11302900,1)
(8372200,1)
(3406300,9)
(9793400,1)
(10821400,1)
(4186700,8)
(3129100,5)
(11164300,1)
(10004100,1)
(3571000,6)
(5100000,1)
(1802500,1)
(9842900,1)
(2130000,1)
(2660200,42)
(11217400,1)
(4843700,1)
(10935800,1)
(11103000,1)
(370800,53)
(488800,1)
(7550500,1)
(10168000,1)
(86200,232)
(7025800,1)
(1677900,5)
(1642700,2)
(2462200,2)
(10029400,2)
(9900400,1)
(7435300,2)
(9456800,1)
(6247300,1)
(720900,1)
(9777200,1)
(3432400,3)
(9722200,1)
(1173800,1)
(3592700,36)
(10585700,1)
(4863500,8)
(2204800,7)
(9383900,5)
(724500,1)
(9248900,2)
(9585500,4)
(11114800,3)
(6929600,4)
(2129200,1)
(6627100,1)
(1434800,2)
(10435300,1)
(4077800,1)
(11195900,1)
(5620300,1)
(7821400,1)
(229500,15)
(9886100,2)
(2718800,2)
(5412400,7)
(10298600,1)
(7529900,1)
(987400,1)
(3307300,1)
(2402800,1)
(2447900,2)
(10050000,1)
(10000500,3)
(5813900,2)
(7377800,1)
(5724800,94)
(9882500,2)
(8401900,1)
(10124800,1)
(1527500,5)
(9118300,6)
(10940200,1)
(1956500,5)
(1193600,501)
(4066000,1)
(6570400,1)
(10971800,1)
(655200,230)
(9514300,4)
(9633100,2)
(10367900,2)
(3249800,2)
(2087900,11)
(6589400,11)
(4363000,1)
(9409000,3)
(6896300,4)
(1656200,16)
(10643200,1)
(9559400,1)
(394200,2)
(5002900,1)
(10960000,1)
(2046400,1)
(7268900,1)
(447300,1)
(2016700,2)
(8787200,4)
(11140900,1)
(3032800,1)
(6575900,2)
(5837300,2)
(8589200,1)
(4671800,7)
(2307400,5)
(7158100,1)
(11138200,1)
(1788200,3)
(7160800,1)
(5827400,2)
(10961900,1)
(10981700,1)
(9128200,5)
(6524500,8)
(10134700,1)
(11169800,1)
(9372100,1)
(9534100,1)
(8471200,1)
(2244400,3)
(9897900,4)
(1385300,6)
(9258800,1)
(9435100,1)
(6580300,3)
(7174300,1)
(1428500,7)
(5239700,1)
(10342600,2)
(4853600,4)
(9185900,1)
(10085200,1)
(11312800,1)
(9199400,1)
(11213800,1)
(1543700,7)
(6787400,1)
(9866300,12)
(9797000,1)
(9821200,1)
(10648700,1)
(10752100,1)
(11045500,1)
(1972700,16)
(2109400,26)
(9930100,1)
(1478000,5)
(7298600,3)
(4218100,13)
(8362300,1)
(3576500,9)
(2388500,2)
(10549700,1)
(7069000,5)
(4675400,47)
(4681700,7)
(4962500,1)
(1887200,5)
(7326400,1)
(10199600,1)
(291600,24)
(457200,36)
(9909500,2)
(8805100,4)
(10599200,1)
(4833800,12)
(9263200,1)
(8717900,1)
(11316400,1)
(7030200,3)
(9856400,1)
(9061600,1)
(6861100,11)
(8613400,1)
(9783500,1)
(1768400,5)
(5614000,3)
(2076100,32)
(3708800,2)
(8773700,3)
(5473700,21)
(10194100,1)
(76300,2)
(6904300,1)
(10410000,1)
(9694400,1)
(1084700,1)
(9941900,1)
(5615900,3)
(8638700,2)
(11294900,1)
(790200,3)
(10544200,1)
(10658600,1)
(6504700,2)
(9975200,2)
(5799600,2)
(9401800,1)
(9805000,1)
(10831300,1)
(853200,27)
(379900,20)
(6574000,2)
(10949300,1)
(4893200,7)
(10035700,5)
(9638600,2)
(3531400,1)
(10773800,1)
(1142200,1)
(6892700,2)
(10471300,1)
(7273300,17)
(10382200,1)
(8872700,7)
(10663000,1)
(7247200,3)
(8258900,1)
(5497100,1)
(1282700,140)
(1778300,17)
(4046200,3)
(26800,1)
(1345700,2)
(239400,6)
(3087800,4)
(11049100,1)
(9742000,1)
(4888800,1)
(399700,1)
(11207500,2)
(10491100,3)
(9316300,1)
(1573400,28)
(9140800,4)
(8690900,1)
(5713000,1)
(3898800,9)
(3260500,1)
(11061700,1)
(9580000,1)
(4669100,1)
(2155300,18)
(6811600,2)
(3901300,1)
(5374700,19)
(162900,3)
(1027000,4)
(5082100,1)
(1512100,106)
(7243600,1)
(1537400,10)
(6919700,18)
(11160700,1)
(9041800,4)
(11004000,1)
(402200,2)
(10688300,1)
(9065200,1)
(9643000,1)
(1951000,6)
(5750900,1)
(1053100,2)
(4105600,3)
(3348800,1)
(5922800,1)
(10914100,1)
(6599300,1)
(4166900,53)
(2768300,1)
(3046300,1)
(6736000,11)
(1672400,1)
(8316400,1)
(4244200,1)
(9124600,4)
(10095100,1)
(111500,7)
(779500,51)
(1438400,20)
(6886400,2)
(6560500,4)
(7882700,1)
(10882700,1)
(2624200,3)
(4412500,3)
(6773900,1)
(1533800,8)
(4789800,9)
(1177400,30)
(10128400,1)
(1873700,29)
(4234300,3)
(10668500,1)
(9608900,1)
(9486500,2)
(10929500,1)
(9347900,1)
(1424900,4)
(11268800,1)
(7288700,2)
(2596400,1)
(6882800,1)
(3457700,1)
(629100,54)
(9787100,1)
(1078400,1)
(6706300,2)
(10678400,2)
(4250500,16)
(2487500,1)
(10283200,2)
(11298500,1)
(8949200,4)
(9278600,1)
(7445200,3)
(4155100,2)
(3926600,40)
(1007200,56)
(9425200,1)
(8821300,16)
(1300600,16)
(7293100,1)
(9618800,13)
(10336300,1)
(8920300,1)
(506700,7)
(8904100,1)
(9915800,1)
(41100,6)
(9144400,1)
(8969000,2)
(1687800,1)
(2996000,1)
(6520900,1)
(4823900,1)
(1593200,1)
(8940100,1)
(8965400,3)
(5823800,1)
(10920400,1)
(4402600,1)
(2426200,36)
(8971700,1)
(4511500,1)
(9213700,2)
(10069000,2)
(10570300,1)
(10959200,1)
(10061800,1)
(3551200,2)
(11158000,1)
(9826700,2)
(2457800,2)
(1063000,50)
(2394800,2)
(8322700,1)
(3240700,3)
(4289300,4)
(9397400,2)
(7085200,1)
(10486700,1)
(7059100,1)
(10164400,1)
(9540400,1)
(9896000,1)
(5501500,1)
(5417900,26)
(2976200,1)
(937900,2)
(6321000,1)
(3893300,7)
(3624100,1)
(2299400,2)
(5669000,1)
(7050000,1)
(9591800,1)
(4956200,3)
(1632800,3)
(3274000,1)
(10564000,1)
(10268900,1)
(898300,1)
(8336200,1)
(5789700,1)
(9509900,1)
(9929300,1)
(10306600,1)
(10539800,1)
(8852900,8)
(8985200,11)
(10534300,1)
(5364800,3)
(2614300,2)
(10603600,2)
(6528100,17)
(4794200,2)
(2171500,3)
(7441600,1)
(2576600,6)
(11134600,1)
(10520800,1)
(10429000,1)
(5738300,13)
(8846600,1)
(9411700,1)
(8603500,1)
(2703400,1)
(2191300,1)
(5906600,2)
(5714900,1)
(2185000,2)
(582300,14)
(6538000,1)
(5817500,1)
(9892400,1)
(676900,1)
(10451500,1)
(9148000,7)
(10190500,1)
(2799900,5)
(848800,4)
(323000,2)
(10267000,2)
(2645900,7)
(11085100,1)
(2274100,33)
(8797100,69)
(1489800,24)
(7429000,1)
(2883500,12)
(6603700,2)
(7362400,1)
(9302800,2)
(3092200,3)
(8777300,1)
(2467700,39)
(5770700,20)
(7202100,2)
(11051800,1)
(9949100,1)
(10504600,1)
(7128400,1)
(10698200,1)
(5708600,1)
(6617200,2)
(4398200,35)
(5536700,1)
(4270300,1)
(5794100,2)
(11065300,1)
(11128300,1)
(730800,6)
(21300,5)
(2582900,2)
(4181200,1)
(7382200,3)
(11040000,1)
(3280300,2)
(11258900,1)
(2784500,3)
(838900,1)
(3556700,1)
(5807600,2)
(2289500,29)
(8763800,16)
(9015700,5)
(1325900,2)
(5888700,1)
(9644900,1)
(9801400,1)
(3511600,5)
(5900,9)
(4072300,3)
(11025700,1)
(9545900,1)
(6732400,1)
(4467500,1)
(11189600,1)
(16900,17)
(8618900,1)
(8950000,2)
(8159900,1)
(7539800,2)
(2115700,2)
(4708700,1)
(10560400,2)
(2619800,3)
(11010300,1)
(5987700,1)
(10253500,1)
(10595600,1)
(3402700,8)
(7397600,1)
(11263300,1)
(9876200,33)
(10039300,2)
(10138300,1)
(2135500,8)
(1507700,2)
(7520800,2)
(1853900,1)
(7411900,3)
(285300,34)
(8925800,2)
(916200,2)
(308700,1)
(4936400,3)
(9114700,3)
(2832100,1)
(3452200,1)
(3120000,1)
(10227400,1)
(10312900,1)
(2515300,2)
(10247200,1)
(10411900,1)
(10575800,1)
(8392000,4)
(8862800,8)
(10397600,1)
(10179800,1)
(1371800,1)
(6797300,1)
(972000,2)
(2857400,3)
(8356000,1)
(9000300,1)
(9872600,1)
(8607100,1)
(10441600,2)
(993700,4)
(3333400,14)
(10019500,1)
(1774700,4)
(10530700,1)
(7134700,1)
(3062500,32)
(3100200,1)
(8268800,1)
(6688400,1)
(1324000,12)
(259200,25)
(9905900,1)
(967600,3)
(1502200,36)
(10826900,1)
(4952600,1)
(9496400,1)
(9951800,2)
(6534400,17)
(423900,16)
(9170500,2)
(11257000,1)
(576000,6)
(671400,13)
(9086900,1)
(651600,4)
(1832200,1)
(3546800,3)
(1901500,1)
(3883400,22)
(9699900,1)
(1292600,1)
(10476800,1)
(4214500,1)
(7425400,1)
(7118500,1)
(6678500,1)
(4388300,5)
(868600,26)
(354600,1)
(11055400,1)
(1986200,1)
(10763900,1)
(7580200,6)
(52900,10)
(1976300,27)
(1692200,22)
(6940300,1)
(1966400,1)
(4210900,2)
(4822000,1)
(5972300,2)
(9081400,1)
(10174300,1)
(8400000,21)
(2280400,5)
(1381700,22)
(56500,8)
(2788100,2)
(10114900,2)
(10326400,1)
(10919600,1)
(3472000,1)
(7065400,7)
(8900500,18)
(9362200,7)
(8455000,1)
(10815100,2)
(11301000,1)
(2442400,1)
(5952500,1)
(8910400,1)
(1676000,4)
(10985300,1)
(10540600,1)
(9322600,1)
(7392100,3)
(2521600,5)
(2001300,6)
(10362400,1)
(9712300,1)
(983800,2)
(3289400,2)
(9702400,1)
(3204700,1)
(6825100,2)
(10189700,1)
(4525000,25)
(101600,9)
(10508200,1)
(3026500,1)
(3936500,7)
(10184200,2)
(15000,33)
(9030000,1)
(7061800,1)
(4640200,5)
(4713100,1)
(11247100,1)
(5754500,2)
(10607200,1)
(422000,1)
(4703200,2)
(8039200,1)
(7039300,1)
(4279400,1)
(10851100,2)
(10559600,1)
(1578900,130)
(2238100,2)
(10392100,2)
(675000,12)
(136800,1)
(7613500,1)
(219600,1)
(3997800,2)
(7971800,1)
(11015800,1)
(926100,4)
(6747800,3)
(10409200,1)
(5358500,3)
(10801600,1)
(962100,1)
(36700,1)
(9352300,1)
(9595400,1)
(7164400,1)
(10010400,1)
(6783800,1)
(11288600,1)
(11233600,1)
(1231300,138)
(7217500,1)
(3473900,1)
(10400100,1)
(9727700,1)
(10040100,1)
(1246700,13)
(279000,1)
(2472100,1)
(11184100,1)
(6757700,15)
(3561100,2)
(9961700,1)
(1798100,13)
(10445200,1)
(9031900,3)
(11180500,1)
(11194000,1)
(9544000,2)
(7565900,2)
(3155200,5)
(11108500,1)
(10020300,1)
(8451400,1)
(2689100,30)
(2363200,2)
(9189500,2)
(9492800,1)
(4224400,4)
(2807900,1)
(3001200,4)
(665100,1)
(5406100,1)
(3412600,1)
(2290300,1)
(3230800,1)
(2248000,1)
(9560200,1)
(1448300,7)
(3363100,6)
(6607300,3)
(3655700,1)
(9025600,1)
(3238000,1)
(10664900,2)
(2026600,2)
(7811500,1)
(4447700,2)
(1936700,1)
(4625900,4)
(1867400,18)
(8856500,1)
(635400,1)
(9991400,1)
(7108600,1)
(2723200,16)
(249300,1)
(9737600,1)
(8674700,1)
(4208200,1)
(10811500,1)
(906300,1)
(10975400,1)
(11154400,1)
(11009500,1)
(5348600,2)
(9288500,1)
(4368500,2)
(9599000,1)
(9862700,1)
(3161500,1)
(8939300,3)
(407700,55)
(4660000,2)
(2384900,1)
(5056000,1)
(2031000,1)
(8706100,2)
(1557200,17)
(10212000,1)
(10579400,1)
(6752200,8)
(11293000,1)
(9550300,7)
(1470800,1)
(4802200,1)
(1662500,5)
(390600,2)
(9798900,1)
(7227400,2)
(6637000,4)
(4119100,1)
(5442100,1)
(4536800,1)
(9421600,1)
(7757600,1)
(11000400,1)
(5269400,4)
(10876400,1)
(10589300,1)
(9071500,1)
(3250600,43)
(2327200,17)
(4976000,41)
(9306400,1)
(3483800,1)
(443700,219)
(9377600,1)
(3675500,1)
(10103100,1)
(10930300,1)
(6042400,1)
(4171300,1)
(9846500,1)
(4972400,1)
(8393900,1)
(92500,2)
(10777400,1)
(9203800,1)
(9075100,20)
(1098200,1)
(220400,34)
(10466900,1)
(3295700,1)
(146700,1)
(1444700,2)
(10627000,1)
(7409200,3)
(4649300,1)
(9045400,1)
(9831100,1)
(566100,2)
(9342400,1)
(5883200,1)
(9312700,17)
(10091500,1)
(7726000,1)
(2032900,2)
(8540500,1)
(9549500,1)
(8405500,2)
(9508000,1)
(10243600,1)
(11159900,1)
(9009400,15)
(1458200,11)
(6930400,9)
(3388400,95)
(9039100,3)
(2323600,1)
(3036400,19)
(7055500,1)
(9051700,1)
(9091300,1)
(2151700,1)
(96100,1)
(2905000,1)
(9925700,1)
(7138300,1)
(7528000,1)
(1211500,23)
(10322800,1)
(10674800,1)
(9055300,1)
(11170600,1)
(412100,74)
(9446900,1)
(8590000,1)
(182700,3)
(1375400,37)
(265500,4)
(2531500,1)
(9346000,1)
(9579200,2)
(10924000,1)
(3264100,23)
(1132300,1)
(437400,8)
(1563500,1)
(8306500,3)
(7267000,1)
(4635800,1)
(11059000,1)
(9184000,7)
(8841100,1)
(7617100,1)
(10421800,1)
(5477300,2)
(4659200,4)
(922500,11)
(6409300,1)
(7815100,1)
(4946300,17)
(894700,180)
(9707900,1)
(11039200,1)
(10925900,2)
(6737900,2)
(9581900,1)
(1863800,1)
(4768100,5)
(8995100,3)
(10991600,1)
(9519800,2)
(9684500,1)
(9405400,1)
(126900,22)
(8518000,1)
(8550400,1)
(3323500,1)
(2778200,2)
(7372300,1)
(5592500,44)
(1314100,226)
(9207400,1)
(9836600,1)
(125000,24)
(8836700,22)
(9179600,7)
(3022900,16)
(7518100,1)
(9811300,3)
(11104900,1)
(9539600,1)
(11144500,1)
(10524400,1)
(5728400,1)
(4650100,1)
(10580200,1)
(936000,30)
(6975500,1)
(1043200,1)
(9217300,2)
(477000,3)
(9524200,2)
(7189700,1)
(9461200,1)
(7213900,30)
(9504400,1)
