(9659000,1)
(10022800,4)
(266100,5)
(63400,58)
(9006400,1)
(10487300,1)
(10833800,1)
(1560500,1)
(9774200,1)
(9625700,1)
(2389100,1)
(9093800,1)
(9443900,1)
(9442000,1)
(11022700,2)
(9536600,1)
(9083900,5)
(2522200,6)
(2454800,1)
(7022800,2)
(9354800,3)
(3106300,5)
(3933500,1)
(2146000,9)
(10669100,1)
(5761400,6)
(2319800,8)
(4231300,25)
(9012700,32)
(5840600,1)
(933000,19)
(4543700,1)
(9600400,1)
(10269500,1)
(1000600,3)
(9186500,1)
(4854200,1)
(7541200,6)
(7754600,1)
(8457500,1)
(7364900,2)
(1504700,43)
(1824800,1)
(800700,3)
(10521400,1)
(9754400,1)
(2880500,1)
(5984700,1)
(4256600,9)
(4626500,52)
(3533900,2)
(4391600,4)
(7254100,1)
(10473800,1)
(10526900,1)
(5890100,2)
(11093900,1)
(1060000,56)
(9645500,1)
(9166700,3)
(7432300,4)
(3063100,4)
(10857200,1)
(5127800,1)
(1868000,1)
(9399900,1)
(4438400,2)
(5469900,1)
(3480800,14)
(2527700,3)
(1382300,2)
(2631100,1)
(7437800,1)
(11204500,1)
(11255900,1)
(7457600,2)
(9374600,3)
(10619600,1)
(9640000,2)
(1342700,33)
(10001100,1)
(715200,4)
(10671800,1)
(9483500,9)
(11141500,1)
(10847300,1)
(7812100,3)
(10807700,1)
(17500,14)
(4715600,3)
(9422200,4)
(1164500,31)
(10962500,1)
(10087700,1)
(4834400,1)
(391200,5)
(10313500,1)
(1050100,8)
(7119100,3)
(1917500,5)
(6754700,2)
(9784100,1)
(9926300,1)
(9245900,2)
(434400,2)
(10240600,1)
(8279300,4)
(2532100,2)
(8784200,65)
(9629300,1)
(10467500,1)
(7087700,1)
(5776800,2)
(2517800,1)
(1963400,2)
(3636500,1)
(9718400,1)
(8592500,1)
(538900,70)
(8942600,3)
(9769800,1)
(1781600,4)
(8101900,1)
(9993900,1)
(10659200,1)
(2978700,1)
(6718700,1)
(10280200,1)
(11196500,1)
(938500,13)
(2084900,2)
(3553700,2)
(553200,3)
(1848200,2)
(10244200,1)
(3507800,3)
(9378200,1)
(1486800,3)
(9368300,1)
(6596300,2)
(8847200,1)
(3350200,3)
(2502400,1)
(9604000,1)
(9582500,1)
(9498900,1)
(10790600,1)
(3013600,3)
(4152100,2)
(1154600,86)
(3489900,2)
(9823700,2)
(4013500,59)
(8368400,1)
(8946200,2)
(8768000,241)
(9685100,1)
(3917300,6)
(10151500,1)
(5830700,1)
(2300800,3)
(3033400,2)
(1123000,1)
(8982200,1)
(3385400,3)
(2324200,16)
(9032500,1)
(1540700,1)
(7100100,4)
(1771700,1)
(9467300,1)
(8255900,3)
(1740100,20)
(697300,1)
(7111900,2)
(2136100,108)
(7477400,2)
(8463800,1)
(10843700,1)
(1627100,2)
(9562700,1)
(8562800,1)
(3646400,11)
(2697900,2)
(10092100,1)
(10982300,1)
(3682400,4)
(10437800,1)
(9728300,1)
(8790500,177)
(772900,1)
(490200,14)
(2448500,1)
(1623500,1)
(6244300,5)
(7280200,2)
(4360000,1)
(10645700,1)
(8551000,1)
(9269300,1)
(1227500,2)
(3527600,1)
(4824500,1)
(2953400,1)
(10384700,1)
(9615800,1)
(10204600,3)
(8675300,2)
(8615900,5)
(11171200,1)
(5662400,5)
(834000,6)
(9760700,1)
(725100,1)
(8303500,2)
(11026300,1)
(7946300,2)
(8353000,1)
(10275800,1)
(10378400,1)
(9457400,1)
(2484500,2)
(8649200,1)
(7758200,3)
(3286400,1)
(1803100,1)
(3282800,2)
(9837200,1)
(9605900,1)
(9521200,2)
(10901200,1)
(3038900,1)
(9390800,3)
(10343200,1)
(10936400,1)
(6827600,1)
(10290100,1)
(10724900,1)
(117600,4)
(8596100,2)
(3370000,1)
(10997700,1)
(9894900,1)
(1729400,1)
(10077800,1)
(8936300,4)
(272400,1)
(4804700,1)
(3478100,1)
(4116100,13)
(7416100,1)
(1613600,7)
(3454700,1)
(9230500,5)
(8997600,2)
(3543800,8)
(10515100,1)
(5636300,2)
(6911200,2)
(1202200,49)
(4157600,1)
(824100,778)
(10042600,1)
(10109200,2)
(1688400,9)
(10728500,1)
(8966000,2)
(1322900,1)
(9972200,4)
(2043400,2)
(1400200,1)
(10916600,1)
(2281000,2)
(4309700,2)
(10780700,1)
(10210900,1)
(721500,2)
(9635600,1)
(10295600,1)
(5359100,2)
(1585800,3)
(954700,49)
(9182900,5)
(11186600,1)
(1775300,1)
(1207700,8)
(2122600,1)
(573000,4)
(8779800,1)
(1298700,1)
(10299200,1)
(8843600,1)
(9364700,1)
(9057800,1)
(9902900,1)
(10218100,1)
(5765000,1)
(1913900,1)
(1808600,4)
(1530800,1)
(9807500,3)
(8893100,28)
(5043100,1)
(10422400,1)
(1085300,1)
(5988300,1)
(8992100,1)
(5907200,1)
(9977700,8)
(8200900,1)
(4494200,1)
(211100,5)
(5725400,4)
(8754500,1)
(10220800,1)
(10661900,1)
(1700500,1)
(9516800,1)
(3438500,1)
(404700,4)
(47200,21)
(4676000,1)
(475900,6)
(2672600,1)
(4502200,4)
(2858000,1)
(2686100,7)
(5414900,7)
(10353100,1)
(9181000,2)
(188800,1)
(1943600,5)
(1366100,2)
(4577000,2)
(10911100,1)
(10374800,1)
(11062300,1)
(2370100,1)
(10111900,1)
(10952600,1)
(10477400,1)
(7279400,1)
(9229700,1)
(3027100,4)
(9224200,1)
(8333200,1)
(4241200,2)
(1854500,24)
(7042600,3)
(1704100,1)
(672000,16)
(9541000,1)
(9906500,1)
(6689000,2)
(6551200,2)
(8299100,3)
(10987800,1)
(1288800,1)
(9992000,1)
(8748200,1)
(3532000,3)
(9724700,1)
(598300,647)
(3319700,3)
(10764500,1)
(3381800,2)
(6723100,7)
(11100000,1)
(11057900,1)
(98600,1)
(9307000,1)
(10778000,1)
(8541100,1)
(10214500,1)
(1544300,4)
(6535000,27)
(2994900,1)
(2310700,1)
(7191100,1)
(1179900,10)
(616200,4)
(9620200,1)
(10463900,1)
(11219900,1)
(9101800,1)
(11289200,1)
(10932800,1)
(10082200,2)
(10546700,1)
(2507900,1)
(9542900,1)
(9067700,15)
(3652700,1)
(9125200,1)
(1441700,26)
(2209000,1)
(7837400,1)
(6691700,7)
(7556600,1)
(11250400,1)
(8417900,2)
(4413100,20)
(1579500,1)
(7987800,1)
(8317000,2)
(2098400,4)
(3053200,9)
(3943400,1)
(9323200,3)
(4781300,1)
(2182000,1)
(2350300,1)
(3598800,6)
(10254100,1)
(5494100,5)
(2246900,4)
(10691600,1)
(1439000,53)
(11269400,1)
(8833700,1)
(2309900,1)
(2183900,176)
(1668600,12)
(5215000,1)
(9704900,1)
(2464700,1)
(1059200,2)
(3563600,2)
(6645800,1)
(11002900,2)
(9402400,1)
(1870700,1)
(5361800,1)
(1813000,3)
(9873200,3)
(57100,3)
(9240400,3)
(3345800,10)
(5479800,4)
(23800,68)
(1316600,6)
(6932900,1)
(4958700,1)
(9406000,2)
(3588900,1)
(2598900,1)
(9407900,1)
(7853600,2)
(83200,10)
(9967800,1)
(6942800,1)
(1988700,1)
(10877000,1)
(7406200,1)
(9794000,2)
(10586300,1)
(4023400,2)
(9576200,1)
(8614000,3)
(1589400,6)
(10754600,3)
(3907400,2)
(2884100,23)
(112100,5)
(8032600,1)
(10823900,1)
(5408600,1)
(11161300,1)
(1263500,1)
(1791500,3)
(7873400,2)
(10239800,1)
(8270200,2)
(439900,2)
(8412400,1)
(10303600,3)
(8318900,2)
(7067900,1)
(6807800,1)
(6857300,39)
(8898600,1)
(4573400,1)
(9281900,1)
(1160900,1)
(10121800,1)
(7462000,1)
(5523800,4)
(11109100,1)
(193200,1)
(865600,3)
(636000,25)
(3913700,1)
(3958800,3)
(4276400,1)
(10358600,1)
(895300,8)
(989900,3)
(10110000,1)
(792700,6)
(9171100,1)
(7505200,1)
(321900,2)
(9210700,1)
(10016500,1)
(8878800,1)
(5007100,1)
(137400,1)
(489400,1)
(10234300,1)
(5499600,1)
(2804900,1)
(9916400,1)
(414600,3)
(9506900,1)
(5796600,1)
(984400,7)
(8932700,11)
(4183700,6)
(11260300,1)
(3058700,1)
(4043200,9)
(420900,2)
(11016400,1)
(2399000,2)
(5474300,13)
(6713200,3)
(10260400,1)
(1019600,1)
(2381900,1)
(9453800,1)
(3231400,3)
(7244200,1)
(10364900,1)
(9196400,6)
(9708500,1)
(10505200,1)
(5710000,2)
(10639400,1)
(1834700,2)
(10394600,1)
(8620300,1)
(9655400,1)
(6536900,2)
(1095200,36)
(8883200,1)
(11313400,1)
(8956100,5)
(1069100,16)
(1326500,9)
(10794200,1)
(10259600,2)
(10541200,1)
(9883100,1)
(2781500,18)
(7036300,3)
(222900,3)
(10922900,1)
(3349400,11)
(8926400,2)
(4937000,1)
(3276500,5)
(9344900,1)
(2498000,1)
(292200,2)
(9447500,1)
(8290000,3)
(6624100,8)
(10536800,1)
(2329700,4)
(735000,46)
(10026400,1)
(8447600,3)
(889000,3)
(3413200,9)
(1174400,1)
(10893200,1)
(6521500,4)
(1081700,2)
(1435400,1)
(5537300,23)
(7333300,2)
(8972300,12)
(2261200,2)
(3037000,2)
(4978500,8)
(11181100,1)
(9192800,2)
(11032600,1)
(1749200,4)
(9526700,1)
(9384500,1)
(7992200,2)
(236400,7)
(10416100,1)
(1684800,4)
(1194200,96)
(10363000,1)
(5309600,1)
(10388300,1)
(1599300,1)
(3458300,2)
(277900,11)
(7125400,2)
(5612900,1)
(6659300,1)
(2458400,1)
(11046100,1)
(9936200,1)
(11259500,1)
(9770600,1)
(537000,58)
(6748400,5)
(9394400,1)
(2870600,12)
(10625900,1)
(10562900,1)
(11254000,1)
(1429100,6)
(11145100,1)
(3428600,1)
(6033100,244)
(9505000,1)
(10166900,1)
(3183800,1)
(5903600,1)
(1710400,1)
(3335900,1)
(2899500,1)
(667600,1)
(10966100,1)
(10675400,1)
(7604200,2)
(5715500,3)
(10888800,1)
(3884000,2)
(7473800,1)
(11200900,1)
(9477200,4)
(3998400,8)
(7264000,2)
(9932600,1)
(5484200,3)
(8987700,1)
(4418600,1)
(4692200,11)
(9328700,1)
(5003500,1)
(4324000,1)
(2205400,3)
(1947200,8)
(5058500,1)
(741300,10)
(1643300,1)
(584800,15)
(3494300,1)
(6799800,2)
(4973000,1)
(9176600,1)
(647800,16)
(7728500,2)
(9566300,2)
(1933700,1)
(9665300,1)
(980800,2)
(454200,11)
(1785200,42)
(5711900,6)
(3116200,2)
(782800,14)
(6619700,20)
(5444600,1)
(9671600,1)
(3068600,2)
(10635800,1)
(855700,383)
(6561100,7)
(2407000,1)
(9744500,1)
(5804600,1)
(5808200,2)
(10817600,2)
(2027200,1)
(6728600,19)
(9952400,1)
(2413300,1)
(8600500,1)
(4889400,1)
(1352600,14)
(8769900,20)
(10596200,1)
(7129000,2)
(7536800,1)
(9036100,8)
(11275700,1)
(9279200,1)
(652200,2)
(10135300,1)
(8812000,8)
(11192900,1)
(102200,1)
(11240500,1)
(9026200,7)
(5895600,8)
(3369200,4)
(8823800,1)
(10056100,1)
(10837400,1)
(859300,1)
(10734800,1)
(10551100,1)
(9803900,1)
(4340200,2)
(2053300,1)
(9858900,8)
(9649100,1)
(10161400,1)
(563100,1)
(2106400,4)
(6122200,1)
(10525000,1)
(9531100,1)
(10822000,1)
(2626700,1)
(3666200,4)
(7525000,1)
(1024000,2)
(5122300,1)
(282300,8)
(9596000,1)
(242700,31)
(4448300,1)
(2840900,1)
(2403400,1)
(2973200,13)
(1879800,1)
(1755500,2)
(133800,1)
(9764300,2)
(4512100,1)
(7110000,2)
(6604300,1)
(9501400,3)
(820500,3)
(7977900,1)
(428100,188)
(2048900,3)
(3994800,1)
(1496700,1)
(9275600,4)
(9912800,2)
(8483600,1)
(10610500,1)
(4859700,4)
(3094700,4)
(1528100,1)
(3266600,3)
(7412500,2)
(3537500,1)
(2720200,7)
(10191100,2)
(2007400,40)
(8758100,1)
(6614200,8)
(6634000,3)
(3359300,6)
(5038700,2)
(6921100,1)
(9901000,1)
(9280000,1)
(6238000,1)
(1889700,1)
(8853500,1)
(8911000,1)
(1838300,1)
(9922700,2)
(10572800,1)
(10713100,1)
(11191000,1)
(4385300,1)
(53500,59)
(9200800,2)
(4567100,1)
(10582700,2)
(469600,4)
(10115500,1)
(8364800,2)
(9135100,1)
(6901300,1)
(1927400,1)
(6877100,3)
(10462000,2)
(1663100,1)
(637900,17)
(10531300,1)
(4943300,1)
(6888900,2)
(8738300,1)
(2423200,2)
(1874300,6)
(1844600,5)
(10196600,1)
(252600,38)
(8734700,1)
(6758300,1)
(4017100,7)
(11265800,1)
(923100,20)
(2474600,1)
(3271000,1)
(1049300,3)
(3296300,45)
(9552800,1)
(6649400,1)
(6500,1)
(8536700,2)
(11224300,1)
(8452000,1)
(4221400,2)
(88700,237)
(9417800,2)
(9493400,1)
(4474400,1)
(8374700,1)
(3676100,1)
(11087600,1)
(5709200,1)
(8817500,2)
(9291800,1)
(6931000,20)
(10853600,2)
(9161200,4)
(1212100,2)
(9250300,4)
(11097500,1)
(2900,2)
(7269500,1)
(444300,447)
(2808500,1)
(9868800,3)
(1524500,3)
(6572900,2)
(1091600,1)
(6822100,8)
(840300,1)
(3098300,1)
(9843500,1)
(10768100,1)
(9651800,1)
(974500,4)
(1570400,1)
(11072200,1)
(10685300,1)
(9046000,1)
(4710100,1)
(662100,2)
(1311100,41)
(11166800,1)
(10265900,1)
(7032700,2)
(1735700,2)
(3173900,17)
(6733000,1)
(11131600,1)
(9630100,1)
(6788000,6)
(1190600,4)
(4682300,3)
(9696900,1)
(9817400,1)
(9703000,1)
(8901100,1)
(7327000,1)
(7358600,1)
(9002800,2)
(4177400,1)
(8234200,2)
(3573500,1)
(1387800,3)
(305700,3)
(2775200,1)
(673900,30)
(10600600,1)
(9946100,1)
(8022700,4)
(1475000,1)
(1283300,6)
(157200,1)
(6592700,1)
(5418500,1)
(11156900,1)
(4408700,1)
(1223900,5)
(5974800,1)
(9893000,3)
(10738400,1)
(8155000,1)
(8962400,1)
(232800,141)
(1372400,1)
(3360100,30)
(9437600,1)
(1000,449)
(10067900,1)
(9691400,2)
(5470700,1)
(10942700,1)
(1118600,17)
(11111800,1)
(5454500,1)
(11119000,2)
(5023300,1)
(6090800,48)
(8582600,1)
(381300,1)
(10878900,1)
(8685200,1)
(3963200,6)
(2340400,27)
(3593300,2)
(9473600,1)
(9639200,1)
(1356200,2)
(10681700,1)
(4828100,1)
(6511600,1)
(4666100,54)
(6778100,1)
(8348600,1)
(9318800,5)
(4721900,1)
(7181200,1)
(1508300,15)
(10228000,1)
(3484400,3)
(8912900,66)
(10119100,1)
(11234200,1)
(8427800,4)
(4193600,1)
(10898700,1)
(908800,1)
(9265700,1)
(4984800,6)
(1233800,1)
(10566500,1)
(6784400,1)
(10789800,1)
(3314200,1)
(9962300,2)
(9997500,1)
(913200,808)
(11176700,1)
(622500,4)
(418200,9)
(9204400,1)
(2282900,2)
(7402600,1)
(67000,69)
(10328900,1)
(3365600,1)
(5578800,1)
(2339600,2)
(4078400,1)
(386800,10)
(9681500,1)
(10812100,1)
(8265800,2)
(11214400,1)
(6483800,1)
(4869600,1)
(7290100,2)
(9156800,1)
(2913800,170)
(6576500,1)
(8343100,1)
(10604200,1)
(3088400,16)
(8422300,1)
(9586100,1)
(7092100,2)
(2917400,1)
(2864300,3)
(6774500,1)
(11291900,1)
(3329600,1)
(4330300,8)
(6734900,1)
(2276600,1)
(10708700,1)
(7260400,1)
(2710300,1)
(10501600,1)
(8807600,45)
(9115300,2)
(8572700,2)
(1860800,1)
(9857000,3)
(6685400,4)
(4325900,6)
(9780500,1)
(7511500,1)
(9888600,1)
(6586400,10)
(9042400,1)
(1045700,29)
(2334100,5)
(10186700,1)
(7817600,3)
(37300,12)
(9827300,1)
(8977800,1)
(7467500,2)
(10398200,1)
(9942500,1)
(10873400,1)
(8764400,4276)
(2968800,1)
(4063000,2)
(10609700,1)
(7956200,1)
(1030300,4)
(7121800,3)
(4652600,1)
(3251200,1)
(9789600,1)
(8774300,2)
(5735300,8)
(4771400,1)
(1978800,1)
(6768200,1)
(1465100,1)
(173400,11)
(9432100,4)
(9097400,1)
(8714900,1)
(5814500,1)
(657700,849)
(2112700,5)
(5885700,18)
(2696000,1)
(10760900,1)
(10883300,1)
(12000,13)
(256200,4)
(8794100,313)
(4314100,1)
(1595700,1)
(1580300,1)
(9556400,4)
(1103200,2)
(4875900,1)
(107700,5)
(11056000,1)
(4112500,4)
(3547400,1)
(1864400,5)
(3236900,9)
(7328900,1)
(153600,57)
(4460900,1049)
(4106200,5)
(2320600,2)
(5053000,4)
(8888700,9)
(11115400,1)
(10779900,1)
(9239600,1)
(3221500,1)
(9748100,1)
(9750800,1)
(626100,5)
(9303400,1)
(10317100,1)
(693700,1)
(2692400,1)
(9734600,1)
(10062400,1)
(8837300,2)
(10483700,2)
(5517500,30)
(999800,21)
(8398100,1)
(1869900,7)
(7515100,3)
(7493600,61)
(9759900,1)
(6254200,22)
(746800,20)
(3122500,3)
(9795900,1)
(5953100,1)
(2126200,8)
(1850900,1)
(3073000,1)
(10036300,3)
(5964900,2)
(4369100,1)
(11208100,1)
(9609500,7)
(6873500,1)
(4553600,1)
(8802100,1)
(10921000,1)
(1559700,3)
(4187300,1)
(2369300,1)
(2889600,1)
(5221300,1)
(3142300,1)
(10802200,1)
(7447700,1)
(10679000,1)
(7398200,1)
(8708600,1)
(1199700,3)
(5512000,4)
(9380900,2)
(8867000,3)
(7145200,3)
(7323400,24)
(10289300,1)
(2785100,1)
(934900,20)
(8338700,1)
(9259400,1)
(10131700,1)
(10926500,1)
(10165000,1)
(2375600,1)
(6630400,2)
(8269400,1)
(7062400,4)
(3899400,1)
(3330400,5)
(5355500,2)
(10457600,1)
(885400,1)
(7230700,1)
(10230700,1)
(27400,22)
(9285500,1)
(4329500,4)
(9853400,1)
(10946300,1)
(143700,2)
(8295500,1)
(11155000,1)
(9863300,1)
(5391500,2)
(7426000,1)
(4656200,1)
(7501600,2)
(10066000,1)
(10718600,1)
(3522100,1)
(711600,5)
(1973300,14)
(430800,66)
(9597900,1)
(10432300,1)
(10758200,1)
(9799500,1)
(10799700,1)
(11001000,1)
(11290000,1)
(3272900,1)
(2771600,2)
(7576400,4)
(11270200,1)
(11303500,1)
(9338600,2)
(3201700,17)
(3355700,7)
(3512200,1)
(345300,6)
(11092000,1)
(10906700,1)
(731400,1)
(11230600,1)
(10249700,1)
(7214500,8)
(1455200,2)
(287800,2)
(7141600,10)
(9234100,1)
(891700,1)
(8402500,1)
(1698300,5)
(4598700,1)
(1055600,20)
(10744700,1)
(9343000,1)
(3340300,1)
(8552900,1)
(10229900,1)
(9146900,1)
(8307100,1)
(1397700,1)
(7105600,1)
(5547200,3)
(10072300,2)
(3172000,1)
(4478000,1)
(206700,23)
(10412500,1)
(2063200,1)
(11210800,1)
(7115500,1)
(958300,2)
(6887000,3)
(8967900,1)
(11042500,1)
(3577100,9)
(11121700,1)
(10097600,2)
(10176800,1)
(10774400,1)
(11249600,1)
(3903800,1)
(8665400,1)
(10630300,1)
(1907600,2)
(2177600,2)
(11299100,1)
(9111700,1)
(9260200,2)
(9141400,2)
(2360200,1)
(2314300,1)
(4215100,8)
(683800,3)
(10640200,1)
(1065500,3)
(9833600,1)
(994300,5)
(10770800,1)
(2621200,11)
(6802300,1)
(3488000,6)
(8780600,1)
(4953200,1)
(964600,1)
(5349200,1)
(3895800,2)
(8906600,1)
(1471400,1)
(10442200,2)
(5330200,2)
(9220600,1)
(2894000,2)
(5829900,2)
(10784300,2)
(2013700,424)
(879100,1)
(262500,1)
(2256800,90)
(7066000,1)
(9313300,1)
(68900,10)
(5948700,1)
(3126100,1)
(5834300,5)
(7600600,1)
(2636600,9)
(1431800,3)
(449800,3)
(3517700,1)
(10250500,1)
(10695200,1)
(8868900,1)
(9957900,1)
(9982100,1)
(4132300,7)
(1514600,67)
(1170800,2)
(6571000,1)
(2385500,2)
(8394500,1)
(8922800,4)
(8827400,5)
(7378400,1)
(10511500,1)
(10338800,1)
(4480700,1)
(9641900,1)
(2345900,5)
(1278900,2)
(2116300,3)
(1795100,1)
(1715900,5)
(3162100,1)
(10368500,1)
(11125300,1)
(7898700,1)
(4507700,1)
(9244000,1)
(6789900,4)
(9847100,1)
(5381600,1)
(10046200,1)
(4720000,4)
(1025900,86)
(1603700,2)
(9572600,1)
(11295500,1)
(5963000,1)
(10614100,2)
(9047900,4)
(2365700,18)
(11052400,1)
(8873300,1)
(10406200,1)
(4963100,1)
(9511300,1)
(1377900,2)
(10327000,1)
(8610400,1)
(8546600,1)
(3084800,13)
(1709600,8)
(10145200,1)
(3616700,1)
(7131700,2)
(1957100,32)
(11101900,1)
(11307100,1)
(6671900,1)
(5266400,3)
(2102800,1)
(8259500,1)
(2958900,23)
(3320500,21)
(606300,1)
(10141600,1)
(5502100,2)
(5598600,1)
(9610300,6)
(990700,24)
(2349500,1)
(9738200,1)
(9105400,1)
(4142200,4)
(8857100,1)
(9062200,1)
(2078600,1)
(5468000,4)
(9813800,2)
(10956200,1)
(9546500,1)
(10976000,1)
(9121600,3)
(10863500,1)
(2933600,2)
(4163900,1)
(6926600,1)
(408300,18)
(10105600,1)
(9497000,1)
(1967000,1)
(9956000,1)
(1451600,2)
(9695000,1)
(1014100,9)
(2601400,3)
(3147800,5)
(10629500,1)
(6812200,2)
(4709300,1)
(2438600,1)
(8863400,1)
(1637000,2)
(1321000,1)
(6847400,3)
(9052300,1)
(198700,2)
(1539900,10)
(642300,9)
(6936500,1)
(4938900,3)
(4786800,3)
(5978400,1)
(4578900,3)
(5616500,2)
(4820900,48)
(1968900,1)
(9255800,1)
(9295400,1)
(10972400,1)
(11036200,1)
(4860500,42)
(6790700,3)
(11012800,1)
(4527500,1)
(9308900,2)
(9427700,2)
(1293200,18)
(2488100,1)
(2142400,1)
(9249500,1)
(2641000,6)
(9740900,2)
(9675200,2)
(11220700,1)
(4122400,7)
(440700,126)
(5563400,1)
(10620400,1)
(10012900,2)
(10867100,1)
(10333300,1)
(503700,16)
(8789700,2)
(1520900,1)
(10556600,1)
(9790400,1)
(2547500,1)
(1222000,12)
(8467400,3)
(7551100,1)
(9898500,1)
(9714800,1)
(8289200,1)
(2292800,89)
(4003600,1)
(677500,6)
(9151300,2)
(221000,59)
(5672300,3)
(1983200,49)
(8566400,1)
(1421900,1)
(4137800,2)
(10125400,1)
(10171300,1)
(6620500,5)
(6582800,1)
(10665500,1)
(10452100,1)
(5913500,1)
(9109000,1)
(10224400,1)
(7619600,2)
(5490500,1)
(5489700,1)
(10977900,1)
(4839900,1)
(2791400,1)
(9779700,1)
(6600700,6)
(5567000,1)
(9987600,1)
(2408900,3)
(9398000,1)
(1071800,2)
(10624000,1)
(860100,6)
(9082000,1)
(1035800,1)
(3339500,2)
(2957000,1)
(11067800,1)
(9077600,1)
(558700,21)
(396700,2)
(8799600,1)
(11218000,1)
(9802000,1)
(4830800,1)
(9209900,1)
(10447700,1)
(10270300,2)
(10827500,1)
(1858100,4)
(5719100,2)
(10402600,1)
(6833900,1)
(5745200,1)
(3470900,70)
(10279400,1)
(10129000,2)
(10348700,1)
(8744600,1)
(4616600,3)
(881800,49)
(8916500,8)
(2834600,2)
(8750900,1)
(1376000,10)
(4864100,1)
(9412300,2)
(6708800,1)
(9348500,1)
(4251100,1)
(5666000,2)
(8813900,1)
(507300,1)
(9333100,1)
(1253600,3)
(3448400,2)
(1392200,2)
(11135200,1)
(9270100,1)
(10181200,1)
(3225100,1)
(2988600,8)
(6916700,1)
(6566600,1)
(9619400,1)
(1184300,7)
(10264000,1)
(10426000,1)
(3389000,85)
(594700,4)
(2037100,1)
(4705700,2)
(6780800,6)
(4499700,2)
(5365400,1)
(1658700,28)
(4844300,1)
(4814600,6)
(8036200,1)
(5968500,1)
(574900,10)
(11151400,1)
(10493600,1)
(523500,7)
(2355800,1)
(9016300,1)
(2047000,4)
(10208200,1)
(1607300,1)
(7592600,2)
(6794300,7)
(1617200,1)
(9758000,1)
(10655600,4)
(6541300,1)
(9878700,14)
(4850600,1)
(568600,3)
(10155100,1)
(226500,18)
(2251300,4)
(3112600,1)
(10592600,1)
(1144700,8)
(10660000,1)
(4672400,4)
(6883400,6)
(776500,1)
(8208100,1)
(8635700,1)
(5371700,1)
(10032700,3)
(6738500,8)
(9208000,1)
(1761800,1)
(11077700,1)
(3391700,4)
(6972500,1)
(796300,3)
(2444900,7)
(9487100,3)
(3984900,2)
(6505300,1)
(4458200,7)
(4895700,2)
(10011000,2)
(918700,2)
(11244100,1)
(1518200,2)
(1491200,1)
(928600,36)
(9219800,1)
(10723000,1)
(2167700,1)
(5771300,1)
(2719400,8)
(7452100,1)
(4994700,1)
(1217600,1)
(10992200,4)
(33700,5)
(8328800,1)
(9661700,4)
(4048700,1)
(9358400,4)
(8323300,1)
(9145000,1)
(3375500,4)
(10006600,1)
(9299000,2)
(6770900,1)
(11280100,1)
(2963300,4)
(7072300,1)
(5588700,20)
(10650100,1)
(2890400,2)
(2903900,1)
(1730200,1)
(4974900,1)
(2023600,1)
(11239700,1)
(13900,30)
(11082100,1)
(4211500,1)
(9087500,3)
(903300,17)
(4933400,1)
(11006500,1)
(2838200,3)
(8042500,1)
(1010500,11)
(310100,1)
(9289100,3)
(9388100,2)
(10703200,1)
(6193400,2)
(7562900,4)
(6635900,11)
(2652800,1)
(9592400,1)
(8770700,24)
(375000,2)
(9022600,2)
(3017200,2)
(11229800,1)
(850200,1)
(10285700,1)
(10100100,2)
(2094800,16)
(10323400,1)
(3408800,6)
(7422400,1)
(5731700,1)
(8952500,3)
(5533700,1)
(11285600,1)
(5335700,4)
(9072100,2)
(459700,8)
(10748300,1)
(7250500,1)
(11279300,1)
(3324100,1)
(9214300,1)
(10497200,1)
(1674900,2)
(7109200,3)
(4523900,1)
(4381700,3)
(10649300,1)
(5351900,2)
(7056100,4)
(4818200,3)
(5568900,1)
(5403100,59)
(10576400,1)
(10307200,1)
(7582700,1)
(4147700,4)
(5870300,2)
(3502300,4)
(3395300,7)
(2418800,1)
(9463700,1)
(4197200,26)
(376900,15)
(9131500,1)
(4677900,1)
(11105500,1)
(7259600,1)
(10427900,1)
(2017300,1)
