(4708800,2)
(10243700,1)
(380800,7)
(651700,26)
(1976400,3)
(9559500,1)
(4572900,1)
(10278900,1)
(151200,5)
(3531500,1)
(8955600,2)
(4186800,2)
(7421900,22)
(6746000,1)
(9316400,1)
(10301200,1)
(7377900,1)
(10914200,2)
(3295800,3)
(9128300,1)
(10202200,1)
(2129300,3)
(9674700,8)
(10227500,1)
(10065500,1)
(10688400,1)
(10752200,1)
(6908000,1)
(967700,1)
(1743200,1)
(6684900,1)
(4285800,1)
(9029300,2)
(9435200,5)
(3487500,5)
(2401000,4)
(884900,17)
(2952900,13)
(10882800,1)
(10415600,2)
(6698400,3)
(11199600,1)
(1116200,5)
(2412800,1)
(6939600,9)
(10421900,1)
(6627200,1)
(2358900,2)
(9393900,1)
(5493600,8)
(4244300,2)
(4238000,3)
(902800,6)
(10035800,2)
(8306600,1)
(600300,107)
(4191200,8)
(6524600,14)
(9763800,1)
(2695500,2)
(8821400,87)
(3592800,14)
(8674800,3)
(8550500,1)
(11055500,1)
(9603500,1)
(10075400,1)
(9508100,1)
(9939300,1)
(1522100,1)
(10975500,1)
(10392200,1)
(4982400,8)
(1832300,3)
(6574100,1)
(4802300,1)
(6722600,5)
(10835000,1)
(9103000,2)
(8706200,1)
(10382300,1)
(4901300,19)
(10940300,1)
(8783700,5)
(9742100,1)
(7356200,1)
(4151600,1)
(10179900,1)
(6716300,4)
(9293000,1)
(9797100,1)
(10981800,1)
(7579500,2)
(1349400,5)
(275500,6)
(9892500,1)
(498800,21)
(8356100,1)
(6787500,1)
(936100,1)
(4452200,2)
(5760900,1)
(784000,1)
(8722400,1)
(2852000,1)
(3942900,9)
(750700,1)
(10841300,1)
(4175000,1)
(9425300,1)
(10658700,1)
(5477400,13)
(3477600,1)
(41200,1)
(3016700,5)
(10298700,1)
(6856800,1)
(5363000,1)
(10815200,2)
(685000,1)
(1646400,1)
(9055400,1)
(10372400,1)
(5823900,4)
(5596200,8)
(1543800,6)
(7476900,1)
(2248100,6)
(3883500,1)
(5348700,1)
(9392000,1)
(7797300,1)
(5898700,2)
(11014000,1)
(7876500,1)
(9419000,2)
(3333500,1)
(10103200,65)
(8445200,1)
(2630600,1)
(9678300,1)
(2323700,7)
(10836900,1)
(3323600,10)
(9910400,1)
(4956300,1)
(11081600,1)
(4822100,1)
(6809000,6)
(3011200,48)
(817300,27)
(9589200,1)
(4006700,1)
(10085300,2)
(11267000,1)
(5364900,3)
(2191400,1)
(1102700,1)
(7124900,5)
(9590000,1)
(6590300,14)
(4119200,1)
(10716200,1)
(10544300,1)
(10425500,1)
(2388600,2)
(9243500,2)
(4066100,1)
(3931100,1)
(4155200,11)
(1037000,12)
(1330400,5)
(11030200,1)
(9821300,1)
(2608100,10)
(1842200,1)
(9945600,1)
(1282800,5)
(3129200,27)
(394300,4)
(6811700,1)
(2289600,9)
(5457600,3)
(9815000,3)
(10184300,1)
(8763900,2)
(111600,18)
(9607100,1)
(7539900,1)
(3472100,3)
(9950000,1)
(7202200,1)
(5313500,1)
(1345800,35)
(11170700,1)
(96200,2)
(7283300,4)
(10445300,1)
(10674900,1)
(5561000,1)
(8585700,1)
(11179800,1)
(2006900,11)
(4275900,2)
(1966500,1)
(9831200,1)
(1863900,1)
(4239900,1)
(249400,5)
(9757500,3)
(10722500,1)
(2798100,9)
(11049200,1)
(11113000,1)
(10805300,1)
(11283200,1)
(730900,2)
(8919600,40)
(1334000,13)
(9549600,3)
(11194100,1)
(5046200,11)
(3952800,1)
(10613600,1)
(10801700,1)
(8939400,2)
(1738800,105)
(9372200,1)
(610200,1)
(10321000,1)
(1682400,4)
(8831300,1)
(11263400,1)
(10969200,1)
(8590100,1)
(11169900,1)
(6934100,1)
(2778300,3)
(5936400,1)
(7321000,1)
(4843800,1)
(868700,1)
(6815300,3)
(219700,20)
(2893500,3)
(1017200,5)
(10540700,1)
(1806200,1)
(977600,3)
(11500,38)
(1488000,1)
(10706300,1)
(2274200,6)
(9623300,1)
(11020300,1)
(1567200,1)
(10590200,1)
(4416200,16)
(2487600,6)
(4619700,1)
(6554300,4)
(412200,234)
(8311000,1)
(9846600,1)
(9217400,4)
(6528200,2)
(1304300,1)
(2072600,7)
(10648800,1)
(6097500,2)
(7091600,1)
(983900,28)
(4477500,1)
(1231400,12)
(9706100,2)
(10935900,1)
(8540600,1)
(2139200,1)
(3285900,99)
(5956200,3)
(8336300,1)
(4120000,1)
(9951900,1)
(407800,31)
(9981600,1)
(10904300,1)
(1106300,1)
(9400000,7)
(9668400,1)
(10311100,2)
(10439000,1)
(10257200,1)
(9257000,2)
(10222000,1)
(6540800,1)
(10071800,1)
(7955700,3)
(8836800,1)
(708400,1)
(235900,2)
(11095100,1)
(2432600,1)
(2867400,8)
(8910500,1)
(8524400,1)
(734500,1)
(2109500,5)
(738100,3)
(9544100,3)
(1494300,1)
(2337200,5)
(2501900,1)
(7570400,4)
(1458300,17)
(1395300,1)
(1013600,14)
(493300,110)
(8316500,2)
(1802600,21)
(10518200,1)
(9061700,17)
(5416100,3)
(4675500,1)
(10491200,1)
(10496700,1)
(3600800,2)
(2467800,19)
(11212000,1)
(61000,28)
(10762100,1)
(962200,1)
(780400,125)
(8085200,1)
(4131800,4)
(7549800,1)
(8322800,1)
(4077900,1)
(9862800,1)
(9514400,1)
(5412500,2)
(597800,8)
(5744700,3)
(6135200,1)
(8841200,86)
(2021200,1)
(11040100,1)
(255700,1)
(9015800,7)
(5833800,1)
(3115700,4)
(3353300,73)
(2115800,1)
(9727800,1)
(11237300,2)
(10180700,2)
(10595700,1)
(8346200,1)
(4713200,1)
(9496500,1)
(6732500,2)
(10580300,1)
(10045700,1)
(9600,46)
(2525300,14)
(4952700,1)
(239500,1)
(1774800,2)
(8975400,2)
(289000,167)
(10574000,1)
(8793600,54)
(3893400,1)
(389900,139)
(303300,1)
(4511600,1)
(4447800,6)
(1048800,14)
(5388300,1)
(10856700,1)
(7637000,1)
(1768500,13)
(5790600,3)
(6613700,2)
(6882900,2)
(10653200,1)
(11223800,1)
(10476900,1)
(3280400,1)
(7362500,1)
(9949200,1)
(457300,69)
(2042900,1)
(10570400,1)
(281800,3)
(9253400,1)
(5827500,1)
(10461500,1)
(6643400,3)
(6881000,1)
(5708700,5)
(8366000,1)
(9628800,1)
(2718900,9)
(7534400,1)
(7233800,1)
(5521400,1)
(10684800,1)
(5056100,2)
(1837800,2)
(9189600,1)
(1748700,7)
(3509000,1)
(9159900,1)
(4718700,2)
(11000500,1)
(131400,14)
(9332600,1)
(8168000,1)
(1470900,3)
(1992600,1)
(8851100,1)
(10306700,1)
(9872700,1)
(8861000,2)
(1112600,28)
(10960100,1)
(696800,5)
(9451400,2)
(9085100,1)
(9273200,1)
(4437900,1)
(224100,38)
(6736100,8)
(993800,5)
(592300,3)
(10123000,1)
(10851200,1)
(8747700,1)
(10959300,1)
(3586500,7)
(9747600,1)
(8805200,2)
(10524500,1)
(10029500,1)
(10979100,1)
(9025700,1)
(3936600,8)
(10397700,1)
(427600,3)
(1794600,1)
(8648700,2)
(8862900,5)
(9805100,1)
(9203900,1)
(10144700,1)
(9909600,1)
(11174300,1)
(691300,2)
(9811400,1)
(9985200,1)
(2250800,1)
(9199500,4)
(5703200,5)
(4161500,13)
(9643100,3)
(4250600,1)
(1883700,1)
(8554100,1)
(1063100,2)
(4505300,2)
(748000,1)
(5483700,1)
(1167600,55)
(9411800,1)
(10154600,1)
(9461300,1)
(9377700,3)
(10831400,1)
(10949400,1)
(260100,20)
(3062600,6)
(7184300,1)
(1438500,13)
(11144600,1)
(8301100,1)
(10055600,1)
(10569600,1)
(10678500,1)
(7273400,1)
(1847700,61)
(3926700,1)
(4867200,5)
(9306500,1)
(9397500,1)
(922600,10)
(5691600,2)
(2259900,1)
(10638900,1)
(1370000,4)
(9914000,1)
(2254400,1)
(10148300,1)
(4398300,1)
(681400,15)
(7293200,1)
(10736000,2)
(3619800,1)
(2151800,6)
(10886400,1)
(1537500,111)
(4412600,7)
(3916800,3)
(10530800,1)
(10955700,1)
(9367800,1)
(11154500,1)
(7311100,3)
(9856500,1)
(10223900,1)
(9148100,9)
(740800,3)
(10024000,1)
(9000400,1)
(9658500,2)
(9852900,1)
(3996000,1)
(3911300,4)
(2774700,2)
(2660300,1)
(5837400,1)
(56600,61)
(2883600,44)
(7055600,4)
(5275800,14)
(2343500,1)
(9227300,1)
(11233700,1)
(1672500,1)
(8425400,1)
(1147800,1)
(728200,9)
(5234300,1)
(6607400,1)
(10508300,1)
(8872800,5)
(10995300,2)
(1778400,83)
(10514600,1)
(4976100,3)
(724600,128)
(5333300,1)
(3224600,7)
(3897000,2)
(10970000,2)
(10293200,1)
(8949300,1)
(6504800,1)
(6706400,5)
(3581000,2)
(6559800,3)
(4176900,3)
(250200,1)
(1877400,2)
(5353100,1)
(467200,1)
(9565800,1)
(1951100,1)
(3827700,2)
(1225100,3)
(10263500,1)
(8930300,9)
(6767700,1)
(582400,1)
(9965400,1)
(4432400,16)
(9164300,2)
(10698300,1)
(7712600,1)
(9712400,3)
(9247100,3)
(9005900,18)
(10405700,1)
(11202100,1)
(5932800,1)
(1074900,1)
(3230900,2)
(7777500,2)
(7520900,2)
(2654000,1)
(10861100,1)
(2604500,4)
(5600600,1)
(11253500,1)
(7603700,1)
(7322900,1)
(9520700,1)
(9518000,1)
(7564100,2)
(1433000,16)
(6825200,8)
(5738400,25)
(9570200,1)
(4695300,2)
(10277000,1)
(1822400,1)
(4812200,1)
(8866500,9)
(1915100,3)
(9180500,1)
(1271000,3)
(5026400,1)
(8929500,1)
(5812100,2)
(10504700,1)
(5661900,1)
(7960100,1)
(8971800,1)
(9504500,1)
(7039400,2)
(7085300,2)
(11029400,1)
(10336400,1)
(1873800,20)
(8148200,2)
(10160900,1)
(9283100,3)
(5982300,2)
(11039300,1)
(1489900,7)
(9195900,2)
(9382100,2)
(3467700,1)
(6514700,6)
(7471400,1)
(10534400,2)
(2105900,5)
(3031000,1)
(1162100,17)
(3072500,2)
(8342600,1)
(6633500,2)
(9886200,1)
(2260700,6)
(3185000,1)
(10237400,1)
(26900,1)
(2082500,2)
(9575700,1)
(552700,5)
(3052700,1)
(10019600,1)
(7382300,1)
(3620600,3)
(4521500,143)
(8950100,2)
(10316600,1)
(15100,23)
(11278800,1)
(521100,23)
(1360100,3)
(11189700,1)
(1676100,13)
(5883300,1)
(10009700,1)
(8892600,2)
(1986300,11)
(8826900,258)
(9919500,1)
(10825100,1)
(10095200,2)
(6909900,1)
(10945800,1)
(3546900,3)
(6052400,2)
(4790700,3)
(10124900,1)
(5614100,2)
(6579600,1)
(6508400,1)
(4966200,50)
(9170600,5)
(8925900,1)
(5536800,1)
(10050100,1)
(5566500,1)
(7674900,1)
(655300,4)
(10174400,2)
(2140000,2)
(11268900,1)
(1084800,3)
(9481100,1)
(1490700,2)
(2951000,2)
(92600,25)
(11306600,1)
(10020400,1)
(432000,4)
(210600,1)
(8410000,1)
(10079000,1)
(4032800,1)
(8180600,1)
(3406400,34)
(5592600,2)
(9648600,1)
(7985400,1)
(3155300,1)
(536500,7)
(4260500,8)
(9716000,1)
(9207500,1)
(3234500,1)
(8263400,2)
(10939500,1)
(10465100,1)
(10014100,1)
(86300,1)
(11010400,1)
(11247200,1)
(10164500,1)
(1961000,17)
(3358800,6)
(4788000,2)
(3972600,14)
(9104900,2)
(1073000,1)
(5779900,1)
(7900700,2)
(9486600,1)
(10283300,1)
(3452300,1)
(8471300,1)
(10128500,1)
(2066300,1)
(7387800,1)
(8638800,39)
(3383000,3)
(10627100,1)
(4946400,12)
(5802200,3)
(9777300,2)
(2303900,2)
(2472200,9)
(4525100,9)
(9866400,1)
(1826000,1)
(3006800,1)
(1901600,1)
(11150900,1)
(4629600,10)
(4556700,1)
(620100,44)
(2280500,1)
(3250700,1)
(1172000,83)
(5610500,1)
(9233600,1)
(9510800,1)
(2690000,4)
(9904100,1)
(9184100,2)
(1375500,8)
(2104000,1)
(9702500,1)
(4997800,4)
(3997900,1)
(4011100,2)
(2531600,7)
(2031100,4)
(6960200,1)
(46700,4)
(4827600,9)
(10929600,1)
(7069100,2)
(11114900,2)
(8856600,1)
(7441700,1)
(11243600,1)
(9585600,2)
(7065500,1)
(1631000,13)
(10039400,3)
(11316500,1)
(4679100,2)
(3086000,31)
(7530800,1)
(10486800,1)
(10564100,1)
(6336500,2)
(3901400,17)
(10637000,1)
(1606800,3)
(641800,7)
(10872900,1)
(4863600,1)
(2972700,64)
(10217600,1)
(8451500,3)
(8539800,3)
(4046300,1)
(3551300,2)
(8627000,1)
(6762200,1)
(9096900,1)
(318700,1)
(10471400,1)
(4384800,1)
(8560400,10)
(1686000,6)
(6914300,3)
(443800,13)
(2299500,36)
(1098300,1)
(11124800,1)
(2016800,3)
(11045600,1)
(9356000,1)
(6805400,1)
(2204900,1)
(9753900,6)
(3501800,4)
(6405800,1)
(8158100,1)
(10346300,1)
(8960000,1)
(8825000,7)
(8278800,2)
(1448400,1)
(1335900,3)
(10366100,1)
(2056400,1)
(9787200,1)
(135000,3)
(2619900,3)
(5946300,7)
(11227400,1)
(384400,201)
(10871000,1)
(11069000,1)
(6712700,1)
(10607300,1)
(9599100,1)
(6617300,1)
(10554200,1)
(4378500,1)
(1423100,1)
(9836700,1)
(10194200,1)
(1329600,331)
(4145300,1)
(8985300,3)
(1183800,2)
(2659500,2)
(1126100,2)
(11009600,1)
(7831400,1)
(526600,1)
(1205300,36)
(619300,15)
(1573500,3)
(8886300,2)
(7410100,1)
(9529800,1)
(8777400,2)
(2141900,2)
(3497400,1)
(10528100,1)
(10876500,1)
(7061900,1)
(4042700,2)
(9684600,1)
(10663100,1)
(3402800,4)
(2317400,2)
(4141700,1)
(11091500,1)
(10387800,2)
(9441500,1)
(2457900,51)
(4487400,1)
(9346100,1)
(2596500,4)
(8787300,2)
(4230800,15)
(2135600,55)
(9940100,1)
(8914100,1)
(9653000,1)
(4181300,6)
(2863800,2)
(9929400,1)
(1003700,1)
(6772100,3)
(5525000,6)
(7267100,1)
(2905100,1)
(10673000,1)
(11298600,1)
(10451600,1)
(10737900,1)
(1499800,70)
(9841100,1)
(10772000,1)
(8773800,1)
(8392100,1)
(11035700,1)
(2398500,1)
(9783600,15)
(3368700,2)
(11138300,1)
(1187400,1)
(3036500,32)
(3097800,6)
(8815100,3)
(11065400,1)
(1324100,13)
(629200,42)
(1385400,19)
(9580100,1)
(1798200,35)
(10757700,1)
(8455100,1)
(8603600,4)
(10793700,1)
(8613500,1)
(10134800,2)
(11004100,2)
(1527600,2)
(639100,13)
(2956500,1)
(1296300,12)
(2120200,3)
(10549800,1)
(4691700,61)
(2208500,1)
(7392200,1)
(10985400,1)
(9237200,2)
(9617000,2)
(2717000,1)
(9362300,3)
(4214600,1)
(8564000,1)
(10919700,1)
(3525200,2)
(10273400,1)
(6783900,2)
(6752300,5)
(9045500,1)
(9020200,1)
(8904200,1)
(10989000,1)
(9108500,1)
(2436200,1)
(6886500,5)
(6726200,2)
(9071600,1)
(11180600,1)
(9882600,1)
(4723100,3)
(1784700,10)
(10773900,1)
(3604400,1)
(313200,9)
(1468200,3)
(4228100,8)
(615700,2)
(2680100,3)
(1286400,237)
(9040000,1)
(9491000,5)
(3151700,2)
(10694700,2)
(5966100,8)
(9030100,1)
(6801800,6)
(10400200,1)
(4497300,1)
(3348900,53)
(11103100,1)
(11061800,1)
(8419100,1)
(9409100,1)
(6896400,2)
(9405500,1)
(8409200,2)
(3992400,1)
(1611200,2)
(3576600,78)
(8961900,2)
(240300,8)
(9466800,1)
(399800,988)
(6534500,22)
(323100,4)
(10247300,1)
(7595700,2)
(4388400,1)
(9500900,1)
(3001300,16)
(790300,1)
(5374800,1)
(1925000,1)
(5734800,4)
(10747800,1)
(10158200,9)
(1444800,11)
(6530900,38)
(10585800,1)
(8920400,1)
(4807800,1)
(1319700,5)
(9925800,1)
(4586400,1)
(912700,1)
(3109400,4)
(1764900,6)
(1502300,3)
(9455000,1)
(665200,13)
(161100,1)
(8811500,1)
(2614400,1)
(7059200,2)
(10419200,1)
(2327300,2)
(1201700,7)
(1512200,15)
(10322900,1)
(10138400,1)
(7617200,1)
(9095000,7)
(9154400,1)
(10060000,1)
(8965500,2)
(932500,1)
(5754600,3)
(9268800,2)
(2966400,1)
(4171400,1)
(1533900,9)
(234000,1)
(649000,1)
(1507800,18)
(10811600,1)
(4501700,1)
(2244500,1)
(8757600,1)
(11312900,1)
(916300,1)
(5888800,2)
(4962600,8)
(6119000,1)
(7451600,1)
(3906900,1)
(3483900,1)
(10409300,1)
(9124700,1)
(2076200,1)
(9773700,1)
(4670000,1)
(1371900,3)
(10441700,1)
(2996100,3)
(576100,478)
(3279600,20)
(4224500,1)
(8959200,1)
(6603800,4)
(9732200,1)
(10429100,1)
(789500,3)
(1261100,1)
(10069100,1)
(9991500,1)
(4754700,1)
(6900800,2)
(76400,4)
(66500,2)
(10113100,1)
(2041000,1)
(4110100,1)
(9223700,2)
(6637100,2)
(9476700,1)
(10797300,1)
(625600,2)
(5077800,2)
(9534200,4)
(9326300,1)
(5165000,1)
(2511800,4)
(9059000,1)
(4115600,1)
(10550600,1)
(4936500,1)
(6550700,2)
(8991600,15)
(9213800,3)
(4794300,6)
(8397600,2)
(1320500,2)
(2378700,28)
(6585900,3)
(5497200,2)
(8935800,1)
(2422700,3)
(7253600,1)
(3685500,1)
(9550400,1)
(6062300,1)
(744400,34)
(10000600,2)
(9179700,1)
(1723400,27)
(9301000,1)
(8491100,1)
(11184200,1)
(3582900,1)
(2901500,4)
(10633400,1)
(6673100,2)
(9471200,6)
(10950200,1)
(1314200,58)
(1905200,1)
(7793700,1)
(3214700,1)
(6742400,2)
(4270400,2)
(5972400,1)
(4279500,3)
(11190500,1)
(2159000,1)
(10376000,1)
(378100,8)
(8924000,1)
(5604200,1)
(6560600,16)
(3175100,1)
(1532000,20)
(9793500,1)
(8801600,14)
(769700,3)
(3561200,1)
(1687900,1)
(10821500,1)
(10168100,1)
(10170800,1)
(182800,2)
(10010500,1)
(10726100,2)
(1867500,2)
(3274100,7)
(10520900,1)
(6924200,6)
(3087900,43)
(3066200,3)
(2333600,10)
(4992300,1)
(4457700,1)
(10617200,2)
(6793800,3)
(9688200,1)
(714700,2)
(10559700,1)
(11050000,1)
(6930500,2)
(6263600,1)
(1921400,1)
(605800,15)
(2462300,5)
(2149100,1)
(10971900,1)
(1276500,1)
(1812500,2)
(6861200,1)
(4249800,1)
(6569700,10)
(291700,2)
(7108700,3)
(847000,98)
(10178000,2)
(1666200,1)
(10599300,1)
(10909800,1)
(779600,2)
(7372400,3)
(8267000,1)
(7060000,4)
(10410100,1)
(344800,2)
(6549900,7)
(9421700,1)
(4056200,4)
(9801500,1)
(9387600,3)
(214200,1)
(9051800,1)
(1553700,1)
(279100,1)
(230400,1)
(9065300,2)
(8945700,8)
(9767400,1)
(2707100,4)
(5977900,2)
(9342500,1)
(9959100,1)
(10668600,1)
(3141800,1)
(2784600,2)
(209800,3)
(906400,1)
(10059200,1)
(10539900,1)
(10767600,1)
(4363100,1)
(7128500,2)
(2505500,1)
(1173900,5)
(7431800,2)
(10108700,1)
(8664900,1)
(6518300,1)
(9638700,1)
(9091400,1)
(2284100,1)
(9456900,2)
(1547400,3)
(5952600,3)
(5358600,3)
(8243600,1)
(9302900,4)
(10267100,1)
(5109200,1)
(3432500,3)
(11311000,1)
(9194000,2)
(10965600,1)
(2096000,1)
(9278700,1)
(4259700,1)
(8712500,1)
(8040100,1)
(5764500,1)
(1310600,19)
(11164400,1)
(10253600,1)
(9118400,4)
(9258900,2)
(9401900,2)
(7757700,1)
(2670200,1)
(9955500,1)
(10189800,1)
(447400,2)
(4196700,14)
(9560300,1)
(3493800,27)
(422100,3)
(572500,9)
(8247200,1)
(10712600,1)
(1962900,2)
(9352400,1)
(3541400,1)
(3181400,4)
(2982600,4)
(7123000,1)
(10118600,1)
(8767500,251)
(9492900,1)
(10702700,2)
(2477700,3)
(8575800,1)
(3388500,51)
(4100,90)
(10475000,1)
(9722300,1)
(9935700,1)
(9288600,2)
(9694500,1)
(1369200,2)
(7524500,2)
(2001400,1)
(6757800,2)
(8969100,2)
(9009500,1)
(9431600,1)
(8415500,1)
(1816100,1)
(9445100,2)
(285400,13)
(9524300,1)
(675100,9)
(5794200,1)
(2240900,1)
(7435400,1)
(11051900,1)
(4394700,3)
(2629800,2)
(9138200,1)
(11288700,1)
(2650400,1)
(566200,3)
(5877000,1)
(1236900,9)
(8981700,2)
(1235000,7)
(8411900,1)
(11059100,1)
(1359300,1)
(9081500,1)
(2092400,8)
(6564200,1)
(10420000,1)
(2620700,1)
(4551200,1)
(10362500,1)
(2110300,2)
(5655600,1)
(9539700,1)
(11168000,1)
(1517700,72)
(3394800,4)
(9975300,3)
(5758200,1)
(2521700,2)
(9851000,1)
(9140900,4)
(2161700,2)
(1926900,1)
(630000,50)
(6782000,2)
(671500,40)
(4649400,4)
(1911500,17)
(3446000,1)
(10233800,1)
(11207600,1)
(9591900,1)
(4832000,1)
(9717900,1)
(10924100,1)
(982000,4)
(4837500,1)
(9134600,1)
(3264200,6)
(9613400,1)
(11301100,1)
(259300,8)
(9569400,1)
(1221500,2)
(3238100,1)
(9737700,1)
(9554000,1)
(9010300,1)
(5062400,5)
(2788200,2)
(1642800,1)
(9312800,1)
(10732400,1)
(3026600,1)
(4853700,1)
(2264300,6)
(9995100,1)
(8940200,1)
(10866600,1)
(8797200,57)
(926200,1)
(10900700,1)
(2456000,1)
(9920300,1)
(4254200,1)
(10896300,1)
(4817700,1)
(9930200,1)
(4001200,4)
(7409300,1)
(10342700,1)
(1027100,1)
(8896200,4)
(7979100,1)
(186400,2)
(11134700,1)
(6940400,3)
(10910600,1)
(10004200,2)
(9202000,2)
(9150800,1)
(6042500,1)
(6694800,2)
(7892700,1)
(10538000,1)
(3110200,1)
(10049300,1)
(7118600,2)
(10199700,2)
(1454700,4)
(10777500,1)
(9530600,1)
(6910700,2)
(229600,21)
(9019400,1)
(1434900,1)
(3956400,1)
(4234400,3)
(2946600,2)
(2535200,26)
(388000,29)
(9158000,1)
(2634200,2)
(5768100,1)
(8909700,1)
(4942800,1)
(10920500,1)
(9664800,1)
(3670100,1)
(3644000,1)
(7277000,1)
(8900600,4)
(2842100,3)
(11148200,1)
(2165300,1)
(5562900,1)
(8762000,1)
(10623500,1)
(10783800,1)
(2812400,2)
(10212100,5)
(10455200,1)
(6589500,5)
(8253500,1)
(4313600,1)
(1753100,8)
(10603700,1)
(5724900,5)
(11293100,1)
(10643300,1)
(8876400,2)
(9540500,2)
(9114800,1)
(1365600,1)
(9035600,2)
(10091600,1)
(11015900,1)
(2897100,2)
(11273300,1)
(8617100,1)
(3120100,1)
(3545000,1)
(4685400,16)
(807400,1)
(4535000,1)
(9816900,1)
(11217500,1)
(3021100,2)
(10190600,1)
(10081700,1)
(8882700,2)
(1852100,29)
(358300,1)
(11160800,1)
(10589400,1)
(5774400,1)
(453700,7)
(5987800,4)
(1557300,8)
(7787400,3)
(10787400,1)
(21400,2)
(1193700,25)
(1713500,40)
(115200,43)
(8846700,1)
(1788300,1)
(4218200,7)
(4630400,1)
(8108600,1)
(9698100,1)
(9633200,1)
(62900,15)
(9298500,3)
(3244400,1)
(245800,1)
(2426300,2)
(8372300,2)
(3426200,1)
(6006500,1)
(10352600,1)
(2675700,1)
(10061900,7)
(10356200,1)
(5406200,1)
(635500,6)
(8362400,1)
(9190400,1)
(1662600,5)
(10030300,1)
(8367900,3)
(10991700,1)
(31300,15)
(9752000,1)
(10435400,1)
(3125600,1)
(3566700,3)
(11075300,1)
(10377900,1)
(6538100,6)
(25000,21)
(2393000,3)
(8332700,2)
(7486800,1)
(10579500,1)
(437500,12)
(4280300,4)
(2313800,1)
(3032900,1)
(220500,2)
(562600,15)
(3457800,1)
(3384900,24)
(295300,14)
(3270500,5)
(271900,3)
(9915900,1)
(10025900,3)
(487000,2)
(9519900,1)
(3171500,5)
(1300700,5)
(9294900,4)
(9322700,6)
(843400,16)
(3898900,2)
(1007300,30)
(4129100,1)
(3905000,4)
(11158100,1)
(196300,4)
(9690900,1)
(8465000,1)
(10930400,1)
(171000,4)
(853300,22)
(5473800,35)
(5307200,1)
(10431800,1)
(9555900,1)
(997400,2)
(8995200,1)
(1292700,63)
(125100,11)
(9169800,5)
(5778000,1)
(82700,3)
(2610800,9)
(10575900,1)
(2452400,3)
(9144500,1)
(9969000,1)
(2175200,1)
(417700,8)
(3284000,1)
(51100,1)
(11071700,1)
(4576500,1)
(9876300,1)
(1733300,2)
(2713400,1)
(3196800,1)
(4208300,1)
(5962500,2)
(9961800,1)
(10846800,1)
(9041900,7)
(7613600,2)
(11213900,1)
(3378600,2)
(11118500,1)
(9049100,2)
(9174200,1)
(1355700,2)
(10326500,1)
(11019500,1)
(8716100,1)
(9618900,1)
(9971700,1)
(9160700,1)
(9263300,1)
(11108600,1)
(7049300,1)
(8387700,1)
(5728500,2)
(9826800,2)
(1023500,10)
(4986000,1)
(8421800,1)
(9654900,1)
(7607300,1)
(4600700,3)
(9896100,1)
(200700,50)
(402300,6)
(3204800,2)
(8599200,2)
(11257100,1)
(4422500,4)
(2500000,2)
(6584000,28)
(7429100,2)
(8288700,2)
(11128400,1)
(7400200,1)
(9357900,1)
(10040200,1)
(10742300,2)
(2119400,4)
(10934000,1)
(10560500,3)
(9579300,1)
(11025800,1)
(9039200,7)
(9004000,1)
(4022900,1)
(1094700,37)
(4220900,26)
(8628900,1)
(6797400,4)
(957800,1)
(8633300,1)
(2649600,2)
(9075200,1)
(8979000,1)
(10288800,1)
(4240700,4)
(10207700,4)
(10892700,1)
(11085200,1)
(9415400,2)
(1088400,9)
(9595500,6)
(9336200,1)
(5713100,5)
