(11245300,1)
(10468700,1)
(3133600,4)
(4999500,8)
(405900,6)
(4711300,1)
(9047200,12)
(1337600,2)
(9983300,1)
(3293900,42)
(4293800,1)
(10843000,1)
(1891700,12)
(9314500,1)
(9385700,4)
(2503600,7)
(4989600,19)
(6765800,1)
(4969800,1)
(4667300,1)
(1492400,20)
(9417100,1)
(9791600,1)
(1431100,6)
(10943900,1)
(979300,2)
(1690400,100)
(2305600,9)
(6927800,1)
(10286900,1)
(4080400,2)
(9215500,2)
(6249100,1)
(10864700,1)
(9468500,3)
(5568200,2)
(9785300,1)
(8770000,13)
(4366700,2)
(7552300,1)
(8304700,1)
(1290800,127)
(11286800,1)
(2127400,3)
(4440400,4)
(999100,4)
(6577700,1)
(3366800,2)
(8338000,1)
(1120600,2)
(8116600,2)
(4772600,1)
(7447000,2)
(11192200,1)
(9395600,4)
(2292100,21)
(9012000,2)
(8791700,5)
(8987000,1)
(128700,2)
(9291100,1)
(6749600,1)
(5404300,2)
(10027600,1)
(6600000,4)
(5491700,1)
(5914700,1)
(8359700,2)
(658900,2)
(9750100,1)
(3459500,1)
(4528700,4)
(7403800,3)
(8785400,1)
(1830400,1)
(10186000,1)
(1980800,2)
(6587600,1)
(10671100,2)
(9662900,1)
(4439600,1)
(10448900,1)
(8635000,2)
(2266000,5)
(1545500,1)
(1604900,12)
(1218800,3)
(5716700,3)
(9225400,1)
(1041400,13)
(8615200,1)
(7473100,2)
(617400,1)
(3201000,4)
(10803400,1)
(10823200,1)
(8912200,1)
(9027400,44)
(3491900,1)
(10583900,1)
(8037400,1)
(7906000,1)
(706500,14)
(5236000,1)
(2434300,1)
(3687200,5)
(9502600,1)
(5335000,7)
(10215700,1)
(9310900,1)
(2449700,13)
(10562200,1)
(1634600,2)
(11067100,1)
(1254800,1)
(1160200,2)
(2329000,8)
(9864500,1)
(4429700,2)
(11166100,1)
(8364100,1)
(10720600,1)
(8261500,3)
(6888200,3)
(5410600,1)
(9824900,3)
(10681000,1)
(9907700,2)
(3008500,22)
(6790000,1)
(9017500,2)
(10708000,1)
(7453300,1)
(1416800,48)
(5829200,23)
(9526000,1)
(6854900,2)
(5049800,2)
(2903200,4)
(298900,13)
(1820500,4)
(10567700,1)
(9686300,2)
(10651300,1)
(10106800,1)
(10152700,2)
(668800,22)
(9870800,1)
(7890800,1)
(9605200,1)
(7468700,1)
(3178700,1)
(6917900,1)
(10512700,1)
(1208900,10)
(2355100,2)
(1092800,1)
(10344400,2)
(5508800,1)
(1984400,10)
(3193000,5)
(8275000,1)
(10255300,1)
(10265200,1)
(8686400,1)
(8593700,3)
(1741300,4)
(11047300,1)
(736200,7)
(1268300,1)
(10131000,1)
(9973400,1)
(232100,46)
(9552100,1)
(7369700,1)
(1223200,14)
(10730500,1)
(5918300,1)
(7385900,1)
(7759400,3)
(4627700,1)
(9527900,1)
(11111100,1)
(4845500,1)
(9724000,1)
(10073500,1)
(3533200,3)
(10304800,1)
(1701700,1)
(7314700,1)
(5885000,1)
(11023900,1)
(9389300,1)
(1472600,1)
(3267800,1)
(1051300,1)
(10625200,2)
(2117500,1)
(10369700,1)
(8562100,3)
(9484700,1)
(10083400,1)
(10098800,7)
(10704400,1)
(3924800,6)
(1515800,10)
(8296700,1)
(6661300,1)
(11176000,1)
(4183000,10)
(4792400,12)
(7328200,1)
(3647600,1)
(1735000,6)
(8328100,1)
(2153500,7)
(8047300,3)
(4410700,14)
(2845700,1)
(9625000,1)
(5766200,3)
(11205700,1)
(2408200,1)
(9413500,1)
(10200300,1)
(1203400,1)
(9241600,1)
(9156100,1)
(207900,7)
(3693500,1)
(3475700,1)
(544500,3)
(8255200,4)
(4849100,3)
(5706800,4)
(2881700,87)
(7478600,1)
(8902300,1)
(3060700,1)
(1824100,10)
(10437100,1)
(8947400,2)
(9779000,1)
(10334500,1)
(4896900,4)
(9488300,1)
(190800,8)
(8344300,1)
(8709800,1)
(5792300,8)
(2958200,4)
(9162400,5)
(222200,1)
(9696200,1)
(2869100,9)
(10582000,1)
(712800,7)
(1426700,1)
(9963500,1)
(1456400,4)
(7220100,1)
(1581500,5)
(11088800,1)
(3345100,4)
(10902400,1)
(970200,1)
(9912100,1)
(11281300,1)
(746100,4)
(441900,8)
(2450500,1)
(6906100,10)
(2054500,1)
(10032000,1)
(1640900,2)
(9037300,3)
(4731100,1)
(6696500,1)
(465300,1)
(10750300,1)
(10291300,3)
(6691000,1)
(5736500,3)
(4698900,47)
(10641400,1)
(1559000,2)
(10506400,1)
(10142800,1)
(9894200,2)
(10132900,1)
(1108000,1)
(9112900,15)
(7330900,2)
(10230000,1)
(9013900,5)
(2079800,1)
(4198400,6)
(10719800,2)
(198000,1)
(3158900,1)
(10557800,1)
(9271300,1)
(518400,526)
(8983400,1)
(4507000,1)
(5746400,1)
(3089600,1)
(10205800,2)
(1274600,4)
(9854600,2)
(2163400,1)
(534600,2)
(9443200,1)
(8838500,4)
(1885400,17)
(8833000,2)
(7359800,11)
(6770200,3)
(9167900,4)
(10894400,2)
(8755700,1)
(934200,2)
(10219300,1)
(9286700,2)
(1756700,108)
(376200,3)
(164700,304)
(3637700,3)
(2830300,2)
(9661000,1)
(9692600,1)
(7803400,6)
(9933800,1)
(34900,19)
(3751000,7)
(3102000,2)
(9334300,1)
(88000,1)
(10813300,1)
(4040800,1)
(267300,1)
(7219300,2)
(2341600,6)
(892900,2)
(7502800,1)
(9745700,1)
(9177800,2)
(9330700,2)
(1185500,17)
(9350500,3)
(10077100,1)
(7597400,2)
(3391000,13)
(9318100,1)
(6506500,1)
(6759500,5)
(4940900,4)
(10597400,1)
(6291400,23)
(8468600,8)
(5419700,1)
(10229200,1)
(5944400,3)
(2396600,1)
(995500,5)
(5518700,4)
(9349700,1)
(8864600,1)
(11304700,1)
(1944800,4)
(8878100,1)
(2960900,4)
(1895300,1)
(9403600,2)
(1476200,5)
(1312300,18)
(10635100,1)
(1638200,3)
(10399400,1)
(10780000,1)
(10785500,1)
(4305400,1)
(7922200,1)
(6740500,4)
(9682700,1)
(5018200,2)
(1500400,29)
(3094000,1)
(9967100,1)
(10330900,1)
(4819400,1)
(1908800,5)
(4485500,10)
(11078900,1)
(10838600,1)
(10463200,1)
(11308300,1)
(10880900,1)
(3064300,2)
(10977200,2)
(1353800,125)
(599500,3)
(8552200,1)
(48400,41)
(78100,1)
(1145900,5)
(8692700,1)
(11033800,1)
(3386600,1)
(5523100,1)
(1519400,1)
(5970500,1)
(2429900,12)
(4222600,1)
(1575200,1)
(9245200,1)
(3553000,1)
(550800,2)
(2475800,4)
(10769300,1)
(10458800,1)
(6791900,2)
(9710500,1)
(7611700,1)
(4820200,4)
(558000,7)
(9407200,1)
(8636900,1)
(2366900,11)
(10473100,1)
(752400,2)
(8646800,1)
(10483000,1)
(1786400,3)
(4970600,1)
(1520200,4)
(89900,17)
(4959900,1)
(9676400,1)
(693000,2)
(3202900,6)
(8572000,1)
(10740400,1)
(1869200,1)
(10275100,1)
(7132900,1)
(10390300,1)
(1061200,2)
(980100,11)
(6916000,2)
(6755900,2)
(3143500,1)
(3335200,3)
(8888000,2)
(2772800,5)
(10360600,1)
(4117300,2)
(6894500,1)
(9375800,10)
(10176100,1)
(10308400,1)
(148500,84)
(6692900,3)
(2879000,1)
(4797900,1)
(5485400,2)
(10433500,1)
(10572100,1)
(11239000,1)
(2677400,1)
(10403800,1)
(1879100,1)
(954000,10)
(1452800,1)
(2970800,1)
(9067000,4)
(2721400,1)
(7281400,1)
(9478400,1)
(7902400,1)
(1367300,3)
(8453200,3)
(2839400,5)
(3440500,1)
(8868200,42)
(4706900,1)
(4518800,4)
(4123600,31)
(3434200,2)
(10953800,1)
(10765700,1)
(10542400,1)
(2974400,3)
(7215700,2)
(9205600,1)
(10605400,1)
(8927600,1)
(9231700,3)
(8884400,1)
(9646700,1)
(8993300,1)
(7364200,1)
(4331500,185)
(10017700,1)
(4396400,3)
(4460200,1)
(113300,13)
(4841900,1)
(1928600,2)
(9339800,1)
(1189100,68)
(3198500,2)
(1529300,13)
(9795200,1)
(10998900,1)
(1011700,45)
(1015300,1)
(9126400,1)
(11255200,1)
(10587500,1)
(10700800,1)
(4796000,2)
(637200,5)
(613800,9)
(10714300,2)
(6625300,5)
(9884300,1)
(8583800,5)
(2918600,1)
(8106700,1)
(9621400,1)
(9428900,3)
(6760300,1)
(9219100,1)
(4381000,2)
(8769200,12)
(11215600,1)
(8781800,10)
(683100,1)
(5657300,1)
(10389500,1)
(10328200,1)
(1278200,1)
(9749300,1)
(1066700,1)
(5424100,1)
(3429800,6)
(10314700,1)
(2080600,2)
(5513200,1)
(10146400,1)
(2206600,15)
(6552400,3)
(6729800,1)
(9209200,4)
(5564600,1)
(6868400,1)
(404000,10)
(3554900,1)
(7957400,1)
(9537800,1)
(273600,2)
(9182200,3)
(1100800,4)
(9463000,1)
(8765600,8)
(10413700,5)
(8789000,1)
(1233100,6)
(11275000,1)
(9759200,1)
(3578300,28)
(2242600,2)
(11027500,1)
(2256100,3)
(3479300,1)
(9923900,1)
(277200,1)
(4133500,10)
(2325400,1)
(5949900,4)
(1373600,2)
(7324600,2)
(10478600,1)
(6619000,2)
(4257800,1)
(1035100,2)
(1144000,4)
(420200,3)
(2424400,1)
(9192100,1)
(8324500,3)
(1849400,43)
(985600,19)
(8121000,11)
(7146400,1)
(2687300,18)
(2331700,1)
(10087000,2)
(8880800,3)
(90700,5)
(2517100,1)
(3252400,467)
(4776200,1)
(237600,2)
(8696300,1)
(11291200,1)
(10261600,1)
(1658000,2)
(9458600,6)
(3895100,1)
(3469400,27)
(2528900,3)
(9197600,1)
(6710800,9)
(9672800,1)
(10522600,1)
(5030800,1)
(8350600,1)
(1322200,12)
(7437100,1)
(8340700,1)
(1497900,1)
(9146200,4)
(4226200,4)
(435600,31)
(9494600,6)
(10789100,1)
(1110700,1)
(11152600,1)
(3449600,1)
(4044400,1)
(10547900,1)
(5948000,1)
(23100,4)
(10917800,1)
(4004800,4)
(6369800,1)
(5809400,1)
(13200,1)
(9656600,1)
(2697200,6)
(28600,2)
(7522600,1)
(6562300,10)
(564300,22)
(2642200,1)
(2809700,15)
(10661200,1)
(5810200,1)
(3455900,4)
(10779200,1)
(9615100,1)
(10884500,1)
(3059900,2)
(6833200,1)
(68200,8)
(8963600,1)
(9506200,1)
(4533100,1)
(6789200,4)
(10271500,2)
(1175600,2)
(1850200,40)
(2310000,1)
(7427200,1)
(8858300,1)
(386100,1)
(5004700,1)
(9265000,15)
(4762700,1)
(7251700,1)
(643500,3)
(3538700,1)
(10488500,1)
(8111100,1)
(10047400,1)
(9532300,1)
(3489200,2)
(579700,27)
(9808700,1)
(4277600,1)
(1845800,1)
(1442900,5)
(2048200,1)
(6536200,1)
(3054400,10)
(9474800,1)
(9587300,1)
(9823000,1)
(9993200,1)
(10093300,1)
(1195400,1)
(8557700,1)
(570600,1)
(8771900,9)
(10166200,1)
(955900,2)
(8166100,1)
(6631600,9)
(9211900,2)
(7413700,2)
(70900,763)
(4523200,5)
(647100,4)
(2460400,1)
(1165700,36)
(8890700,9)
(8977100,1)
(1466300,1)
(5469200,2)
(3034600,1)
(9023800,7)
(9132700,1)
(10002300,1)
(9631300,3)
(5825600,2)
(2157100,1)
(8803300,1)
(4481900,2)
(10615300,2)
(9251500,1)
(3490000,2)
(253800,2)
(10231900,1)
(287100,4)
(1387100,26)
(9359600,1)
(4984100,1)
(11209300,1)
(4564700,1)
(11098700,1)
(653400,1)
(10136500,1)
(9380200,2)
(3667400,1)
(4958000,18)
(10755800,1)
(939700,76)
(7526200,3)
(11251600,1)
(1294400,1)
(914400,3)
(3543100,2)
(3079700,1)
(3584600,4)
(10251700,1)
(1332100,25)
(7374100,1)
(5677100,11)
(4643900,1)
(2835800,1)
(1025200,9)
(3885200,1)
(3499100,5)
(5064100,1)
(10443400,2)
(11221900,2)
(10828700,1)
(10898000,1)
(10611700,1)
(7370500,2)
(10552300,1)
(929800,2)
(9838400,1)
(7567700,6)
(9977000,1)
(1933000,1)
(4158800,2)
(8808800,32)
(1684100,1)
(10427200,1)
(4064200,1)
(1859300,3)
(9917600,1)
(6542500,1)
(243900,28)
(663300,6)
(4995900,2)
(793900,1)
(9739400,1)
(3356900,5)
(10235500,1)
(5578100,1)
(4538600,1)
(409500,1)
(5985900,1)
(1819700,7)
(9221800,1)
(10192300,1)
(9033700,7)
(74500,1)
(4194800,27)
(9098600,2)
(1159400,1)
(4948100,13)
(9547700,1)
(4726700,2)
(10453300,1)
(11182300,1)
(2786300,1)
(732600,194)
(396000,10)
(8587400,19)
(1071100,6)
(440000,46)
(10057300,1)
(3408100,1)
(11022000,1)
(9730300,1)
(9281200,1)
(10781900,1)
(10878200,2)
(6902500,2)
(8889900,4)
(3990500,29)
(10447000,1)
(6734200,3)
(2050900,3)
(9116500,1)
(1810600,1)
(10296800,1)
(8899800,2)
(9988800,1)
(7285000,1)
(2849300,2)
(7818800,3)
(9200100,1)
(5742800,2)
(1585100,4)
(9304600,3)
(1535600,4)
(1181900,3)
(9453100,1)
(8848400,1)
(1357400,8)
(2598200,3)
(8854700,12)
(1446500,1)
(6686600,10)
(10696400,2)
(6754000,1)
(9516100,1)
(2558600,1)
(6340900,1)
(9053500,1)
(1140400,151)
(10220100,1)
(930600,6)
(4974200,2)
(4716800,1)
(2820400,5)
(5366600,4)
(10676600,1)
(504900,67)
(4376600,1)
(8573900,1)
(7536100,1)
(4693400,5)
(8676500,1)
(11241700,1)
(8710600,1)
(6635200,6)
(9899700,1)
(9106600,1)
(1689600,1)
(11229100,1)
(3232600,1)
(6526300,2)
(5382800,2)
(301400,8)
(8023900,1)
(1624700,5)
(1938500,5)
(9890600,2)
(10601800,1)
(560700,1)
(4409900,4)
(9700600,1)
(2060800,1)
(10770100,1)
(9597200,2)
(138600,3)
(10833100,1)
(1679700,2)
(10907900,2)
(7433500,2)
(3351400,3)
(9464900,3)
(9953600,1)
(1238600,1)
(5663600,1)
(10126600,2)
(3470200,1)
(5038000,1)
(1809800,1)
(9255100,1)
(9512500,1)
(10380400,1)
(199900,18)
(6718000,1)
(11093200,1)
(491400,1)
(1155800,3)
(8973500,3)
(451800,1)
(3050800,1)
(9166000,2)
(10484900,1)
(2070700,1)
(792000,2)
(6719900,1)
(8998800,1)
(1800700,1)
(580500,6)
(8917700,3)
(1299900,2)
(2090500,9)
(8907800,2)
(9093100,1)
(10759400,3)
(10656800,2)
(10932100,1)
(851400,2)
(9522400,2)
(2711500,1)
(6556000,1)
(11007700,3)
(10354300,1)
(7395800,1)
(4459400,10)
(9729500,1)
(8334400,2)
(9868100,1)
(9498200,1)
(7271500,1)
(3355000,1)
(419400,3)
(10239100,1)
(3173200,2)
(548100,102)
(3528800,1)
(11142700,1)
(6645100,4)
(2464000,1)
(3084100,1)
(2300100,4)
(4979700,1)
(11314600,1)
(4800400,12)
(2137300,7)
(1814200,2)
(3212800,6)
(3396500,1)
(3246100,1)
(2871800,83)
(3507100,3)
(10245400,2)
(3590900,20)
(11200200,1)
(2662000,2)
(9308200,1)
(2819600,3)
(4994000,1)
(2766500,20)
(7340800,1)
(10182400,3)
(2527000,1)
(10370500,1)
(11106700,1)
(3480100,29)
(10384000,2)
(11063500,1)
(80800,2)
(3938300,1)
(10532500,1)
(3341500,7)
(1298000,2)
(9557600,1)
(9834800,1)
(1510300,2)
(8265100,1)
(3117400,4)
(11057200,1)
(8271400,1)
(6512800,1)
(8967200,6)
(9889800,1)
(439200,12)
(7823200,1)
(891000,10)
(8704300,1)
(3460300,2)
(7077100,9)
(1804300,3)
(7577600,6)
(9593600,1)
(8922100,2)
(9601600,1)
(10350700,2)
(9922000,1)
(10682900,1)
(9399200,3)
(7101300,4)
(1875500,3)
(2563000,2)
(2616100,3)
(1715200,8)
(3147100,1)
(991900,254)
(3518900,1)
(5830000,1)
(10621600,1)
(5376500,1)
(10987100,1)
(5950700,4)
(6656900,2)
(1509500,48)
(1436600,12)
(8220000,3)
(2113900,2)
(10324600,1)
(8601700,1)
(10791800,1)
(1565300,5)
(10516300,1)
(3657500,1)
(10379600,1)
(11121000,1)
(7111200,1)
(9880700,1)
(7795400,1)
(2272300,2)
(2236300,1)
(8844800,2)
(1834000,4)
(4544900,1)
(2715100,5)
(2084200,1)
(5805800,1)
(3107500,1)
(10101300,1)
(2657600,9)
(4503400,15)
(9448700,1)
(4508900,5)
(7286900,1)
(3262300,1)
(7087000,2)
(1343900,30)
(8567600,1)
(9957200,1)
(7407400,2)
(11271400,1)
(9433300,7)
(44800,6)
(2282200,1)
(1948400,1)
(1881800,1)
(6700900,6)
(904500,2)
(9943700,1)
(1306000,1)
(9369500,1)
(594000,2)
(9344200,1)
(10249000,1)
(8276900,1)
(8172400,1)
(2485700,4)
(6714400,14)
(10359800,1)
(6807100,2)
(7389500,1)
(10983500,1)
(133100,137)
(1644500,1)
(9947300,1)
(9542200,3)
(10744000,2)
(6582100,3)
(2440600,2)
(429300,4)
(1551800,10)
(10906000,1)
(10942000,1)
(425700,19)
(8463100,1)
(2099600,6)
(9828500,1)
(5336900,5)
(11177900,1)
(10686500,1)
(11156200,1)
(4414300,18)
(2507200,4)
(9266900,2)
(8542300,1)
(2044600,8)
(9370300,1)
(227700,125)
(3222700,3)
(293400,25)
(7142800,24)
(11187800,1)
(3376700,1)
(154800,6)
(4855400,1)
(5459300,1)
(8597300,1)
(9078800,1)
(855000,1)
(10187900,1)
(6502900,1)
(6874700,1)
(6780100,1)
(9229000,2)
(11210100,1)
(3404500,4)
(1031500,2)
(7182400,1)
(10890800,1)
(8818700,2)
(940500,3)
(4392800,2)
(10993400,1)
(6113500,1)
(10927700,1)
(6532600,3)
(10739600,2)
(9122800,3)
(7781900,1)
(1486100,1)
(2094100,1)
(2667500,2)
(1751200,2)
(10022100,1)
(9187700,6)
(9927500,1)
(569800,16)
(54700,57)
(5831900,1)
(8779100,2)
(9755600,1)
(900900,2)
(8360500,1)
(84400,3)
(2673800,7)
(10546000,1)
(5940800,1)
(9101100,1)
(524700,1)
(7755800,1)
(7729700,1)
(1207000,1)
(6724300,2)
(10116700,5)
(7625200,1)
(6932200,2)
(10536100,1)
(2800600,1)
(9329900,6)
(5776100,1)
(11225500,1)
(2147200,3)
(1191800,3)
(3236200,1)
(4746500,1)
(400400,7)
(10502800,1)
(6704500,1)
(7205800,3)
(7043800,5)
(722700,16)
(8932000,1)
(38500,16)
(10526200,1)
(4408000,2)
(10067200,1)
(9172300,1)
(1664300,2)
(11261500,1)
(9423400,4)
(10172500,1)
(9651100,2)
(10156300,1)
(11197700,1)
(9136300,1)
(5143300,2)
(10423600,1)
(6823300,5)
(144900,12)
(698500,348)
(8621500,4)
(9324400,1)
(1918700,1)
(6779300,2)
(2480200,2)
(590400,44)
(58300,23)
(1045000,3)
(5544800,1)
(8320900,4)
(3095900,1)
(3277700,1)
(9771800,1)
(5752700,2)
(5782400,3)
(8933900,2)
(5797800,2)
(2782700,1)
(8403700,2)
(6601900,3)
(6803500,5)
(8734000,1)
(6720700,2)
(10646900,1)
(297000,19)
(11231800,1)
(7635100,1)
(11126500,1)
(8349800,1)
(7275100,1)
(2200,3)
(9704200,3)
(10162600,1)
(4321600,1)
(11172400,1)
(3903100,1)
(10340800,5)
(8735900,1)
(4335100,1)
(6898100,1)
(4891400,1)
(7245400,1)
(9761900,1)
(10088900,1)
(5028100,1)
(2647700,5)
(7057300,1)
(4168700,1)
(8823100,19)
(184500,1)
(7572100,1)
(10417300,1)
(10348000,1)
(180900,2)
(1213300,5)
(10854800,1)
(9360400,2)
(8370400,3)
(8749400,3)
(10692800,1)
(7730500,1)
(9296600,1)
(1317800,1)
(10374100,1)
(11101200,1)
(10973600,1)
(9328000,1)
(5960600,1)
(9641200,1)
(7532500,1)
(1482500,5)
(9740200,2)
(3513400,1)
(3127300,21)
(8308300,2)
(10795400,1)
(7813300,4)
(10963700,1)
(5800300,1)
(8745800,1)
(8369600,1)
(10922200,1)
(4272100,1)
(11132800,1)
(8937500,1)
(7704400,2)
(10874600,1)
(1525700,1)
(9567500,1)
(1725100,3)
(2954600,3)
(2058100,4)
(7547900,1)
(1170100,1)
(1964600,1)
(6744100,2)
(7053700,3)
(10053700,1)
(9007600,1)
(5815700,1)
(5554700,1)
(3450400,1)
(8251600,1)
(9340600,2)
(9735800,1)
(8152600,1)
(7780000,1)
(1056800,11)
(6605500,1)
(8043700,2)
(10997000,1)
(8413600,1)
(11073400,1)
(3325300,3)
(1082900,12)
(7676600,4)
(10967300,1)
(3168800,1)
(1978100,3)
(9720400,1)
(1530100,4)
(1150300,6)
(7953800,1)
(11265100,1)
(9725900,1)
(1603000,2)
(5819300,1)
(4543000,2)
(2391100,1)
(8870900,1)
(1913200,1)
(99800,1)
(4840000,1)
(11077000,1)
(2964500,1)
(4554800,1)
(2365000,2)
(10888100,1)
(9063400,2)
(9427000,1)
(9354100,1)
(7098800,4)
(9775400,1)
(9365900,1)
(3297500,1)
(1280900,12)
(6775700,1)
(6739700,2)
(11053600,1)
(633600,3)
(3381100,14)
(3103900,2)
(3588200,5878)
(10807000,1)
(6374200,1)
(2069900,5)
(10385900,1)
(1994300,2)
(7498400,1)
(2167000,62)
(445500,35)
(5974100,1)
(10063600,2)
(6858500,2)
(5479100,88)
(7423600,1)
(2188700,6)
(11276900,1)
(607500,34)
(242000,44)
(10749500,1)
(3418000,1)
(2361400,5)
(10745900,1)
(8795300,18)
(9276800,2)
(3256000,13)
(6609100,4)
(2938400,1)
(5247800,1)
(9210000,1)
(8286800,1)
(9848300,1)
(2499200,2)
(9073300,1)
(5602300,1)
(6522700,21)
(9709700,1)
(5732900,3)
(9937400,1)
(2420800,5)
(918000,4)
(174600,1)
(10007800,1)
(4060600,1)
(3934700,1)
(10593800,1)
(5346800,3)
(965800,1)
(9769100,2)
(7443400,4)
(1974500,4)
(2315500,23)
(6795500,1)
(1405000,1)
(10710700,1)
(11220000,1)
(4830100,131)
(10318300,1)
(8828600,14)
(11136400,1)
(5471900,1)
(1721500,3)
(8834900,1)
(1363700,1)
(10709900,1)
(188100,1)
(2018500,2)
(4810300,9)
(9573800,1)
(10364200,1)
(1766600,2)
(7390300,2)
(2252500,4)
(9379400,2)
(5386400,1)
(950400,5)
(5475500,3)
(9438800,4)
(415800,4)
(10957400,1)
(10729700,1)
(5731000,2)
(6494900,18)
(8775500,3)
(4371100,2)
(4470100,1)
(3716900,1)
(3361300,1)
(9068900,1)
(9320800,1)
(4206400,2)
(9878000,2)
(10338100,3)
(10012200,1)
(10808900,1)
(11162500,1)
(118800,5)
(3003000,1)
(8547800,2)
(9390100,1)
(3746600,7)
(6516400,1)
(3908600,3)
(1096400,8)
(10577600,1)
(4008400,5)
(1302400,6)
(9998700,1)
(9577400,1)
(8374000,3)
(9844700,3)
(4095800,12)
(10609000,2)
(206000,3)
(627300,102)
(4950800,1)
(3163300,3)
(8022000,1)
(7225600,2)
(8318200,4)
(7033900,1)
(2891600,2)
(7621600,1)
(10799000,1)
(64600,3)
(2381200,1)
(257400,1)
(9235300,1)
(10844900,1)
(1761100,1)
(5891300,10)
(4287500,1)
(919900,1)
(7067200,3)
(7093300,2)
(194400,149)
(9111000,1)
(8943800,1)
(9818600,1)
(2814100,2)
(8720500,1)
(2606200,2)
(10395800,2)
(4809500,6)
(9142600,1)
(9261400,1)
(4829300,2)
(9666500,2)
(9781700,1)
(726300,36)
(10225600,1)
(6615400,4)
(2201100,6)
(9088700,6)
(9583700,1)
(8077000,1)
(9860900,1)
(11235400,1)
(3410800,1)
(584100,2)
(9043600,1)
(11017600,1)
(6708100,5)
(6567800,10)
(10899900,1)
(528300,28)
(2321800,2)
(9765500,1)
(2123800,2)
(7291300,2)
(382500,11)
(2345200,5)
(4934600,1)
(8611600,1)
(959500,2)
(107000,41)
(5470000,1)
(10281400,2)
(158400,1)
(4683500,3)
(3574700,1)
(108900,13)
(6127000,1)
(10209400,4)
(6884600,1)
(4647500,1)
(455400,1)
(6557900,8)
(5594300,1)
(2319100,16)
(10734100,1)
(4480000,2)
(1264700,655)
(3024700,2)
(4014700,4)
(1504000,9)
(11002200,1)
(1086500,3)
(10947500,1)
(10111200,1)
(841500,3)
(10818800,1)
(7088900,1)
(8953700,1)
(10121100,1)
(6621700,5)
(657000,1)
(1776500,1)
(2594600,2)
(5351200,1)
(678700,5)
(10285000,1)
(9813100,1)
(6597500,10)
(2309200,3)
(9636800,1)
(9978900,1)
(4188500,44)
(9002100,13)
(2632300,5)
(5331400,1)
(9760000,2)
(10498400,2)
(5588000,2)
(10724200,1)
(11043700,1)
(2183200,19)
(11116600,1)
(4153300,1)
(1923100,2)
(4865300,1)
(10197800,1)
(1288100,45)
(10043800,1)
(7116700,1)
(7239100,1)
(8957300,1)
(2089700,2)
(4881500,1)
(1670600,4)
(5845400,1)
(11219200,1)
(2701600,35)
(2622400,1)
(10494800,1)
(5701300,4)
(4242400,4)
(10631500,4)
(4216300,2)
(2538800,1)
(1228700,5)
(10645000,1)
(9083200,5)
(2885300,3)
(8894300,4)
(11083300,1)
(2978000,1)
(8813200,1)
(4404400,14)
(397900,9)
(10407400,2)
(4445900,1)
(10349900,1)
(10241800,1)
(9626900,3)
(2102100,19)
(10666700,1)
(4184900,6)
(9057100,1)
(11122900,1)
(1307900,5)
(1746800,1)
(7255300,11)
(321200,4)
(9874400,1)
(8874500,1)
(924300,2)
(4687100,7)
(3465800,2)
(3430600,3)
(1870000,5)
(449100,4)
(11012100,1)
(9719600,3)
(3392900,5)
(1114300,1)
(2444200,1)
(4701400,4)
(6813400,2)
(602000,1)
(9562000,1)
(3044500,1)
(2934800,24)
(1496000,3)
(1736900,1)
(10858400,1)
(1505900,12)
(2311900,3)
(10937600,1)
(7582000,1)
(11146300,1)
(1865600,8)
(8988900,4)
(9611500,1)
(908100,16)
(2762900,1)
(9803200,1)
(7073500,1)
(4400800,2)
(10868300,5)
(2602600,6)
(4954400,2)
(9902200,1)
(10033900,1)
(9879900,3)
(4721200,14)
(8330800,1)
(1347500,20)
(10912300,1)
(10210200,3)
(5762600,2)
(4677200,1)
(430100,1)
(6864800,55)
(11037400,1)
(920700,1)
(9364000,2)
(4024600,5)
(4079600,1)
(10037500,1)
(11296700,1)
(7700,24)
(9563900,1)
(9714100,1)
(2612500,1)
(8314600,1)
(3454000,6)
(10775600,1)
(263700,21)
(1660700,1)
(3028300,1)
(861300,2)
(4232500,25)
(5726600,9)
(8443300,1)
(10848500,1)
(10760200,1)
(4697000,21)
(9152500,5)
(9858200,1)
