(3168400,1)
(4060200,2)
(3558100,1)
(10098400,2)
(8709400,3)
(4154800,3)
(257000,72)
(4257400,1)
(10027200,1)
(207500,19)
(797100,3)
(10923700,1)
(1940800,1)
(5420100,2)
(5970100,20)
(1062700,9)
(8438500,1)
(3283600,1)
(3524800,1)
(846600,1)
(6818500,3)
(2777900,1)
(2920900,1)
(400000,10)
(10048900,1)
(11241300,1)
(8340300,1)
(2174800,18)
(7033500,6)
(9499700,1)
(6118600,2)
(2776000,1)
(3034200,1)
(5762200,4)
(7428700,1)
(7616800,1)
(298500,39)
(9729100,1)
(9621000,1)
(8369200,2)
(5633500,1)
(9771400,1)
(2810100,1)
(10870600,1)
(2602200,16)
(44400,2)
(1284100,1)
(9828100,1)
(1509100,1856)
(8751700,1)
(11193700,1)
(10700400,1)
(9211500,1)
(6874300,1)
(1555000,2)
(10557400,1)
(90300,22)
(4386100,10)
(9899300,1)
(7957000,10)
(8850700,14)
(2528500,1)
(9547300,1)
(1810200,9)
(6755500,1)
(10502400,1)
(2400600,1)
(10231500,1)
(11187400,3)
(1675700,4)
(2460000,1)
(9953200,1)
(9687800,3)
(397500,9)
(1149100,1)
(79600,150)
(3029800,1)
(8725600,2)
(9677900,1)
(9849800,2)
(4504900,1)
(11304300,1)
(10850800,1)
(9974900,1)
(5648900,1)
(3351000,3)
(2815600,1)
(2475400,5)
(3252000,1)
(233600,1)
(10804900,1)
(706100,114)
(8834500,2)
(8705800,1)
(9626500,1)
(1497500,43)
(3668900,1)
(1302000,1)
(8889500,2)
(8102700,4)
(2809300,1)
(4382500,1)
(732200,82)
(9345700,1)
(5980000,4)
(1545100,1)
(8319700,1)
(2495200,56)
(9246700,6)
(9359200,1)
(742100,1)
(7300,54)
(11063100,1)
(10245000,1)
(6824800,1)
(7601400,1)
(5617300,1)
(7381900,2)
(5306800,1)
(7803000,4)
(7296400,4)
(8339500,1)
(580100,1)
(9818200,4)
(5881000,1)
(9907300,1)
(3118900,4)
(9725500,1)
(451400,4)
(3429400,2)
(10047000,1)
(2148700,1)
(6769000,1)
(10375600,1)
(9745300,1)
(6750000,1)
(2647300,1)
(1515400,15)
(6894100,2)
(2237800,4)
(7418800,1)
(1685600,4)
(11167600,1)
(1228300,41)
(80400,1)
(10705900,2)
(9709300,2)
(3910900,3)
(1290400,9)
(3918100,14)
(9464500,3)
(1161700,20)
(466800,4)
(3445600,1)
(10300800,1)
(10023600,1)
(10256800,4)
(5332900,1)
(1185100,1)
(3908200,2)
(9642700,1)
(1115800,4)
(534200,18)
(2612100,1)
(5035900,1)
(9632800,1)
(2787800,1)
(8885900,1)
(5919800,2)
(1343500,1)
(6547600,1)
(7017300,1)
(2693200,2)
(10848100,1)
(6512400,2)
(9106200,2)
(9296200,1)
(2479000,3)
(103000,1)
(5014200,1)
(9256600,1)
(6605100,1)
(6626800,4)
(8310600,2)
(5772100,1)
(5070000,1)
(7276600,1)
(1323700,2)
(10994900,1)
(10656400,2)
(1571200,2)
(59800,3)
(4267300,1)
(10211700,1)
(10084900,1)
(10710300,1)
(10385500,1)
(5965700,1)
(8739100,4)
(8043300,7)
(11017200,1)
(352400,2)
(8271000,5)
(8616700,1)
(1467800,1)
(7642900,5)
(9127900,1)
(8838100,8)
(11038900,1)
(10506000,1)
(3579800,37)
(2079400,1)
(3352900,4)
(2095600,110)
(10577200,1)
(9880300,1)
(10088500,2)
(419000,7)
(9672400,1)
(11033400,1)
(9262900,6)
(8573500,4)
(5579600,1)
(10480900,1)
(5376100,1)
(3128800,3)
(8666200,1)
(10391800,1)
(3409600,7)
(14700,4)
(158000,1)
(3059500,8)
(24600,74)
(1985900,1)
(9094600,4)
(565800,99)
(7577200,2)
(7068700,1)
(11147800,1)
(10796900,1)
(4534600,5)
(757500,1)
(6725800,2)
(4298900,1)
(4955900,3)
(1036600,35)
(508100,7)
(4693000,1)
(10187500,1)
(9369100,3)
(7692400,1)
(10126200,2)
(1353400,69)
(4049500,1)
(8729200,1)
(10329700,1)
(3570700,2)
(10765300,1)
(8988500,2)
(6913900,1)
(2325000,4)
(1786000,1)
(7730100,1)
(7349500,1)
(154400,213)
(9381700,1)
(6616900,44)
(5000700,1)
(10033500,1)
(10428700,6)
(10058800,2)
(2107200,6)
(9775000,1)
(6615000,18)
(10132500,4)
(10360200,1)
(10785100,1)
(10642900,2)
(9666100,1)
(10201800,2)
(10958900,1)
(9692200,1)
(9349300,1)
(2461900,10)
(1624300,1)
(1358900,6)
(5298800,1)
(10662700,1)
(9226900,1)
(7292800,2)
(2820000,11)
(9027000,3)
(9028900,1)
(11310600,1)
(9879500,1)
(2995700,3)
(6158200,4)
(4273600,3)
(9490600,2)
(892500,2)
(2085700,2)
(6775300,5)
(8715700,2)
(961800,1)
(1742800,1)
(5910700,2)
(128300,5)
(4079200,14)
(5415700,3)
(10719400,3)
(5914300,55)
(9438400,1)
(9854200,1)
(4979300,88)
(10795000,1)
(595500,1)
(10276600,1)
(10507900,1)
(11048800,1)
(6884200,1)
(1930900,3)
(8365600,1)
(1072600,6)
(89500,56)
(99400,371)
(1591000,7)
(9761500,7)
(2949800,1379)
(3202500,2)
(3206100,2)
(1303900,12)
(4861300,1)
(3315000,7)
(1726600,1)
(2341200,1)
(5886500,7)
(1006900,1)
(9300600,1)
(9236800,2)
(8903800,1)
(108500,10)
(9484300,2)
(10345900,1)
(3440100,1)
(8984900,1)
(3503100,2)
(5455300,3)
(4554400,1)
(8824600,1)
(9063000,1)
(9033300,1)
(2711100,52)
(11309800,1)
(9272800,12)
(539700,54)
(1815700,1)
(5944000,3)
(1525300,2)
(9958700,1)
(134600,31)
(10927300,1)
(6636700,5)
(301000,2)
(2950600,1)
(9162000,4)
(3085600,4)
(4404000,1)
(5950300,12)
(387600,10)
(9088300,1)
(10344000,1)
(8428600,1)
(3400500,6)
(3590500,3)
(559500,5)
(3574300,1)
(2202600,2)
(4133100,1)
(3107100,5)
(2959700,4)
(11013600,1)
(4712800,1)
(1592900,1)
(1141900,10)
(7403400,10)
(190400,26)
(2050500,7)
(6858100,1)
(1452400,10)
(1159000,183)
(124700,25)
(1446100,5)
(11152200,1)
(10902000,1)
(10478200,1)
(1026700,2)
(1307500,2)
(690900,1)
(6710400,1)
(10182000,1)
(9434800,1)
(9739000,3)
(247100,1)
(10007400,1)
(2293600,4)
(939300,6)
(9890200,22)
(5801800,4)
(4081900,4)
(1208500,28)
(9814600,1)
(4050300,1)
(4178200,1)
(11162100,1)
(4815400,1)
(10838200,1)
(10423200,1)
(10682500,1)
(140900,2)
(3396100,10)
(9523900,1)
(1477700,3)
(8403300,1)
(1203000,1)
(1830000,13)
(138200,1)
(9917200,1)
(10957000,1)
(11197300,1)
(8256700,1)
(3613900,2)
(4253800,1)
(10380000,1)
(1097900,9)
(1695500,4)
(919500,1)
(7755400,1)
(11088400,1)
(6542100,3)
(4985600,1)
(654900,2)
(8818300,4)
(10646500,1)
(9577000,1)
(1120200,1)
(11098300,1)
(9646300,1)
(8844400,5)
(8418700,1)
(5040300,3)
(9948800,1)
(10751800,1)
(6795100,3)
(283100,29)
(9193600,1)
(9662500,3)
(4024200,1)
(2677000,1)
(2881300,1)
(9741700,1)
(40800,5)
(9375400,2)
(4821700,6)
(1690000,1)
(3560800,1)
(9205200,1)
(10068700,1)
(3647200,2)
(674700,23)
(5866700,1)
(1313800,3)
(7781500,3)
(10172100,1)
(5030400,1)
(4805500,6)
(1426300,3)
(9084700,1)
(9043200,2)
(7399000,1)
(8830900,4)
(950000,15)
(326300,1)
(1383100,22)
(1776100,1)
(2351100,1)
(9652600,1)
(3404100,34)
(6506100,3)
(6577300,2)
(9319600,1)
(2960500,43)
(4999100,3)
(11027100,1)
(3020700,1)
(5930500,1)
(202000,1)
(529800,3)
(11116200,1)
(8749000,1)
(5835100,1)
(2362900,4)
(1918300,1)
(217400,75)
(357900,1)
(9601200,1)
(10859900,1)
(7344000,1)
(8292700,1)
(8710200,1)
(9682300,1)
(60600,853)
(160700,7)
(11137900,1)
(633200,7)
(965400,2)
(10709500,1)
(9567100,2)
(4722700,1)
(8324100,1)
(9038800,6)
(1561300,3)
(2471800,3)
(3700,198)
(2974000,1)
(6692500,1)
(9611100,1)
(3024300,1)
(5060100,1)
(5569700,1)
(4569800,2)
(95800,1)
(10889600,1)
(9187300,1)
(3237700,11)
(2034300,1)
(4108900,3)
(2059600,7)
(5742400,6)
(1042900,11)
(54300,281)
(11003700,1)
(10381900,1)
(2835400,2)
(1618000,3)
(6808600,1)
(11177500,1)
(3904600,1)
(4080000,3)
(5039500,3)
(2607700,1)
(10953400,1)
(1280500,37)
(1556900,1)
(4222200,2)
(8948900,1)
(3346600,1)
(5732500,4)
(1819300,8)
(2420400,1)
(5797400,1)
(4174600,1)
(8577100,1)
(8038900,1)
(8771500,1)
(9765100,2)
(10543900,1)
(9221400,1)
(9098200,1)
(4558000,2)
(10349500,1)
(11201700,1)
(11205300,1)
(3103500,1)
(5955800,1)
(2326900,1)
(195900,12)
(2871400,25)
(48000,1)
(2450100,1)
(2242200,1)
(3538300,1)
(10078600,1)
(11094700,1)
(8686000,1)
(85900,330)
(8745400,1)
(10308000,1)
(10884100,1)
(6785200,10)
(3550900,2)
(9838000,2)
(6557500,14)
(10803000,1)
(10310700,1)
(10484500,1)
(10587100,1)
(9058600,1)
(10854400,1)
(306500,4)
(4716400,1)
(5059300,6)
(9479900,1)
(6719500,1)
(1699100,8)
(2184700,1)
(5949500,1)
(10704000,2)
(1614400,85)
(8874100,10)
(783600,1)
(752000,15)
(9494200,1)
(7563700,2)
(8983000,1)
(9371800,1)
(4459000,1)
(10350300,1)
(8444800,1)
(9720000,1)
(1861600,14)
(1487600,3)
(1731000,5)
(7271100,1)
(678300,9)
(1670200,2)
(1432600,1)
(3508600,1)
(8563600,1)
(5831500,1)
(2706700,14)
(6516000,1)
(1462300,2)
(3376300,3)
(3914500,2)
(4461700,18)
(11102700,1)
(10537600,1)
(1457900,2)
(4168300,7)
(8360100,1)
(7116300,2)
(9310500,7)
(4301400,1)
(10890400,1)
(520700,1)
(3617500,12)
(9163900,1)
(7407000,1)
(11296300,1)
(4184500,5)
(7261200,2)
(1576700,2)
(10676200,1)
(11084800,1)
(7136100,1)
(7369300,1)
(4485100,1)
(1021200,1)
(10605000,1)
(4449100,1)
(6902100,1)
(10735600,1)
(8355700,1)
(4455400,1)
(4508500,1)
(4107000,4)
(5386000,1)
(4188100,5)
(8345800,1)
(2954200,1)
(10261200,1)
(951900,1)
(7152300,1)
(11251200,1)
(10235100,1)
(935700,2)
(5584000,1)
(11276500,1)
(10933600,1)
(1604500,6)
(9859700,1)
(10146000,1)
(10320600,1)
(4940500,2)
(11142300,1)
(3410400,6)
(2736400,1)
(7063200,4)
(8958800,1)
(2168500,20)
(4851400,1)
(2904700,1)
(4148500,1)
(4886600,1)
(1711200,2)
(9329500,2)
(727800,2)
(585600,1)
(8300700,1)
(7309900,12)
(985200,9)
(393900,1)
(6803100,3)
(9048700,1)
(9844300,1)
(5777600,1)
(10828300,1)
(3455500,5)
(1835500,24)
(11261100,1)
(9468100,1)
(4409500,53)
(9998300,2)
(8953300,2)
(10499900,1)
(199500,2)
(3311400,1)
(8860600,2)
(3716500,1)
(7088500,1)
(11023500,1)
(9889400,1)
(11235000,1)
(8601300,3)
(8304300,4)
(8626600,1)
(4736200,1)
(9424900,1)
(4440000,6)
(9786800,3)
(8296300,1)
(9314100,1)
(10309900,1)
(3495100,2)
(10517800,1)
(10271100,4)
(9874000,4)
(8381800,1)
(3929900,10)
(2568100,2)
(9830800,2)
(11078500,1)
(1092400,2)
(603500,32)
(8840800,2)
(1959800,14)
(2716600,6)
(4237600,2)
(991500,7)
(10286500,1)
(560300,130)
(8907400,1)
(1317400,71)
(10116300,1)
(9339400,1)
(8448400,1)
(6889700,1)
(3939800,1)
(3949700,1)
(1181500,10)
(5400300,1)
(7527700,1)
(9864100,5)
(6978800,1)
(1104000,1)
(10666300,1)
(2524900,1)
(4503000,4)
(9776900,1)
(2805700,1)
(4242000,1)
(8765200,1)
(882600,2)
(8808400,3)
(1151800,1)
(9201600,3)
(4726300,2)
(10094800,1)
(6522300,1)
(10844500,1)
(10370100,1)
(10814800,1)
(10894000,1)
(2485300,2)
(3633700,1)
(11300700,1)
(11074900,1)
(6597100,4)
(5045800,47)
(9593200,1)
(1596500,1)
(10209000,1)
(9923500,1)
(1736500,1)
(10112700,1)
(10389100,1)
(3356500,6)
(10692400,2)
(10672600,1)
(10761700,1)
(8454700,1)
(9781300,2)
(6739300,5)
(9282700,2)
(9304200,4)
(9616600,1)
(9454600,1)
(3896600,1)
(2766100,1)
(1234600,1)
(1875100,9)
(3985700,1)
(3990100,1)
(9588800,1)
(10304400,1)
(5549900,3)
(9715600,1)
(10512300,1)
(4574200,2)
(7729300,1)
(9391600,1)
(2623900,1)
(1928200,6)
(10330500,1)
(11221500,1)
(372200,1)
(1964200,1)
(6860800,1)
(4989200,16)
(1218400,2)
(8266600,1)
(294900,16)
(1110300,23)
(10903900,1)
(10407000,1)
(9266500,1)
(194000,15)
(10741900,1)
(8973100,1)
(9408700,1)
(7567300,3)
(10740000,1)
(7795000,1)
(1610800,16)
(1165300,1)
(6573700,3)
(9355600,1)
(4960300,3)
(9537400,4)
(11037000,1)
(4326700,8)
(10037100,1)
(2028000,2)
(9978500,1)
(1949900,2)
(2263900,3)
(7438600,3)
(1347100,4)
(9365500,2)
(10399000,1)
(1640500,24)
(1299500,6)
(9840700,1)
(8879600,4)
(6709600,2)
(1772500,1)
(5518300,1)
(377700,3)
(7884100,1)
(476700,17)
(7047000,1)
(2178400,16)
(5716300,2)
(5471500,2)
(1839100,16)
(7359400,1)
(258900,2482)
(2518600,3)
(9017100,3)
(10413300,2)
(9598700,1)
(1130100,1)
(3030600,2)
(684600,6)
(10340400,1)
(9023400,3)
(9834400,1)
(8106300,1)
(10157800,1)
(10858000,1)
(10152300,1)
(8246800,1)
(6759100,1)
(9413100,1)
(10998500,1)
(1849000,28)
(4198000,6)
(10083000,2)
(9606700,1)
(10241400,1)
(405500,5)
(9183700,2)
(4980100,2)
(4445500,7)
(9360000,8)
(3178300,1)
(4579700,3)
(900500,3)
(1706800,7)
(11073000,1)
(904100,13)
(10147900,1)
(213800,83)
(5534500,1)
(10983100,1)
(8775100,2)
(915900,1)
(1016800,15)
(2908300,1)
(10697900,1)
(10730100,1)
(4232100,3)
(8943400,4)
(10053300,1)
(11231400,1)
(6937300,3)
(1145500,1)
(9994700,1)
(613400,1)
(10834600,1)
(7380000,2)
(6879800,1)
(7840900,1)
(914000,2)
(356000,1)
(1820100,3)
(910400,1)
(2020800,1)
(3018000,1)
(4481500,1)
(1732900,11)
(2090100,4)
(4975700,1)
(11246800,1)
(9533800,2)
(1665800,3)
(7209000,1)
(10013700,1)
(4800000,1)
(5876600,4)
(9517600,1)
(9251100,1)
(1501900,21)
(8276500,1)
(9860500,1)
(2800200,2)
(9820900,1)
(1171600,1)
(5757800,2)
(5900800,2)
(8037000,1)
(10142400,2)
(8864200,30)
(70500,47)
(9261000,1)
(3091900,1)
(11157700,1)
(9705700,1)
(9007200,7)
(1619900,3)
(3158500,1)
(3019900,1)
(7395400,1)
(6583600,1)
(4441900,8)
(456900,19)
(486600,7)
(10864300,1)
(10818400,1)
(10907500,2)
(8272900,1)
(8375500,1)
(4495000,84)
(10395400,1)
(49900,1)
(5752300,1)
(3065800,13)
(8172000,1)
(3070200,3)
(9512100,1)
(4855000,1)
(896100,6)
(496500,1)
(1650400,2)
(1531600,1)
(10917400,1)
(10611300,2)
(2564500,1)
(10443000,1)
(7037100,6)
(10860700,1)
(10963300,1)
(5331000,2)
(8828200,1)
(9167500,3)
(6286600,1)
(11211600,1)
(2277400,1)
(550400,18)
(3461800,1)
(10246900,2)
(925800,8)
(2128900,1)
(2975900,1)
(7506000,1)
(4014300,2)
(11053200,1)
(2637400,5)
(9622900,2)
(6917500,1)
(2538400,3)
(10567300,1)
(7073100,1)
(1393000,8)
(554000,9)
(1109500,1)
(7058800,2)
(7621200,1)
(862800,8)
(1792300,1)
(10781500,1)
(5892800,1)
(7636600,7)
(9152100,4)
(11106300,1)
(1214800,1)
(9804700,3)
(9325900,1)
(9177400,2)
(10063200,1)
(3277300,4)
(2831800,1)
(6745600,1)
(10197400,1)
(10296400,1)
(9755200,1)
(9423000,1)
(4590400,1)
(7370100,1)
(10626700,1)
(1639700,1)
(4158400,6)
(8849900,14)
(929400,2)
(4405900,92)
(11007300,1)
(10365700,1)
(11172000,1)
(7953400,1)
(1679300,6)
(1950700,8)
(1979600,12)
(114800,2)
(549600,11)
(6700500,4)
(4900900,25)
(10686100,4)
(3386200,2)
(6907600,2)
(5613700,2)
(6587200,8)
(1388600,1)
(409100,2)
(9116100,5)
(10874200,1)
(10527700,1)
(3469000,15)
(6771700,7)
(243500,6)
(6751900,21)
(4970200,1)
(9385300,1)
(174200,1)
(7423200,1)
(9112500,12)
(10183900,1)
(2772400,4)
(10314300,1)
(8468200,1)
(10017300,1)
(4297000,1)
(9068500,1)
(9700200,1)
(4701000,1)
(4194400,85)
(8309800,1)
(3273700,1)
(930200,4)
(10205400,1)
(3184600,1)
(4934200,1)
(2999300,1)
(5194300,2)
(8791300,1)
(11236900,1)
(9292600,4)
(3861400,1)
(9480700,1)
(2425900,13)
(8320500,1)
(5362600,1)
(10824700,1)
(638700,1)
(10547500,3)
(8636500,4)
(11043300,1)
(6704100,13)
(8947000,2)
(6729400,3)
(9478000,2)
(10225200,1)
(2688800,1)
(10102800,1)
(7308000,1)
(4876700,1)
(1279700,1)
(3752500,1)
(7512300,2)
(7448500,1)
(3580600,1)
(10973200,1)
(10379200,1)
(10775200,1)
(10720200,1)
(4217800,3)
(4959500,16)
(10715800,2)
(7507900,1)
(8968700,1)
(4514800,4)
(2216100,2)
(6927400,1)
(3451900,3)
(9444700,1)
(4706500,7)
(10251300,1)
(5405800,2)
(5702800,1)
(9320400,1)
(9796700,1)
(2523000,5)
(9988400,2)
(3293500,3)
(9578900,1)
(1655900,3)
(9197200,1)
(10597000,3)
(10988600,1)
(6075400,1)
(10162200,1)
(1378700,1)
(5049400,2)
(6532200,2)
(940100,4)
(6814900,1)
(1630600,6)
(9157600,1)
(4831600,18)
(1357000,2)
(5607400,1)
(10616800,1)
(6765400,1)
(6912000,1)
(7330500,1)
(9324000,1)
(9808300,2)
(8755300,1)
(9937000,1)
(1660300,1)
(10215300,1)
(10745500,1)
(2865100,1)
(7998500,3)
(5081800,1)
(1056400,8)
(1505500,2)
(8998400,2)
(4528300,1)
(7048900,2)
(1535200,3)
(2008200,1)
(5288900,1)
(2445700,19)
(1011300,2)
(9885800,3)
(7988600,6)
(2721000,2)
(8676100,1)
(3392500,1)
(10043400,2)
(10696000,1)
(4085500,2)
(10943500,1)
(607100,1)
(569400,1)
(401900,32)
(2683300,2)
(11173900,1)
(1805800,2)
(10498000,1)
(2424000,16)
(10488100,1)
(9963100,1)
(7379200,1)
(6552000,7)
(1005000,10)
(6696100,1)
(975300,17)
(9636400,1)
(10631100,3)
(9973000,1)
(10433100,1)
(10593400,1)
(722300,3)
(6517900,2)
(10947100,1)
(7098400,4)
(4524700,1)
(4439200,1)
(3055900,13)
(2311500,1)
(8084800,1)
(10403400,1)
(5668700,4)
(4678700,12)
(6791500,2)
(9361900,3)
(3217900,1)
(524300,22)
(2439400,5)
(253400,5)
(2024400,2)
(8588900,1)
(7365700,2)
(1980400,7)
(3382600,2)
(4819000,1)
(382100,1)
(3123300,2)
(10759000,1)
(4908100,1)
(9507700,1)
(9241200,1)
(7314300,1)
(628800,33)
(1845400,1)
(10454800,3)
(10448500,2)
(4825300,1)
(2756200,2)
(1368800,3)
(10869800,1)
(11136000,1)
(9078400,1)
(6686200,3)
(8796800,1)
(5366200,1)
(9309700,1)
(9927100,5)
(949200,1)
(1264300,2)
(9147700,1)
(2839000,1)
(2262000,4)
(7324200,2)
(5410200,1)
(5736100,2)
(10583500,1)
(8334000,2)
(2409700,1)
(5050200,1)
(8870500,1)
(11292700,1)
(9418600,1)
(4627300,27)
(6537700,4)
(9460900,1)
(1800300,1)
(7443000,1)
(8890300,1)
(8895800,15)
(10464700,2)
(6631200,30)
(8261100,6)
(4099000,3)
(8335900,2)
(445100,65)
(3513000,16)
(4451800,3)
(1442500,1)
(3544600,3)
(421700,97)
(3459100,2)
(8329600,2)
(10334100,1)
(4044000,1)
(10749100,2)
(9933400,1)
(3762400,2)
(7112700,1)
(2829100,4)
(1954300,1)
(9719200,1)
(4793900,1)
(851000,19)
(9335800,1)
(11126100,1)
(7666300,2)
(4410300,5)
(1581100,65)
(9553600,1)
(1948000,38)
(10771600,1)
(9395200,2)
(2064000,1)
(2414100,1)
(787200,14)
(10122600,1)
(1155400,1)
(555900,3)
(10636600,2)
(3430200,1)
(6567400,1)
(1701300,8)
(4045900,101)
(8978600,1)
(7329700,1)
(9122400,4)
(7824700,1)
(8537500,2)
(9824500,4)
(1797800,1)
(10266700,2)
(10319800,1)
(1756300,4)
(9751600,3)
(9527500,1)
(9231300,5)
(7605000,2)
(1031100,3)
(4415800,56)
(2054100,1)
(7818400,1)
(10641000,1)
(9502200,1)
(10282900,1)
(8350200,1)
(9379000,1)
(3564400,1)
(10895900,1)
(8785000,31)
(11112600,2)
(10177600,2)
(1521700,6)
(2127000,3)
(1634200,1)
(9173800,9)
(7334100,1)
(9583300,4)
(4896500,6)
(7433100,1)
(10003800,3)
(6593500,1)
(9721900,1)
(10468300,1)
(8646400,1)
(5896400,1)
(9938900,1)
(11068600,1)
(8814700,18)
(9403200,1)
(1196900,1)
(643100,3)
(1891300,4)
(1944400,2)
(4702900,4)
(10438600,1)
(11314200,1)
(2481700,1)
(11256700,1)
(4190800,47)
(10324200,2)
(10359400,1)
(10808500,1)
(6781600,1)
(1472200,1)
(9003600,1)
(9126000,1)
(10418800,2)
(5595800,2)
(4000800,1)
(10490800,1)
(6553900,4)
(10729300,1)
(10532100,1)
(8848000,1)
(10106400,5)
(4643500,1)
(8913700,13)
(278700,1)
(6019600,1)
(945600,13)
(10167700,1)
(1960600,1)
(10573600,1)
(4683100,1)
(227300,26)
(8869700,2)
(8880400,1)
(6749200,24)
(599100,1)
(10840900,1)
(7167700,1)
(8937100,1)
(7413300,2)
(5336500,1)
(1195000,3)
(4892900,1)
(10993000,2)
(8611200,1)
(5882900,15)
(491000,1)
(10968800,1)
(8786900,30)
(7053300,1)
(7494400,1)
(223700,6)
(9142200,1)
(995100,3)
(4065700,1)
(11132400,1)
(5747900,1)
(1076200,1)
(10725700,1)
(5387900,1)
(8859800,1)
(9489800,1)
(2331300,1)
(9064900,10)
(1782400,2)
(11225100,1)
(5673100,10)
(415400,61)
(8593300,1)
(4950400,1)
(34500,14)
(959100,1)
(7286500,1)
(969000,3)
(9870400,2)
(9869600,1)
(237200,9)
(1422700,1)
(3232200,1)
(2153100,10)
(11122500,1)
(3004500,3)
(10913800,1)
(8933500,2)
(7791400,1)
(1908400,6)
(2366500,34)
(8923600,1)
(8804800,16)
(2089300,1)
(9839900,2)
(10281000,1)
(9984800,6)
(9710100,1)
(3995600,1)
(2069500,2)
(3475300,1)
(2103600,1)
(7943500,1)
(18300,15)
(10791400,1)
(4243900,5)
(10136100,6)
(7557400,1)
(10978700,1)
(5514700,1)
(3920800,1)
(5491300,1)
(10879700,1)
(7142400,4)
(9286300,10)
(2315100,7)
(9132300,1)
(9013500,1)
(2252100,2)
(435200,1)
(1373200,1)
(9340200,9)
(10193800,2)
(5475100,5)
(3050400,5)
(856500,3)
(9074800,3)
(1500000,29)
(11286400,1)
(1746400,1)
(1680100,2)
(3227800,1)
(9850600,1)
(8371900,1)
(4465300,2)
(1924600,2)
(10073100,1)
(2321400,3)
(9543700,1)
(8221500,1)
(1689200,6)
(2283700,1)
(2336800,3)
(591900,1)
(2273800,37)
(10563700,1)
(747600,2)
(288600,8)
(9903700,1)
(7542000,1)
(263300,84)
(1041000,7)
(1831900,2)
(9215100,22)
(2969600,19)
(7532100,1)
(2386300,1)
(10739200,1)
(455000,1)
(9895700,1)
(2782300,57)
(1649600,2)
(9735400,2)
(10601400,1)
(1825600,1)
(737700,1)
(1934500,3)
(6735700,2)
(9875900,1)
(9137800,5)
(5726200,1)
(10621200,4)
(4835200,4)
(2534800,2)
(9731800,1)
(7205400,2)
(2143200,1)
(6890500,2)
(9458200,1)
(1829200,3)
(8927200,5)
(9676000,1)
(9102600,2)
(4180900,2)
(9350100,1)
(3247600,3)
(10444900,1)
(6720300,1)
(7498000,1)
(1851700,8)
(3924400,1)
(8854300,1)
(2113500,85)
(4866800,13)
(159900,28)
(1238200,1)
(150800,1)
(1096000,5)
(9225000,4)
(10598900,1)
(7122600,4)
(10606900,1)
(6813000,11)
(8884000,1)
(9474400,1)
(5392300,1)
(2247700,14)
(9448300,2)
(10553800,1)
(9791200,1)
(10652800,1)
(648600,5)
(9330300,1)
(8543800,1)
(10937200,1)
(293000,61)
(618900,15)
(1586600,3)
(10474600,1)
(2821900,3)
(1989500,13)
(10292800,1)
(9053100,1)
(10542000,1)
(9697700,1)
(6933700,7)
(7517800,9)
(10369300,1)
(7745500,1)
(11271000,1)
(11266600,1)
(9557200,1)
(8314200,2)
(1492000,4)
(10880500,1)
(5805400,7)
(1086100,14)
(7522200,1)
(8963200,3)
(4613800,1)
(9656200,3)
(3471700,1)
(3190900,1)
(10355800,1)
(1100400,37)
(10899500,1)
(9276400,1)
(9943300,1)
(2633800,6)
(1629800,2)
(8994800,1)
(1511800,1)
(10221600,1)
(10755400,1)
(9428500,1)
(8781400,6)
(10458400,2)
(4010700,1)
(653000,24)
(2060400,2)
(2979500,1)
(2080200,4)
(8330400,1)
(4954000,4)
(6563800,8)
(3060300,1)
(3222300,7)
(7464700,1)
(9968600,1)
(8719300,1)
(9522000,1)
(4212300,12)
(10339600,1)
(3008100,21)
(9913600,1)
(6621300,1)
(11272900,1)
(8720100,1)
(11183800,1)
(9563500,3)
(3528400,1)
(2469100,1)
(9573400,1)
(2396200,17)
(2040600,5)
(11282800,1)
(1970500,21)
(3321300,1)
(8917300,1)
(1001400,5)
(6682600,1)
(1066300,1)
(9470800,1)
(11215200,1)
(10494400,1)
(3154900,2)
(1082500,2)
(1175200,4)
(11058700,1)
(10408900,1)
(1519000,4)
(69700,4)
(10522200,1)
(8899400,1)
