(8318100,1)
(9423300,2)
(1705200,2)
(9686200,3)
(1333900,1)
(9007500,14)
(6791800,2)
(9646600,6)
(9078700,1)
(9162300,3)
(10251600,1)
(6775600,1)
(1288000,19)
(1638100,2)
(80700,16)
(1456300,1)
(10022000,1)
(10498300,1)
(10818700,1)
(9330600,1)
(6808900,4)
(9192000,7)
(9537700,1)
(10359700,2)
(9755500,1)
(3386500,3)
(508400,164)
(1278100,2)
(10330800,1)
(10828600,1)
(584000,1)
(9453000,1)
(3024600,1)
(528200,6)
(3429700,3)
(9739300,1)
(3995900,2)
(8597200,3)
(10874500,1)
(8890600,2)
(8998700,1)
(9413400,2)
(9889700,1)
(4044300,1)
(9319900,1)
(6818800,1)
(9963400,1)
(8824900,15)
(1829500,13)
(3382900,6)
(9027300,1)
(8834800,2)
(7101200,2)
(8453100,1)
(4518700,2)
(3934600,1)
(1005300,1)
(10417200,2)
(10583800,1)
(3117300,1)
(5564500,1)
(6597400,1)
(1989800,2)
(4396300,2)
(10334400,1)
(1367200,7)
(8266900,10)
(3896900,1)
(9611400,1)
(3588100,1)
(5331300,1)
(9651000,1)
(9187600,1)
(10111100,1)
(2069800,1)
(8884300,1)
(8755600,2)
(10324500,1)
(3147000,5)
(10912200,1)
(2414400,2)
(8988800,1)
(8874400,3)
(8043600,1)
(2168800,1)
(5008200,2)
(3459400,1)
(1347400,8)
(1978000,12)
(1830300,1)
(9261300,13)
(10374000,1)
(10646800,2)
(9626800,3)
(6704400,7)
(678600,2)
(10271400,1)
(970100,1)
(643400,2)
(4080300,6)
(3851800,2)
(2361300,1)
(10122900,2)
(54600,20)
(1411200,1)
(4683400,27)
(11013900,1)
(6609000,4)
(8902200,1)
(38400,7)
(2469400,1)
(3341400,7)
(8775400,1)
(9868000,1)
(10229100,2)
(4420500,1)
(5809300,2)
(1233000,1)
(10557700,1)
(6686500,8)
(277100,2)
(4904800,1)
(1294300,4)
(5049700,3)
(10745800,1)
(8760000,1)
(113200,35)
(9636700,2)
(9880600,5)
(257300,7)
(981900,7)
(4133400,8)
(3044400,2)
(1203300,15)
(2107500,1)
(4820100,6)
(1195300,1)
(2616000,3)
(10012100,1)
(10937500,1)
(68100,3)
(5232300,9)
(4293700,1)
(1343800,1)
(8334300,1)
(9498100,1)
(10676500,1)
(44700,14)
(9235200,1)
(212200,1)
(1500300,2)
(4039900,10)
(11111000,1)
(301300,4)
(4980400,2)
(10823100,1)
(999000,1)
(617300,1)
(1879000,12)
(6813300,4)
(9255000,9)
(8360400,2)
(11314500,1)
(8615100,1)
(11068900,1)
(3469300,5)
(688500,1)
(306800,1)
(2319000,1)
(8907700,1)
(3392800,2)
(1776400,1)
(4896800,2)
(9814900,1)
(10172400,1)
(10735900,1)
(8889800,27)
(4663600,2)
(9692500,4)
(10878100,1)
(6823200,5)
(11167900,1)
(3381000,2)
(10291200,3)
(1302300,7)
(7779100,2)
(9245100,3)
(7083300,2)
(10927600,1)
(8330700,1)
(1487900,1)
(8933800,1)
(11276800,1)
(1746700,9)
(6874600,1)
(5819200,33)
(288900,130)
(10593700,1)
(9860800,1)
(5766100,1)
(3450300,1)
(7417200,3)
(6349900,3)
(7334400,2)
(8296600,2)
(2315400,1)
(7088800,1)
(3103800,1)
(7458700,1)
(934100,98)
(10484800,1)
(2439700,5)
(1189000,1)
(2697100,1)
(1179100,5)
(189900,124)
(287000,4)
(5949800,19)
(3133500,1)
(10255200,1)
(9266800,2)
(7838500,1)
(8759200,1)
(4470000,1)
(11271300,1)
(10265100,3)
(4117200,1)
(950300,4)
(7413600,1)
(1869100,1)
(1145800,2)
(1810500,2)
(11172300,1)
(1492300,83)
(10379500,1)
(10380300,1)
(4475500,2)
(2100,3)
(3311700,1)
(11187700,2)
(10700700,1)
(7823100,2)
(1796200,3)
(1634500,1)
(5974000,4)
(9083100,2)
(9759100,1)
(5409700,1)
(4949900,2)
(4020900,1)
(9943600,2)
(10275000,2)
(2705100,1)
(7156200,1)
(4523100,4)
(7676500,5)
(5865100,1)
(2489200,1)
(5891200,6)
(10917700,1)
(5999300,2)
(3153300,3)
(5721000,1)
(4188400,11)
(188000,2)
(4627600,1)
(1482400,2)
(6942000,2)
(9428800,1)
(9506100,1)
(10225500,1)
(7536000,1)
(6765700,1)
(2711400,1)
(5914600,1)
(405800,3)
(8771800,5)
(6692800,20)
(6645000,3)
(524600,7)
(6745900,2)
(237500,3)
(9890500,1)
(11073300,1)
(4267600,1)
(2460300,1)
(2776300,2)
(9771700,1)
(10779100,1)
(8621400,1)
(9116400,1)
(10078900,1)
(9818500,1)
(10611600,1)
(2829400,6)
(1809700,5)
(767700,1)
(10890700,1)
(8725900,3)
(11182200,1)
(64500,32)
(11210000,1)
(5491600,1)
(6888100,3)
(10088800,1)
(243800,3)
(4934500,1)
(550700,30)
(10053600,1)
(1674100,1)
(7239000,1)
(2762800,1)
(2050800,4)
(2964400,1)
(10261500,1)
(5777900,1)
(8828500,1)
(10370400,1)
(7498300,2)
(10729600,1)
(1804200,1)
(10448800,1)
(18600,12)
(48300,1)
(3366700,44)
(1782700,2)
(762200,1)
(9329800,1)
(10562100,1)
(10967200,1)
(2958100,1)
(3895000,1)
(9621300,1)
(7276900,1)
(2840100,385)
(1337500,1)
(8324400,8)
(1139500,5)
(1472500,14)
(7067100,1)
(4174900,1)
(10494700,2)
(9340500,1)
(7177900,1)
(5736400,2)
(3127200,1)
(5560900,2)
(9053400,1)
(397800,8)
(3885100,1)
(7073400,3)
(1185400,12)
(10146300,1)
(1175500,4)
(8047200,2)
(1353700,2)
(8791600,29)
(3198400,2)
(10516200,1)
(3924700,1)
(10889900,1)
(8880700,1)
(9913900,1)
(60900,1164)
(9017400,5)
(6059500,1)
(10547800,1)
(8676400,1)
(5455600,1)
(10176000,1)
(7219200,1)
(1539100,4)
(8310900,1)
(3085900,1)
(6605400,1)
(8438800,1)
(7775500,1)
(2242500,4)
(2325300,1)
(2321700,2)
(1015200,17)
(11007600,1)
(9824800,1)
(6770100,1)
(2183100,16)
(10922100,1)
(7395700,2)
(9003900,2)
(599400,1)
(10276900,1)
(2059900,16)
(10047300,1)
(7473000,1)
(9334200,2)
(1228600,29)
(10488400,1)
(6615300,2)
(11017500,1)
(8265000,1)
(8320800,1)
(7577500,1)
(194300,10)
(10339900,2)
(623600,2)
(11078800,1)
(2726800,1)
(1520100,1)
(9894100,1)
(8937400,94)
(1234900,8)
(1819600,5)
(1223100,19)
(6635100,3)
(10771900,1)
(9418900,2)
(11122800,1)
(5030700,1)
(1208800,8)
(8167900,1)
(985500,7)
(1679600,2)
(10899800,1)
(2598100,3)
(11235300,1)
(9370200,1)
(2341500,1)
(7093200,1)
(8745700,1)
(4776100,3)
(11310900,1)
(1660600,2)
(2950900,1)
(1171900,4)
(5762500,1)
(415700,1)
(10057200,2)
(702800,1)
(6907900,1)
(8729500,2)
(1604800,5)
(9719500,2)
(9874300,1)
(9615000,1)
(1859200,32)
(10023900,1)
(4079500,1)
(8593600,6)
(58200,41831)
(10943800,1)
(7494700,1)
(9106500,1)
(9344100,1)
(267200,10)
(9902100,1)
(10073400,1)
(11265000,1)
(9380100,1)
(6943900,2)
(1689500,3)
(11177800,1)
(4800300,10)
(9682600,1)
(9157900,1)
(9088600,1)
(10423500,1)
(10328100,1)
(10597300,1)
(5060400,2)
(10631400,5)
(5579900,1)
(8740200,1)
(1908700,10)
(10526100,1)
(8785300,1)
(3908500,2)
(8750100,1)
(10933900,1)
(11221800,1)
(4450200,2)
(11002100,1)
(8542200,1)
(7468600,1)
(5054100,28)
(627200,8)
(11063400,1)
(1624600,2)
(11229000,1)
(9355900,1)
(10403700,1)
(10369600,2)
(4706800,1)
(2089600,1)
(919800,2)
(1751100,1)
(4574500,2)
(10760100,2)
(10692700,1)
(2677300,5)
(9063300,1)
(78000,20)
(3564700,1)
(1476100,2)
(7506300,1)
(1383400,3)
(4372900,3)
(11027400,1)
(8854600,10)
(1800600,1)
(1792600,1)
(1849300,37)
(10682800,1)
(7271400,3)
(11023800,1)
(9152400,1)
(4040700,8)
(11156100,1)
(732500,1)
(8870800,1)
(7636900,1)
(2786200,4)
(3194800,1)
(10385800,1)
(11098600,1)
(7142700,2)
(589500,6)
(9988700,1)
(4797800,4)
(845000,2)
(10567600,1)
(2475700,5)
(9205500,2)
(5534800,2)
(8364000,2)
(7053600,4)
(1680400,3)
(1684000,3)
(10894300,1)
(1934800,2)
(2523300,2)
(569700,23)
(4969700,1)
(3543000,1)
(1736800,26)
(10750200,1)
(7116600,1)
(7597300,2)
(1432900,7)
(9527800,1)
(10755700,1)
(4075900,1)
(4851700,1)
(9221700,1)
(5222400,1)
(2518900,1)
(7729600,1)
(8636800,1)
(939600,592)
(3282000,1)
(10864600,1)
(10868200,1)
(5382700,1)
(4414200,1)
(1104300,2)
(154700,10)
(2766400,31)
(3495400,2)
(8403600,1)
(11047200,1)
(10017600,1)
(11012000,1)
(1264600,1)
(1041300,133)
(9912000,1)
(7122900,6)
(5752600,1)
(5746300,1)
(10453200,1)
(10210100,1)
(9231600,2)
(9993100,1)
(6799000,3)
(1515700,33)
(10231800,1)
(1820400,1)
(1968100,2)
(217700,128)
(8448700,4)
(170900,1)
(475100,1)
(7567600,2)
(6542400,2)
(10987000,1)
(6526200,5)
(5495200,13)
(6710700,3)
(10573900,1)
(11116500,1)
(2054400,2)
(9978800,1)
(10349800,2)
(7710600,9)
(9182100,3)
(4404300,21)
(5386300,1)
(1071000,4)
(7330800,1)
(2090400,1)
(2954500,1)
(10789000,1)
(10719700,1)
(10314600,3)
(9350400,2)
(9291000,3)
(7512600,3)
(9281100,3)
(2835700,1)
(7360500,1)
(9573700,9)
(4792300,2)
(3216300,1)
(8899700,3)
(1442800,2)
(6516300,1)
(2133600,1)
(6241800,1)
(8957200,8)
(3034500,3)
(2871700,23)
(9983200,2)
(5617600,1)
(1903200,1)
(2386600,2)
(10775500,1)
(2292000,1)
(8231700,1)
(6848500,1)
(3226200,1)
(9300900,1)
(2123700,3)
(3084000,1)
(9870700,1)
(11088700,1)
(11211900,1)
(2782600,5)
(4440300,1)
(11255100,1)
(7126500,1)
(5815600,2)
(3444000,1)
(6779200,2)
(4382800,2)
(5990200,2)
(1565200,1)
(930500,4)
(10197700,1)
(9403500,4)
(11037300,1)
(5479000,2)
(3257800,1)
(1924900,1)
(4184800,21)
(74400,161)
(9709600,1)
(2246100,12)
(6780000,3)
(3999500,1)
(5336800,1)
(7666600,1)
(10803300,1)
(10749400,1)
(6854800,2)
(4533000,1)
(4014600,2)
(3590800,1)
(9407100,1)
(8328000,2)
(138500,1)
(554300,1)
(3277600,1)
(2113800,5)
(11112900,1)
(1640800,4)
(10209300,1)
(382400,5)
(2459500,2)
(8423400,1)
(10651200,1)
(449000,2)
(2064300,1)
(3548500,1)
(3528700,2)
(4465600,1)
(10166100,1)
(658800,3)
(10106700,1)
(7781800,2)
(2881600,2)
(94200,5)
(2772700,1)
(7043700,1)
(10512600,1)
(11043600,1)
(1051200,1)
(11219100,1)
(10433400,1)
(8844700,1)
(8923900,1)
(11215500,1)
(10241700,1)
(7370400,1)
(8369500,3)
(439100,5)
(10813200,1)
(3400800,1)
(5404200,1)
(1011600,7)
(10506300,1)
(8417100,2)
(10714200,2)
(11106600,1)
(5400600,2)
(10215600,2)
(9813000,1)
(8947300,1)
(8308200,3)
(6271500,1)
(10007700,5)
(4107300,2)
(4938100,2)
(9102900,1)
(387900,9)
(1486000,1)
(9512400,2)
(9047100,1)
(7379500,3)
(10785400,1)
(4830000,2)
(9765400,2)
(10126500,2)
(9349600,1)
(4985900,37)
(8943700,8)
(9725800,1)
(514700,1)
(3499000,2)
(908000,20)
(5716600,2)
(1825900,2)
(5524900,1)
(10364100,1)
(10854700,1)
(3594400,3)
(1510200,98)
(9781600,1)
(9464800,1)
(10474900,1)
(722600,1)
(8106600,2)
(9101000,1)
(11286700,1)
(4216200,2)
(9666400,1)
(5831800,1)
(158300,1)
(10192200,1)
(673100,25)
(24900,2)
(590300,3)
(10605300,1)
(4711200,1)
(5960500,2)
(10932000,1)
(1462600,13)
(9967000,1)
(1938400,3)
(451700,2)
(9256900,2)
(2300000,2)
(4964200,1)
(10770000,1)
(8927500,1)
(11067000,1)
(9200000,1)
(1086400,1)
(7098700,9)
(481400,1)
(8795200,22)
(1299800,14)
(2657500,2)
(6795400,2)
(9438700,1)
(10858300,1)
(1238500,67)
(10063500,1)
(8375800,4)
(5970400,2)
(1669700,1)
(10724100,2)
(10672900,1)
(7889900,1)
(5742700,1)
(9448600,1)
(6884500,1)
(9454900,5)
(3143400,1)
(2990500,1)
(9522300,1)
(8427000,10)
(11200100,1)
(9957100,2)
(9112800,4)
(9927400,1)
(2366800,2)
(2869000,3)
(5064000,5)
(3489100,2)
(9304500,2)
(1497800,4)
(10641300,1)
(683000,4)
(3578200,2)
(8344200,1)
(4311600,1)
(6932100,2)
(1046800,3)
(2647600,3)
(3408000,3)
(10973500,2)
(585900,15)
(9923800,1)
(637100,8)
(544400,3)
(298800,1)
(1327600,5)
(7291200,6)
(128600,18)
(7720500,1)
(1066600,1)
(4930900,1)
(7364100,1)
(435500,32)
(9002000,4)
(1756600,69)
(10318200,1)
(9156000,1)
(9490900,2)
(8552100,1)
(9320700,2)
(293300,118)
(5366500,3)
(9211800,1)
(8917600,1)
(3460200,1)
(5732800,1)
(3090300,1)
(9917500,3)
(2434200,1)
(1664200,2)
(6714300,1)
(10002200,1)
(1092700,1)
(9359500,1)
(9563800,1)
(10177900,1)
(2924800,1)
(7526100,2)
(233900,2)
(2622300,1)
(7880800,1)
(9710400,1)
(1701600,1)
(11251500,1)
(9858100,1)
(8963500,1)
(1918600,1)
(979200,5)
(9769000,2)
(4024500,1)
(8922000,1)
(6522600,2)
(4979600,1)
(2960800,16)
(9662800,1)
(6583900,1)
(10286800,1)
(7593700,1)
(2137200,12)
(1421100,30)
(3445900,1)
(2627800,2)
(6785500,4)
(8329900,27)
(253700,8)
(9577300,1)
(8978900,1)
(2074200,2)
(1913100,1)
(5341200,1)
(9136200,10)
(10350600,1)
(2517000,56)
(9033600,2)
(8666500,1)
(3089500,9)
(4449400,4)
(9547600,2)
(9729400,3)
(1944700,1)
(1426600,3)
(7136400,1)
(783900,1)
(9567400,1)
(6759400,5)
(8973400,1)
(3513300,1)
(8781700,1)
(980000,4)
(1519300,1)
(1505800,67)
(10791700,1)
(8468500,1)
(11245200,1)
(7037400,1)
(9751900,1)
(1591300,18)
(1545400,1)
(11205600,1)
(8651100,3)
(5964100,1)
(1731300,2)
(7943800,2)
(2277700,1)
(560600,1110)
(9838300,1)
(10739500,1)
(4716700,1)
(6833100,1)
(9583600,1)
(4252200,1)
(11152500,1)
(9122700,17)
(603800,4)
(9933700,1)
(2201000,1)
(6562200,2)
(2470200,2)
(2301900,1)
(10572000,1)
(491300,1)
(2419900,1)
(2820300,8)
(1948300,1)
(6912300,1)
(10033800,2)
(9023700,1)
(1772800,1)
(1561600,8)
(8779000,1)
(8261400,1)
(1446400,10)
(9379300,1)
(10661100,1)
(10390200,6)
(4752700,44)
(10182300,8)
(6709900,5)
(9094900,3)
(9142500,1)
(3148900,3)
(9715900,1)
(4534900,1)
(1525600,1)
(1072900,3)
(10043700,1)
(7953700,2)
(6399400,1)
(9973300,1)
(1762900,1)
(10781800,1)
(2252400,1)
(1119700,1)
(90600,2)
(10625100,1)
(10152600,1)
(10077000,1)
(2485600,1)
(4386400,3)
(9391900,1)
(7443300,1)
(11136300,1)
(6890800,1)
(4839100,2)
(8977000,6)
(2356900,1)
(4819300,1)
(10522500,1)
(9552000,1)
(199800,16)
(5554600,1)
(698400,13)
(4325100,1)
(2158900,1)
(2206500,18)
(1928500,6)
(9714000,1)
(7423500,1)
(10577500,5)
(11225400,1)
(3439600,1)
(430000,1)
(9968900,1)
(144800,66)
(6760200,9)
(273500,1960)
(11261400,1)
(2143500,4)
(3173100,1)
(5419600,1)
(10220000,1)
(5362900,1)
(10308300,2)
(10463100,1)
(965700,2)
(4508800,3)
(3038100,2)
(5835400,2)
(1980700,5)
(9389200,1)
(8304600,1)
(10502700,1)
(3746500,1)
(2465800,23)
(1530000,430)
(2376700,1)
(4277500,1)
(2558500,2)
(4787900,4)
(9395500,4)
(1149400,2)
(8848300,5)
(9399100,3)
(9696100,1)
(4528600,1)
(2617900,1)
(10740300,1)
(5518600,1)
(5940700,1)
(3049900,3)
(7132800,1)
(3990400,1)
(2040900,1)
(1398800,6)
(9037200,1)
(420100,8)
(4178500,1)
(1979900,11)
(3455800,2)
(10360500,1)
(1431000,9)
(3361200,1)
(9587200,1)
(2673700,10)
(4960600,1)
(9146100,1)
(2612400,1)
(3267700,1)
(9251400,12)
(633500,1)
(8686300,1)
(10478500,2)
(3974200,1)
(4688900,4)
(6631500,1)
(9241500,7)
(9354000,1)
(1165600,3)
(9484600,1)
(3657400,1)
(3508900,5)
(1555300,4)
(5979500,2)
(1191700,1)
(2034600,2)
(10532400,1)
(9375700,1)
(2449600,1)
(3409900,2)
(1061100,40)
(10696300,1)
(5459200,18)
(10552200,1)
(4049800,1)
(9058900,2)
(9443100,1)
(9761800,1)
(10720500,1)
(9605100,1)
(3356800,12)
(1001700,2)
(4815700,1)
(11132700,1)
(5589800,1)
(9700500,1)
(10136400,1)
(9314400,1)
(10833000,1)
(9616900,1)
(4865200,5)
(346400,1)
(2810400,1)
(10587400,1)
(564200,28)
(10734000,1)
(4439500,1)
(4242300,1)
(2450400,23)
(3212700,1)
(9998600,1)
(1960900,2)
(6902400,6)
(8027400,1)
(3123600,1)
(352700,3)
(2903100,21)
(8314500,1)
(7359700,1)
(909900,4)
(11057100,2)
(11197600,1)
(431900,4)
(2564800,1)
(10067100,1)
(10239000,1)
(3351300,1)
(10407300,1)
(991800,3)
(3331500,1)
(3060600,1)
(892800,3)
(11231700,1)
(1875400,3)
(10686400,1)
(9553900,15)
(10838500,1)
(8967100,1)
(10116600,1)
(10907800,2)
(6582000,6)
(7354200,2)
(9172200,1)
(6708000,4)
(6864700,1)
(841400,16)
(7318200,1)
(9318000,1)
(9201900,1)
(9899600,2)
(5701200,1)
(6807000,2)
(1984300,1)
(9730200,1)
(5346700,1)
(409400,1)
(1357300,6)
(5568100,1)
(9557500,1)
(10187800,1)
(6899900,5)
(2968000,3)
(9167800,1)
(2999600,2)
(10344300,1)
(5886800,1)
(742400,3)
(10536000,1)
(5361000,1)
(9013800,1)
(8765500,25)
(3074100,12)
(10338000,1)
(8818600,1)
(9502500,5)
(1741200,1)
(3335100,6)
(1861900,1)
(7182300,1)
(2117400,14)
(11033700,1)
(4434000,1)
(8692600,1)
(1814100,1)
(2391000,8)
(6937600,2)
(9292900,2)
(10709800,1)
(7350600,1)
(4538500,1)
(5508700,1)
(9225300,1)
(663200,1)
(1958200,1)
(6532500,2)
(1317700,3)
(2653900,1)
(10235400,1)
(3558400,1)
(3938200,2)
(5726500,4)
(8464900,1)
(9324300,1)
(4495300,3)
(10636900,1)
(9517900,2)
(1670500,1)
(3030900,2)
(10759300,1)
(3491800,28)
(5782300,7)
(10037400,1)
(746000,19)
(6729700,25)
(8894200,9)
(9795100,1)
(8838400,1)
(4588000,1)
(3178600,1)
(9542100,1)
(6803400,1)
(10844800,1)
(8769100,5)
(2070600,6)
(10427100,1)
(6601800,1)
(10884400,1)
(10375900,1)
(11241600,1)
(7735900,1)
(9844600,1)
(7281300,1)
(9209100,1)
(3183000,1)
(9308100,3)
(6734100,8)
(222100,26)
(8858200,1)
(1100700,1)
(6755800,2)
(5980300,1)
(579600,5)
(7385800,2)
(9828400,1)
(4970500,1)
(648900,11)
(9854500,1)
(8098600,1)
(9947200,3)
(4212600,1)
(7692700,12)
(7433400,2)
(1581400,4)
(9310800,4)
(10221900,1)
(9641100,1)
(3004800,5)
(3262200,3)
(3287500,1)
(11166000,1)
(10438900,1)
(7106700,4)
(11296600,1)
(7818700,1)
(10880800,2)
(1466200,1)
(5776000,1)
(9219000,1)
(2855500,1)
(9864400,2)
(10621500,1)
(7374000,1)
(1614700,1)
(10354200,1)
(2424300,4)
(5594200,1)
(3928300,1)
(653300,131)
(2060700,1)
(7261500,1)
(6720600,4)
(1170000,3)
(10542300,4)
(2331600,1)
(10132800,1)
(11142600,1)
(9937300,2)
(7448800,1)
(7255200,2)
(9907600,1)
(6894400,2)
(1786300,2)
(133000,8)
(1891600,3)
(924200,4)
(1416700,12)
(3396400,1)
(9098500,2)
(11308200,1)
(11192100,1)
(2418000,22)
(9631200,1)
(3410700,5)
(8860900,2)
(9068800,18)
(10704300,1)
(9720300,3)
(5513100,38)
(11304600,1)
(202300,17)
(9791500,2)
(6750300,1)
(9750000,1)
(1845700,6)
(3346900,1)
(445400,139)
(2499100,2)
(3070500,1)
(10389400,1)
(6060300,1)
(10615200,1)
(6536100,16)
(5010900,4)
(5028000,1)
(8912100,1)
(227600,9)
(3440400,1)
(10983400,1)
(9474700,1)
(1850100,110)
(9656500,1)
(9672700,5)
(5896700,1)
(1388900,1)
(1761000,1)
(6488500,1)
(10953700,2)
(607400,1)
(3301800,1)
(70800,17)
(2792500,1)
(3184900,1)
(9652900,1)
(6646900,4)
(9869900,1)
(9390000,1)
(1509400,20)
(8983300,1)
(4861600,9)
(4113600,2)
(5944300,1)
(23000,9)
(9286600,1)
(9879800,2)
(6719800,1)
(6024300,1)
(8803200,1)
(752300,6)
(429200,59)
(10988900,1)
(10340700,1)
(9848200,3)
(8245200,2)
(7275000,1)
(10281300,2)
(866700,1)
(134900,158)
(8365900,1)
(4273900,1)
(4173000,1)
(8033700,1)
(9369400,8)
(10304700,1)
(9494500,1)
(10957300,1)
(8611500,1)
(8696200,1)
(3481900,7)
(11281200,1)
(2272200,3)
(10635000,1)
(10765600,1)
(9458500,3)
(5039800,1)
(9834700,3)
(2814000,3)
(3252300,1)
(7740300,1)
(2153400,3)
(896400,1)
(1644400,3)
(9745600,1)
(6843000,4)
(11266900,1)
(455300,1)
(5590600,1)
(9516000,2)
(2606100,1)
(9953500,2)
(4410600,134)
(6587500,6)
(11162400,1)
(5950600,8)
(10156200,1)
(846900,8)
(6906000,1)
(1531900,22)
(5356600,1)
(955800,2)
(1159300,2)
(1401300,1)
(13100,11611)
(99700,1)
(9043500,22)
(2127300,103)
(10093200,3)
(9850900,2)
(9478300,3)
(2602500,1)
(10205700,1)
(2495500,5)
(10437000,1)
(7957300,1)
(5029900,1)
(2420700,3)
(10121000,1)
(9433200,1)
(9808600,1)
(10671000,2)
(7324500,1)
(10710600,1)
(3272100,8)
(8823000,1)
(3544900,2)
(7390200,1)
(9488200,1)
(103300,22)
(9468400,1)
(2400900,1)
(1140300,1)
(7890700,6)
(1150200,14)
(4810200,1)
(8993200,1)
(376100,4)
(3376600,4)
(1575100,1)
(1865500,2)
(2392900,1)
(10601700,10)
(2355000,3)
(9360300,1)
(2102000,38)
(6724200,1)
(4989500,9)
(4070400,2)
(4247800,1)
(1082800,3)
(613700,2)
(4194700,3)
(5792200,4)
(9271200,2)
(9735700,1)
(11126400,1)
(8340600,2)
(7600,13)
(10769200,1)
(8813100,1)
(1387000,11)
(9215400,1)
(10458700,1)
(4845400,1)
(10413600,1)
(6621600,1)
(8879900,1)
(2554900,1)
(10947400,1)
(9093000,4)
(3206400,1)
(8251500,1)
(3480000,4)
(11093100,1)
(10963600,1)
(5475400,3)
(1213200,1)
(10888000,1)
(10027500,1)
(4513200,1)
(7484800,1)
(485000,73)
(1630900,1)
(3475600,1)
(6577600,1)
(1628200,1)
(2804100,2)
(534500,23)
(1586900,7)
(9775300,1)
(10870900,1)
(2103900,7)
(2345100,6)
(4158700,3)
(3554800,1)
(7438900,2)
(2491900,4)
(11209200,1)
(4123500,6)
(2396500,35)
(9073200,1)
(386000,6)
(6506400,2)
(7542300,1)
(8276800,1)
(2058000,1)
(8808700,6)
(1824000,1)
(10902300,2)
(9365800,1)
(2028300,1)
(2429800,1)
(8359600,1)
(10098700,1)
(4445800,2)
(10473000,1)
(4974100,1)
(7328100,1)
(3414300,2)
(10200200,1)
(1840200,2)
(2256000,10)
(7537900,1)
(5772400,1)
(4999400,1)
(7813200,2)
(6868300,2)
(6769300,1)
(3804000,1)
(4825600,2)
(2979800,7)
(8349700,1)
(3470100,1)
(8878000,2)
(10245300,1)
(1535500,6)
(4849000,1)
(7320900,1)
(7615200,1)
(736100,17)
(3113700,12)
(5985800,2)
(5861500,2)
(8626900,1)
(5178400,1)
(8646700,1)
(1322100,8)
(7730400,1)
(9740100,2)
(3958000,3)
(1725000,17)
(904400,18)
(1036900,1)
(2716900,1)
(2528800,1)
(10834900,1)
(4503300,7)
(9276700,1)
(3523200,1)
(10808800,1)
(9132600,4)
(8864500,9)
(10219200,1)
(9593500,1)
(5934400,3)
(8537800,1)
(8868100,1)
(1974400,1)
(9749200,1)
(6625200,9)
(10998800,1)
(9296500,15)
(10320900,1)
(1571500,8)
(3479200,1)
(9193900,1)
(11146200,1)
(2440500,2)
(190700,1)
(5904700,10)
(1290700,1)
(11083200,1)
(9532200,1)
(11053500,1)
(8587300,1)
(3236100,4)
(929700,1)
(8271300,1)
(4198300,17)
(9057000,1)
(1726900,1)
(747900,2)
(2188600,4)
(9676300,1)
(7047300,1)
(1529200,75)
(10656700,1)
(3107400,1)
(1035000,4)
(10101200,1)
(7369600,2)
(118700,9)
(10795300,1)
(9197500,1)
(10730400,1)
(9704100,1)
(10162500,2)
(9177700,1)
(3008400,42)
(8339800,1)
(6473100,3)
(7552200,1)
(9601500,2)
(4944400,1)
(3434100,5)
(10848400,1)
(8567500,1)
(8953600,14)
(9417000,1)
(6572100,1)
(11101100,1)
(1659800,4)
(6512700,1)
(2663800,1)
(1585000,6)
(9884200,1)
(3095800,1)
(959400,5)
(2095900,7)
(8625000,2)
(548000,30)
(4726600,1)
(9597100,2)
(4153200,3)
(7557700,1)
(10083300,1)
(2282100,1)
(1860000,2)
(34800,12)
(10399300,2)
(9339700,1)
(10296700,1)
(10993300,1)
(4954300,7)
(9126300,9)
(3465700,1)
(10666600,1)
(4138900,1)
(10395700,1)
(10977100,1)
(1551700,1)
(2311800,6)
(3580900,14)
(2637700,3)
(3222600,1)
(2974300,3)
(9803100,2)
(9785200,1)
(10468600,1)
(11291100,1)
(9385600,1)
(28500,11)
(10443300,1)
(4732900,4)
(1393300,5)
(2262300,2)
