(256400,2)
(7511700,1)
(735200,42)
(10624200,1)
(3850900,2)
(2132700,1)
(2142600,5)
(11022900,1)
(6794500,1)
(3167800,1)
(395000,8)
(1059400,2)
(616400,43)
(3156000,4)
(7733100,1)
(11036400,1)
(7432500,1)
(9911100,1)
(10248000,1)
(5749000,2)
(10604400,1)
(11204700,1)
(9671800,1)
(3488200,5)
(4167700,1)
(1704300,1672)
(6723300,9)
(454400,93)
(10509000,1)
(2791600,3)
(3057000,79)
(8348800,2)
(8343300,1)
(9893200,2)
(1435600,1)
(9659200,1)
(9016500,1)
(9807700,1)
(751400,3)
(9572800,1)
(6685600,10)
(8790700,31)
(8936500,3)
(4715800,1)
(9001100,1)
(2656600,1)
(8768200,6)
(396900,1)
(9249700,1)
(2498200,1)
(4474600,1)
(7087900,2)
(9239800,3)
(403000,1)
(11181300,1)
(4869800,7)
(484100,10)
(3359500,28)
(9265900,2)
(7509000,2)
(9625900,1)
(3276700,2)
(1089100,1)
(7406400,2)
(9734800,1)
(2641200,2)
(8718700,1)
(10279600,1)
(381500,1)
(2101100,2)
(8374900,1)
(1440000,4)
(9635800,1)
(646100,1)
(11175000,1)
(8867200,19)
(4636600,4)
(2043600,10)
(4003800,1)
(10230900,1)
(9145200,1)
(9614100,1)
(879300,38)
(1311300,88)
(10082400,1)
(3369400,2)
(9402600,2)
(9551100,1)
(4808500,2)
(10129200,4)
(2027400,2)
(3098500,8)
(8635900,1)
(1200,36)
(10110200,1)
(9115500,2)
(8353200,2)
(1237600,1)
(107900,430)
(7446000,1)
(1382500,12)
(9982300,1)
(1485100,18)
(9556600,2)
(3281100,1)
(3458500,1)
(9067900,1)
(10259800,1)
(8774500,17)
(2007600,1)
(9691600,7)
(2478400,1)
(10608000,1)
(3088600,1)
(10659400,1)
(11196700,1)
(6313800,1)
(2779000,2)
(7426200,1)
(11011100,1)
(1050300,1)
(9867100,1)
(3116400,1)
(2621400,11)
(2078800,3)
(1907800,2)
(4532100,2)
(2433300,1)
(4899500,3)
(8888900,1)
(11260500,1)
(11139000,1)
(8402700,1)
(7032900,2)
(4740000,1)
(8689000,1)
(594900,5)
(719000,2)
(8155200,1)
(1647100,1)
(11062500,1)
(1356400,13)
(10016700,1)
(2423400,3)
(1420200,1)
(9275800,2)
(2844700,1)
(2266900,1)
(10566700,1)
(2093100,5)
(10669300,2)
(9026400,2)
(3593500,1)
(10388500,2)
(11186800,1)
(1627300,4)
(6806100,2)
(10812300,1)
(10952800,1)
(1419400,3)
(2359600,73)
(2324400,1)
(9358600,4)
(8551200,2)
(3256900,1)
(9208200,1)
(923300,1)
(1899800,1)
(6505500,1)
(8784400,1)
(1700700,4)
(3532200,1)
(10066200,1)
(6608100,1)
(5884000,1)
(1014300,1)
(1755700,15)
(7691800,1)
(10447900,1)
(9936400,1)
(10926700,1)
(9619600,1)
(11240700,1)
(10115700,1)
(10290300,1)
(7269700,3)
(9962500,1)
(6586600,2)
(517400,51)
(7036500,1)
(10728700,2)
(2537800,1)
(5771500,1)
(10586500,1)
(11161500,1)
(9364900,1)
(875700,1)
(3917500,1)
(7610700,1)
(10754800,1)
(5488000,1)
(6689200,1)
(1714200,2)
(10680000,1)
(2057100,1)
(9374800,1)
(262700,4)
(968400,12)
(4068700,1)
(10036500,4)
(7358800,2)
(3177700,1)
(4512300,1)
(11016600,1)
(1242000,1)
(3390000,11)
(67200,56)
(4864300,1)
(11001200,1)
(1503000,139)
(11224500,1)
(8230800,1)
(948600,1)
(928800,10)
(1791700,1)
(2899700,1)
(5804800,2)
(4543900,1)
(187100,5)
(8576500,5)
(8976100,2)
(3370200,2)
(889200,11)
(10105800,1)
(10155300,1)
(9724900,1)
(9921000,1)
(3349600,2)
(10863700,1)
(5973100,1)
(10806000,1)
(2464900,1)
(9620400,1)
(132100,4)
(9780700,1)
(5739100,3)
(73500,8)
(11121900,1)
(7452300,1)
(10482000,1)
(4895900,1)
(9675400,1)
(1004400,1)
(10695400,1)
(1441900,1)
(11021000,1)
(2775400,1)
(7582900,2)
(8472000,1)
(11087800,1)
(3296500,19)
(2166000,2)
(127700,13)
(10026600,4)
(9744700,1)
(4988600,1)
(10139100,1)
(3399100,2)
(10748500,1)
(5058700,5)
(10640400,1)
(11131800,1)
(3340500,1)
(1227700,56)
(6718900,1)
(5350200,5)
(895500,12)
(3058900,7)
(9097600,2)
(907100,17)
(4696000,1)
(7457800,1)
(792900,5)
(460700,1)
(10535100,1)
(9432300,1)
(701900,9)
(8802300,1)
(2291100,1)
(1346500,3)
(9230700,2)
(5464600,33)
(3286600,8)
(8274000,1)
(8873500,4)
(10992400,1)
(1745800,1)
(7139100,1)
(8931000,2)
(9906700,1)
(11077900,1)
(2710500,8)
(1305000,288)
(7373100,1)
(6618000,3)
(12200,129)
(1496900,21)
(9250500,2)
(3998600,1)
(8898800,6)
(9259600,16)
(4183900,14)
(6822300,11)
(4407000,3)
(9333300,1)
(6733200,1)
(418400,3)
(5903800,1)
(1643500,1)
(741500,1)
(9521400,1)
(5282800,1)
(9501600,1)
(1963600,1)
(8046300,3)
(1602000,10)
(10373100,1)
(10546900,1)
(2116500,1)
(2704200,1)
(4804900,6)
(5470900,2)
(9987800,3)
(1548100,1)
(8946400,11)
(9056100,2)
(890000,83)
(8962600,1)
(10798000,1)
(153800,10)
(2314500,6)
(1884400,1)
(1459000,9)
(1164700,2)
(9799700,1)
(9463900,1)
(5616700,3)
(9679000,1)
(8932900,2)
(10571100,1)
(7893400,1)
(2858200,1)
(10582900,1)
(10218300,1)
(5330400,28)
(2023800,2)
(9837400,1)
(10208400,2)
(1668800,4)
(8770900,72)
(5013600,2)
(10581000,1)
(10347000,1)
(10610700,1)
(5890300,1)
(2870800,1)
(6743100,1)
(3417000,1)
(6941100,2)
(11082300,1)
(9264000,1)
(2522400,26)
(1653400,6)
(8764600,3)
(2526000,85)
(11220900,1)
(9046200,1)
(10675600,2)
(10921200,1)
(10436100,2)
(2330700,1)
(5761600,2)
(9639400,1)
(10196800,1)
(8307300,1)
(4142400,3)
(1848400,115)
(9218100,2)
(711800,2)
(10260600,1)
(10100300,1)
(9022800,2)
(1734000,6)
(9119100,1)
(4947100,3)
(8592700,4)
(9214500,3)
(6926800,1)
(8572900,1)
(6798100,2)
(10119300,1)
(9416100,1)
(11214600,1)
(11066100,1)
(8863600,1)
(10185000,2)
(3884200,17)
(786600,2)
(5494300,1)
(10707000,1)
(157400,8)
(1075600,1)
(6690000,1)
(7042800,1)
(6619900,1)
(4448500,1)
(8566600,1)
(9972400,2)
(10406400,1)
(8556700,5)
(9105600,2)
(3385600,4)
(1342900,1)
(1449100,18)
(272600,2)
(4132500,1)
(9661900,1)
(10483900,1)
(8596300,1)
(9447700,3)
(9779900,2)
(5385400,1)
(9228000,2)
(11119200,1)
(2296600,1)
(6596500,1)
(9368500,1)
(1451800,2)
(341900,2)
(943100,1)
(9328900,5)
(4245000,1)
(3033600,3)
(10056300,1)
(440900,11)
(9165000,1)
(8778100,5)
(990900,2)
(9363000,1)
(10670100,1)
(8685400,1)
(9111900,1)
(2344200,16)
(4998500,2)
(9669100,2)
(9660000,1)
(4641000,1)
(1283500,6)
(9609700,1)
(5474500,7)
(10214700,1)
(9348700,1)
(9012900,2)
(3433200,4)
(7250700,1)
(8317200,2)
(3751900,1)
(1770000,17)
(1070100,5)
(4078600,1)
(2874400,1)
(5324100,1)
(1376200,1)
(10946500,1)
(6566800,2)
(6812400,3)
(1750200,2)
(9794200,1)
(10398400,1)
(2364000,45)
(6873700,12)
(3126300,1)
(9384700,2)
(2385700,5)
(11141700,1)
(7280400,2)
(10120100,2)
(1184500,1)
(10877200,1)
(8926600,9)
(2112900,5)
(2813100,1)
(4719400,1)
(5272900,1)
(2136300,2)
(7447900,1)
(47400,1)
(2818600,7)
(2427000,6)
(4973200,4)
(7109400,6)
(7062600,6)
(8546800,2)
(7462200,1)
(8843800,1)
(7120100,2)
(3453000,24)
(11208300,1)
(6561300,11)
(9812100,1)
(4796900,3)
(5745400,4)
(4850800,1)
(8780800,2)
(4126200,5)
(1558000,1)
(10416300,1)
(11097700,1)
(4791400,2)
(177200,2)
(9191100,7)
(1471600,9)
(4844500,1)
(8363100,2)
(2605200,2)
(9790600,1)
(3172200,118)
(656000,27)
(3389200,29)
(2646700,5)
(4889600,3)
(10011200,1)
(9042600,1)
(1579700,1)
(4522200,21)
(9823900,1)
(7442400,2)
(8260500,1)
(9630300,1)
(9343200,1)
(1199900,16)
(8240700,1)
(10254300,2)
(9655600,3)
(10764700,1)
(7754800,1)
(10837600,1)
(117800,104)
(954900,1)
(4209000,102)
(3360300,9)
(9378400,1)
(1902300,4)
(7798000,1)
(10472100,1)
(2340600,44)
(3308100,1)
(9082200,2)
(9270300,1)
(9406200,2)
(3552000,12)
(978300,10)
(1202400,55445)
(1465300,3)
(7141800,1)
(10141800,1)
(1410300,1)
(10250700,2)
(7384900,2)
(1206000,1)
(5573500,18)
(9526900,1)
(6936700,78)
(4225200,1)
(9883300,1)
(1710600,4)
(9129000,1)
(7131900,3)
(11279500,1)
(3146100,2)
(8022900,2)
(9006600,2)
(11026500,1)
(1813200,6)
(4182000,2)
(9738400,2)
(9922900,1)
(490400,1)
(9398200,1)
(7472100,2)
(9878900,1)
(593000,5)
(7665700,1)
(6901500,1)
(9427900,2)
(573200,1)
(1429300,1)
(2824900,3)
(3682600,1)
(3395500,1)
(8832000,1)
(9234300,1)
(9624000,1)
(5710200,73)
(5502300,1)
(4221600,2)
(10521600,1)
(2067000,33)
(8337000,1)
(2884300,39)
(83400,5)
(9650100,1)
(6748600,40)
(5978600,3)
(10738600,1)
(652400,7)
(297900,21)
(9224400,2)
(2771800,17)
(5355700,1)
(10857400,1)
(10592800,1)
(7887100,11)
(112300,1)
(10240800,1)
(9487300,5)
(9483700,1)
(8561100,3)
(10733100,1)
(5953300,1)
(8259700,1)
(6768400,1)
(4413300,2)
(1029700,16)
(9708700,1)
(2636800,1)
(2251500,3)
(10149000,1)
(10353300,1)
(10378600,1)
(8299300,4)
(10307400,1)
(408500,5)
(5587000,1)
(9966100,1)
(1838500,1)
(450800,36)
(11275900,1)
(3428800,1)
(9196600,1)
(9505200,4)
(9338800,2)
(6790900,7)
(4211700,1)
(9462000,2)
(2310900,3)
(626300,24)
(9586300,1)
(9477400,1)
(9778000,1)
(2328000,1)
(1217800,1)
(4193800,52)
(10630500,1)
(8681800,1)
(8992300,1)
(9833800,1)
(2106600,1)
(1590400,1)
(4349500,3)
(10996000,1)
(10062600,1)
(6571200,4)
(2709700,1)
(315800,2)
(3899600,6)
(5335900,1)
(9161400,5)
(6193600,2)
(9827500,1)
(2255100,9)
(5948900,1)
(4172100,1)
(1870900,8)
(3209100,2)
(8105700,1)
(2334300,4)
(11046300,1)
(9135300,1)
(10284000,3)
(9493600,1)
(2953600,1)
(4537600,1)
(286100,1)
(63600,1)
(9279400,5)
(9873400,3)
(448100,1)
(10264200,2)
(1947400,4)
(9100100,1)
(9327000,7)
(5007300,1)
(10743000,3)
(8462100,1)
(10847500,1)
(5849900,2)
(4241400,3)
(6691900,1)
(7608000,7)
(330100,4)
(2365900,7)
(10181400,1)
(11105700,1)
(10634100,1)
(3106500,1)
(9289300,1)
(8610600,1)
(7586500,2)
(2488300,1)
(11110100,1)
(2516100,1)
(5988500,1)
(9600600,2)
(10076100,1)
(9317100,1)
(11115600,1)
(8313600,4)
(10649500,1)
(10956400,1)
(10778200,1)
(8457700,3)
(11303700,1)
(10784500,1)
(5907400,1)
(6707100,8)
(1190800,4)
(9562900,4)
(8422500,1)
(10972600,1)
(1613800,1)
(10650300,1)
(3003900,1)
(391400,3)
(6519000,2)
(8723100,1)
(10609900,1)
(7614300,1)
(7031000,13)
(8827600,38)
(2187700,1)
(11238000,1)
(9181200,1)
(1222200,2)
(197000,1)
(808100,1)
(2662900,2)
(10358800,1)
(3907600,2)
(7092300,3)
(1888000,1)
(11269600,1)
(3122700,1)
(6700,14)
(5968700,2)
(9151500,1)
(10109400,1)
(8956300,2)
(3205500,2)
(10976200,1)
(1372600,1)
(335600,1)
(10477600,1)
(10383000,1)
(5391700,1)
(198900,52)
(221200,1)
(9695200,1)
(1818700,3)
(17700,2)
(5507800,5)
(102400,18)
(5808400,2)
(4567300,1)
(3201900,3)
(2172300,1)
(2927500,1)
(10911300,1)
(6581100,2)
(494000,13)
(10092300,1)
(1544500,12)
(5484400,18)
(11259700,1)
(1874500,1)
(11151600,1)
(8254200,1)
(10165200,1)
(10982500,1)
(8807800,1)
(4994900,1)
(9992200,1)
(9299200,1)
(5360100,1)
(998100,20)
(4672600,1)
(697500,29)
(3225300,3)
(10723200,1)
(163700,1)
(2053500,6)
(11289400,1)
(9295600,1)
(1524700,1)
(9774400,1)
(4860700,1)
(3577300,3)
(3616900,9)
(8675500,1)
(464300,6)
(5512200,4)
(2205600,1)
(6629800,1)
(7467700,19)
(9665500,1)
(9244200,1)
(8857300,1)
(10802400,2)
(10497400,1)
(4007400,2)
(11171400,2)
(5796800,13)
(7525200,1)
(1425700,1)
(479700,96)
(1779100,1)
(1030500,5)
(7259800,4)
(4890400,1)
(10901400,1)
(5621100,1)
(553400,1)
(10299400,1)
(10758400,1)
(9011000,1)
(791000,19)
(10655800,1)
(5958800,1)
(2714100,5)
(10191300,1)
(3418900,2)
(8887000,27)
(351800,2)
(9728500,1)
(700000,6)
(1034100,3)
(4215300,2)
(4147900,4)
(7383000,2)
(2719600,3)
(10426200,1)
(3403500,1)
(4631100,2)
(5478100,7)
(9032700,1)
(1024200,7)
(5885900,2)
(4557400,1)
(4593400,1)
(5741800,4)
(9260400,1)
(1287100,21)
(3413400,1)
(7551300,1)
(7254300,1)
(10842000,1)
(300400,5)
(10244400,1)
(11264100,1)
(438200,5)
(622700,2)
(282500,1)
(745100,6)
(10368700,1)
(6699100,1)
(1957300,40)
(424700,1)
(10713300,2)
(7545000,1)
(9062400,5)
(11307300,1)
(10125600,1)
(6827800,1)
(8986000,1)
(6996100,1)
(9229900,1)
(4330500,1)
(5359300,3)
(1491400,5)
(10303800,1)
(4682500,2)
(10343400,1)
(11176900,1)
(602900,1)
(2122800,1)
(4983100,1)
(1943800,4)
(1775500,5)
(10001300,1)
(10916800,1)
(2399200,3)
(9072300,1)
(1040400,29)
(10442400,1)
(1657000,2)
(7347000,1)
(77100,1)
(6436200,1)
(2349700,1)
(3102900,15)
(9092100,1)
(10006800,1)
(10942900,1)
(1143000,1)
(3902100,1)
(8728600,1)
(1154800,7)
(2286700,18)
(10234500,1)
(10097800,1)
(10962700,1)
(6784600,3)
(5705800,2)
(1405900,1)
(5162100,1)
(1008000,64)
(10936600,1)
(1828600,1)
(1243900,1)
(4309900,1)
(523700,2)
(3101000,1)
(10269700,2)
(6857500,6)
(8987900,2)
(3454900,2)
(10145400,1)
(1207900,2)
(1844800,2)
(2868100,3)
(4379200,1)
(292400,18)
(3484600,1)
(9822000,2)
(9109200,1)
(3512400,2)
(6916900,2)
(10046400,1)
(4023600,1)
(1580500,15)
(9426000,4)
(3053400,1)
(3686200,2)
(1198000,1)
(5895800,3)
(9764500,1)
(3745600,1)
(8303700,1)
(7264200,3)
(3391900,12)
(5371900,1)
(6802500,2)
(3407100,28)
(100,6)
(6576700,7)
(5588900,2)
(4391800,2)
(4502400,1)
(6614400,1)
(9576400,1)
(5984900,1)
(2468500,1)
(6624300,79)
(10135500,5)
(4597000,1)
(10337100,4)
(2126400,1)
(4246900,1)
(11006700,2)
(1415800,10)
(1917700,2)
(5700300,1)
(1306900,18)
(10238100,1)
(1404000,1)
(10986100,1)
(10204800,4)
(1688600,29)
(10614300,1)
(11052600,1)
(3553900,1)
(1528300,5)
(1720500,1)
(9166900,2)
(206900,3)
(5418700,3)
(10323600,1)
(11191200,1)
(7505400,1)
(5379100,1)
(11145300,1)
(9768100,1)
(10966300,1)
(2661000,6)
(8270400,4)
(5666200,1)
(1967200,2)
(9323400,2)
(9442200,2)
(8789900,2)
(9901200,1)
(10493800,1)
(10691800,1)
(3142500,1)
(10799900,1)
(9976000,1)
(10551300,1)
(1933900,3)
(7363200,1)
(953000,47)
(11125500,1)
(10186900,2)
(1039600,4)
(10600800,1)
(8893300,2)
(1123200,2)
(10788100,1)
(9269500,1)
(10744900,1)
(601000,41)
(8447800,6)
(216800,132)
(8600700,2)
(1983400,1)
(10774600,1)
(11165100,1)
(8744800,1)
(10505400,1)
(9754600,1)
(10457800,1)
(11285800,1)
(11092200,1)
(404900,5)
(8228100,1)
(7723200,1)
(252800,3)
(11218200,1)
(9467500,1)
(9640200,1)
(9718600,1)
(9186700,1)
(5947000,1)
(5983000,4)
(1673200,1)
(8942800,1)
(2417100,2)
(10931100,1)
(10161600,1)
(2943700,3)
(296000,2)
(9515100,1)
(3063300,46)
(1953700,3)
(11239900,1)
(7561200,5)
(10130000,1)
(2631300,1)
(1049500,4)
(2380200,17)
(4725700,2)
(1430100,1)
(10997900,1)
(5567200,4)
(4276600,1)
(10897000,1)
(10333500,1)
(1445500,3)
(4943500,1)
(9952600,2)
(10462200,1)
(6600900,2)
(8847400,1)
(8916700,7)
(7402800,1)
(10790800,1)
(855900,5)
(6535200,74)
(2838400,9)
(2834800,1)
(7515300,1)
(4231500,2)
(7619800,1)
(8279500,2)
(11032800,1)
(2676400,10)
(10175100,1)
(8837500,1)
(9770800,1)
(4870600,2)
(1336600,1)
(8911200,1)
(4157800,7)
(9285700,8)
(4705900,1)
(7412700,1)
(10629700,2)
(5499800,2)
(10685500,1)
(1297000,1)
(10639600,1)
(3073200,7)
(9926500,1)
(8799800,8)
(6630600,19)
(4710300,1)
(1977100,5)
(3245100,1)
(11100200,1)
(8333400,1)
(5729200,1)
(11135400,2)
(9536800,1)
(8541300,1)
(7260600,1)
(3438700,5)
(1081900,2)
(5720100,1)
(11109300,1)
(10327200,1)
(4187500,4)
(3215400,1)
(1508500,59)
(1000800,5)
(22100,1)
(8669200,1)
(9066000,3)
(3517900,8)
(499500,51)
(7230900,1)
(8822100,4)
(9977900,1)
(4686100,2)
(7822200,1)
(11299300,1)
(10384900,1)
(88900,3)
(5731900,4)
(1158400,4)
(10703400,1)
(2318100,2)
(9473800,1)
(11274000,1)
(3380100,6)
(93300,15)
(371600,1)
(4838200,1)
(558900,1)
(10086000,1)
(2395600,2)
(9437800,4)
(1937500,16)
(106000,110)
(1118800,3)
(4933600,1)
(4814800,2)
(2320800,4)
(5775100,3)
(37500,7)
(10072500,1)
(4803000,1)
(9888800,1)
(9817600,1)
(1554400,1)
(5830900,1)
(10827700,1)
(5601300,1)
(10905000,1)
(5381800,1)
(8650200,2)
(10883500,1)
(2781700,3)
(9511500,1)
(5517700,7)
(4418800,1)
(4527700,1)
(11076000,1)
(9313500,3)
(6695500,1)
(1658900,8)
(11244300,1)
(11042700,1)
(1352800,1)
(9956200,1)
(2407200,1)
(1599500,8)
(7066200,1)
(4937200,2)
(11234400,1)
(9802200,1)
(10620600,1)
(4296400,3)
(9592600,1)
(5533900,1)
(11290200,1)
(8620500,1)
(11270400,1)
(1663300,1)
(2769100,20)
(667800,12)
(9452100,1)
(5547400,1)
(10363200,1)
(7110200,1)
(10561200,2)
(10893400,1)
(10249900,1)
(329300,1)
(9110000,1)
(10432500,1)
(10228200,1)
(4953400,1)
(4666300,7)
(9649300,1)
(1854700,1)
(8290200,1)
(9077800,1)
(2241600,12)
(2360400,1)
(527300,2)
(428300,1)
(1749400,1)
(9561000,1)
(11254200,2)
(8368600,1)
(4340400,1)
(606500,10)
(10941000,1)
(10280400,2)
(1603900,2)
(98800,3)
(3266800,4)
(10295800,1)
(6867400,1)
(7323600,1)
(9713100,1)
(2532300,2)
(917000,3)
(11056200,2)
(2063400,4)
(1927600,4)
(731600,1)
(1987000,1)
(1504900,1)
(2977000,1)
(3522300,1)
(10151700,1)
(10780900,2)
(8748400,1)
(10807900,1)
(2761900,185)
(9353100,1)
(10289500,1)
(9857200,1)
(8952700,13)
(10274100,1)
(578700,1)
(7689100,1)
(3329800,2)
(7086000,6)
(8497300,1)
(3375700,1)
(7285900,2)
(4177600,1)
(1617400,11)
(771200,1)
(11155200,1)
(3912000,2)
(682100,15)
(4458400,15)
(10843900,1)
(4676200,11)
(11249800,1)
(4408900,1)
(9121800,1)
(10906900,1)
(4281000,1)
(10031000,1)
(9847300,1)
(4359400,1)
(32000,669)
(1495000,1)
(2390100,3)
(10487500,1)
(8295700,1)
(8323500,1)
(2152500,1)
(1133100,89)
(5038900,1)
(6545100,1)
(958500,3)
(10699000,1)
(6703500,1)
(9155100,2)
(7046400,1)
(3611400,2)
(10285900,1)
(568800,1)
(4468300,1)
(9422400,1)
(6816000,1)
(1735900,1)
(672200,7)
(8788000,1)
(9645700,1)
(10452300,1)
(10853800,1)
(7165200,1)
(8289400,1)
(4360200,1)
(9760900,1)
(9171300,3)
(537200,3)
(918900,1)
(7639600,1)
(10511700,1)
(9220800,2)
(2739400,1)
(6788200,3)
(7270500,2)
(2002100,2)
(226700,3)
(4978700,3)
(5598800,1)
(7279600,1)
(2922000,4)
(1858300,1)
(10619800,1)
(10867300,1)
(3354000,6)
(11230800,1)
(10515300,1)
(588600,1)
(9681700,1)
(4700400,6)
(8452200,3)
(9290100,1)
(7758400,2)
(3330600,4)
(2666500,1)
(43800,3)
(27600,6)
(8812200,2)
(994500,7)
(9784300,6)
(10402800,1)
(7204800,15)
(10270500,1)
(11280300,1)
(5844400,1)
(6556900,2)
(9176800,1)
(9125400,6)
(5349400,5)
(9853600,1)
(53700,181)
(10042800,1)
(6887200,5)
(310300,4)
(10545000,3)
(8691700,3)
(9087700,1)
(10422600,1)
(1045900,3)
(5522100,1)
(3231600,2)
(122200,58)
(9863500,1)
(6555000,1)
(5781400,2)
(6728800,1)
(5043300,3)
(6713400,4)
(7295800,2)
(4329700,1)
(4824700,1)
(10501800,1)
(11228100,1)
(8264100,4)
(9932800,1)
(1785400,1)
(3200000,1)
(1719700,1)
(9946300,1)
(11129100,1)
(1564300,143)
(10718800,1)
(1232100,41)
(10224600,1)
(2083200,1)
(9394600,1)
(242900,6)
(10541400,1)
(5314200,1)
(1973500,16)
(7394800,2)
(11295700,1)
(2448700,1)
(4385500,2)
(6064900,2)
(1540900,1)
(1518400,1)
(3355900,1)
(8649400,3)
(6758500,7)
(781100,2)
(8582800,1)
(4389100,2)
(850400,10)
(10348900,2)
(9596200,1)
(849600,11)
(1439200,5)
(3292900,37)
(6883600,2)
(5489900,2)
(9789800,2)
(1144900,12)
(1683100,5)
(10467700,1)
(1212300,2)
(677700,1)
(7171500,4)
(1803300,1)
(3506100,5)
(7946500,1)
(10596400,1)
(7600800,1)
(9303600,2)
(1194400,16)
(10644000,9)
(7640400,1)
(9531300,1)
(1740300,2)
(4542000,1)
(2261400,3)
(5438500,1)
(167300,21)
(8794300,15)
(414800,2)
(8901300,25)
(10032900,1)
(7571100,1)
(9036300,5)
(3502500,1)
(9412500,1)
(4106400,52)
(9942700,1)
(11072400,1)
(8997800,2)
(2209200,1)
(4963300,2)
(1298900,5)
(7135500,4)
(10887100,1)
(8906800,2)
(1321200,365)
(9307200,1)
(9525000,2)
(8883400,2)
(10171500,1)
(2978900,2)
(11120000,1)
(1607500,3)
(933200,29)
(4828300,1)
(1168300,5)
(10679200,1)
(8966200,9)
(2033700,2)
(9497200,1)
(10087900,1)
(6525300,3)
(5389000,1)
(1550800,2)
(1316800,9)
(8853700,4)
(10708900,1)
(7161600,1)
(10768300,1)
(9240600,1)
(10531500,1)
(9916600,1)
(11250600,1)
(246500,2)
(1781800,18)
(9204600,1)
(709100,1220)
(2967100,2)
(2803200,4)
(10313700,1)
(3651000,3)
(8609800,1)
(5735500,22)
(2562000,2)
(5563600,2)
(9758200,1)
(636200,5)
(3023700,1)
(8833900,1)
(3587200,5)
(1148500,15)
(8338900,1)
(10817800,1)
(1514800,54)
(4403400,2)
(4626700,25)
(3573700,1)
(7228200,1)
(10665700,1)
(8921100,1)
(10525200,1)
(1020600,1)
(4013700,3)
(6753000,8)
(9141600,2)
(4834600,17)
(9210900,1)
(9877000,1)
(9703200,1)
(5913700,1)
(33900,259)
(9629500,1)
(8109300,2)
(10689100,1)
(9388300,2)
(860300,44)
(2672800,20)
(6853900,1)
(9457600,1)
(1455400,95)
(1589600,5)
(1765600,19)
(9280200,3)
(2864500,2)
(6774700,1)
(721700,1)
(2692600,2)
(4197400,74)
(5751700,1)
(4488100,1)
(2937400,1)
(2735800,1)
(7620600,2)
(2281200,1)
(6915000,1)
(10576600,1)
(8738500,1)
(2463000,2)
(9685300,1)
(9898700,1)
(4507900,2)
(10645900,1)
(3583600,1)
(9582700,1)
(10681900,1)
(9723000,1)
(6754900,4)
(3978800,3)
(10873600,1)
(444500,1)
(9610500,1)
(8972500,3)
(9843700,1)
(5889500,1)
(10660200,1)
(4993000,3)
(8629600,1)
(9748300,1)
(3221700,6)
(9052500,1)
(3913900,1)
(9997700,1)
(3157900,9)
(4506000,2)
(3547600,1)
(10131900,1)
(4381900,12)
(1095400,23)
(10794400,1)
(8817700,1)
(7416300,1)
(10822200,1)
(662300,1)
(642500,1)
(1293400,24)
(6591000,2)
(9254100,1)
(1386100,5)
(5063100,1)
(1795300,1)
(10556800,1)
(10394800,1)
(9131700,4)
(7119300,3)
(3112800,3)
(8634000,1)
(9566500,1)
(9604200,1)
(3152400,1)
(1341000,1)
(7224600,3)
(8877100,1)
(3319900,3)
(1188100,11)
(10021100,2)
(10832100,1)
(10898900,1)
(2370300,3)
(8373000,1)
(11313600,1)
(9541200,1)
(7274100,1)
(705500,6)
(6509100,1)
(10317300,1)
(10446000,1)
(1709800,2)
(6515400,5)
(8982400,1)
(9546700,1)
(2068900,1)
(10412700,1)
(4438600,1)
