(10343300,1)
(11105600,1)
(6561200,15)
(1580400,1)
(9176700,1)
(705400,2)
(37400,14)
(2417000,7)
(10535000,1)
(6728700,5)
(11220800,1)
(10734900,1)
(9609600,3)
(1435500,7)
(1481400,1)
(187000,6)
(256300,7)
(4978600,6)
(11208200,1)
(11052500,1)
(11191100,1)
(10313600,1)
(3557400,1)
(10827600,1)
(7264100,1)
(9620300,1)
(9734700,1)
(9758100,1)
(8416100,2)
(3146000,66)
(8966100,3)
(9412400,1)
(183400,4)
(4818300,20)
(10901300,1)
(6254300,2)
(10477500,1)
(1710500,9)
(10426100,1)
(9307100,1)
(4705800,2)
(3193800,1)
(117700,63)
(6610700,1)
(6916800,1)
(3907500,3)
(10645800,1)
(9067800,1)
(523600,8)
(499400,19)
(2656500,1)
(10764600,1)
(879200,3)
(6689100,4)
(4369200,2)
(9291900,2)
(1579600,4)
(9703100,1)
(9022700,3)
(9992100,5)
(4319700,2)
(4880400,1)
(5522000,2)
(6723200,4)
(2803100,5)
(8987800,2)
(2813000,14)
(10171400,1)
(8952600,15)
(1508400,42)
(2791500,2)
(4547400,1)
(4786900,41)
(4666200,39)
(9087600,11)
(9483600,2)
(9275700,3)
(43700,1)
(11131700,1)
(10789900,1)
(1419300,2)
(9635700,1)
(3894000,1)
(2870700,1)
(5583300,1)
(7505300,1)
(8878900,3)
(9669000,1)
(4137900,16)
(4860600,12)
(8942700,1)
(954800,3)
(252700,21)
(112200,39)
(3498000,114)
(4864200,1)
(6764700,1)
(10649400,1)
(8566500,2)
(1735800,1)
(8675400,1)
(9406100,1)
(10911200,1)
(10285800,1)
(839600,1)
(6733100,1)
(2391900,1)
(4848000,5)
(9768000,1)
(8353100,1)
(4824600,1)
(9131600,1)
(5484300,1)
(6457800,1)
(10497300,1)
(4282800,3)
(9250400,2)
(2933700,3)
(6822200,1)
(1298800,7)
(7249800,1)
(2771700,10)
(933100,10)
(5907300,1)
(9006500,1)
(3532100,1)
(2403500,1)
(9323300,2)
(8956200,1)
(11218100,1)
(9119000,1)
(10125500,1)
(10691700,1)
(5709300,3)
(11264000,1)
(2318000,2)
(10141700,1)
(7270400,2)
(1988800,1)
(9748200,2)
(2136200,2)
(9240500,3)
(10669200,2)
(1937400,2)
(3899500,35)
(2057000,1)
(10634000,1)
(7181300,2)
(9125300,3)
(10254200,1)
(3889600,2)
(4656300,4)
(7280300,1)
(8463900,1)
(1781700,18)
(1035900,7)
(10888900,1)
(10521500,1)
(5458200,11)
(548900,1)
(292300,1)
(5502200,7)
(232900,4)
(3245000,1)
(8962500,1)
(11234300,1)
(10728600,1)
(3957000,1)
(1848300,19)
(77000,4)
(9111800,1)
(4672500,2)
(2291000,112)
(1663200,1)
(4553700,1)
(1199800,2)
(6535100,4)
(8738400,2)
(2785200,2)
(2271200,1)
(8541200,2)
(9728400,1)
(7541300,5)
(5537400,1)
(8873400,177)
(9922800,12)
(10551200,1)
(8946300,1)
(563200,1)
(9531200,1)
(2122700,52)
(1010600,1)
(1599400,1)
(6614300,57)
(9208100,1)
(10572900,1)
(3563700,6)
(9724800,1)
(10511600,4)
(1560600,2)
(9708600,1)
(2532200,3)
(6718800,1)
(9402500,2)
(1884300,3)
(622600,4)
(8822000,1)
(98700,1)
(1232000,1)
(4937100,5)
(5720000,3)
(10867200,1)
(2988700,1)
(6531500,1)
(626200,1)
(3369300,5)
(9750900,1)
(3172100,6)
(9837300,1)
(11295600,1)
(9827400,1)
(8228000,1)
(8681700,1)
(8600600,1)
(8877000,1)
(2334200,1)
(9952500,1)
(6551300,2)
(287900,130)
(73400,4)
(3345900,2)
(177100,1)
(11249700,1)
(8758200,1)
(10109300,1)
(7956300,14)
(3642900,1)
(9789700,1)
(8833800,28)
(889100,3)
(10082300,1)
(10620500,1)
(10473900,1)
(10982400,1)
(9416000,1)
(408400,27)
(430900,47)
(4256700,1)
(8596200,3)
(1293300,65)
(5626500,1)
(10250600,2)
(6624200,2)
(4715700,1)
(1564200,18)
(1973400,9)
(6941000,3)
(10723100,1)
(2662800,2)
(1779000,3)
(7269600,13)
(1813100,2)
(2023700,3)
(2828400,6)
(10218200,1)
(8452100,1)
(1356300,11)
(6576600,10)
(2349600,1)
(3611300,23)
(8817600,7)
(9552900,1)
(1133000,1)
(63500,1)
(9338700,1)
(11087700,1)
(10847400,1)
(7338900,1)
(7135400,1)
(9270200,1)
(9629400,2)
(127600,5)
(2355900,3)
(10931000,2)
(8977900,61)
(1590300,11)
(6812300,2)
(9738300,1)
(147400,186)
(10234400,1)
(5984800,3)
(9610400,1)
(998000,1)
(414700,6)
(9614000,2)
(895400,23)
(11115500,1)
(5715600,5)
(9220700,1)
(10274000,2)
(3201800,31)
(9718500,1)
(9774300,1)
(10609800,1)
(1528200,6)
(9358500,3)
(9823800,3)
(2320700,24)
(6911300,2)
(9092000,3)
(438100,3)
(8744700,1)
(10275900,1)
(1570500,1)
(517300,17)
(1095300,15)
(1917600,1)
(7619700,1)
(10794300,1)
(1880700,1)
(4147800,1)
(10204700,1)
(88800,1)
(9619500,2)
(10976100,1)
(7230800,4)
(11181200,1)
(331900,1)
(9192900,1)
(527200,2)
(9328800,1)
(672100,19)
(1943700,1)
(9016400,2)
(10006700,2)
(9042500,1)
(9191000,1)
(7794300,1)
(1128600,1)
(6509000,1)
(8042600,2)
(2651000,8)
(10877100,1)
(8906700,1)
(10338900,1)
(10906800,1)
(5890200,3)
(4730000,3)
(9651900,1)
(1352700,21)
(2286600,1)
(9600500,1)
(9650000,1)
(9186600,1)
(3433100,1)
(10175000,2)
(10788000,1)
(4122500,1)
(7228100,1)
(11228000,1)
(385000,10)
(3102800,2)
(3998500,1)
(9760800,1)
(4687900,14)
(1858200,1)
(2106500,1)
(9942600,3)
(4391700,1)
(9794100,1)
(1332900,7)
(3256800,1)
(9551000,1)
(9799600,1)
(2880600,3)
(8794200,16)
(10317200,1)
(10768200,1)
(11214500,1)
(10327100,1)
(23900,103)
(3573600,1)
(9442100,5)
(5731800,2)
(6581000,1)
(6807900,1)
(5588800,1)
(8784300,6)
(9077700,1)
(2182100,1)
(201300,6)
(9374700,4)
(7566600,1)
(9230600,4)
(5953200,3)
(3577200,11)
(320100,4)
(10566600,1)
(11265900,1)
(5359200,1)
(11196600,1)
(3605000,1)
(8888800,5)
(10299300,1)
(3488100,3)
(8734800,1)
(9883200,1)
(132000,25)
(2453000,7)
(584900,2)
(3448500,1)
(5765100,2)
(12100,2)
(11006600,1)
(10191200,1)
(11151500,1)
(11171300,1)
(9046100,2)
(1720400,1)
(4983000,4)
(5578900,1)
(9467400,1)
(5775000,3)
(5063000,6)
(4686000,11)
(3286500,1)
(1978900,1)
(10097700,1)
(9032600,1)
(10671900,1)
(5533800,1)
(7373000,1)
(2522300,1)
(870100,9)
(3408900,1)
(6629700,1)
(8270300,1)
(11016500,1)
(2167800,61)
(10145300,1)
(1823000,2)
(2494500,2)
(6784500,3)
(5355600,1)
(1009800,3)
(1366200,1)
(10863600,1)
(10635900,1)
(2993100,1)
(1953600,2)
(10422500,1)
(10214600,1)
(10363100,1)
(8364900,2)
(11289300,1)
(5828100,4)
(2365800,1)
(4389000,1)
(2869900,1)
(53600,86)
(4676100,1)
(3309900,2)
(9333200,1)
(2498100,2)
(2563800,1)
(7639500,2)
(8259600,1)
(8576400,1)
(9388200,1)
(5300600,1)
(7100200,1)
(1194300,531)
(4948900,6)
(683900,33)
(4173900,1)
(5403200,2)
(9289200,2)
(10916700,1)
(11230700,2)
(8778000,79)
(5379000,3)
(3994900,2)
(216700,70)
(8867100,37)
(7986000,3)
(3587100,2)
(2083100,18)
(8685300,1)
(1449000,3)
(3490800,178)
(3084900,7)
(8754600,3)
(1870800,2)
(1376100,16)
(9779800,1)
(9562800,1)
(7176900,3)
(6713300,3)
(10921100,1)
(9317000,2)
(188900,40)
(10629600,1)
(3993000,1)
(1554300,7)
(533500,34)
(6887100,3)
(10665600,2)
(3443000,1)
(11001100,1)
(11244200,1)
(9649200,1)
(11240600,1)
(7022900,2)
(6586500,8)
(602800,6)
(3355800,1)
(8936400,1)
(4324100,2)
(9473700,1)
(3444900,5)
(4577100,2)
(3225200,2)
(8789800,35)
(8843700,1)
(1808700,5)
(1569700,1)
(1091700,1)
(5739000,1)
(7394700,1)
(11275800,1)
(9946200,1)
(7260500,2)
(4408800,1)
(5998300,1)
(8760900,1)
(3231500,4)
(1643400,1)
(2838300,1)
(2027300,1)
(9681600,2)
(2676300,1)
(1491300,41)
(5771400,1)
(568700,2)
(10966200,1)
(5776900,1)
(9181100,2)
(8679000,2)
(6931100,1)
(9318900,2)
(9166800,3)
(9645600,1)
(10105700,1)
(8307200,1)
(10536900,1)
(9260300,1)
(4830900,1)
(4984900,3)
(1518300,1)
(1227600,1)
(3597000,2)
(10056200,1)
(9151400,1)
(10932900,1)
(11186700,1)
(891800,3)
(10240700,1)
(9161300,1)
(7275900,1)
(5974900,1)
(10833900,1)
(3522200,1)
(2256900,4)
(1538100,2)
(1263600,1)
(10022900,1)
(221100,1)
(543400,2)
(2389200,1)
(7691700,3)
(8303600,1)
(5666100,4)
(5755200,1)
(8857200,1)
(4527600,1)
(1029600,1)
(7402700,1)
(418300,1)
(8901200,3)
(1658800,1)
(10525100,1)
(6368700,1)
(10483800,1)
(4834500,1)
(9807600,3)
(6774600,2)
(7109300,5)
(4231400,2)
(4943400,2)
(9661800,1)
(1070000,1)
(9303500,1)
(2795100,1)
(11260400,1)
(7412600,1)
(2142500,2)
(2848200,3)
(11299200,1)
(10358700,1)
(2765400,4)
(2626800,2)
(2094900,10)
(3697900,1)
(8234300,2)
(3542000,1)
(8790600,2)
(10748400,1)
(8022800,1)
(7604300,1)
(4933500,1)
(9437700,4)
(5880300,1)
(10582800,1)
(9780600,1)
(7343300,1)
(6982500,1)
(10208300,2)
(1069200,3)
(11066000,1)
(2692500,1)
(1957200,51)
(3672600,4)
(652300,7)
(5296200,2)
(10942800,1)
(6571100,2)
(11067900,1)
(2152400,1)
(2884200,66)
(10790700,1)
(3553800,2)
(10754700,1)
(3319800,8)
(5781300,1)
(10087800,1)
(10388400,1)
(507400,6)
(7384800,1)
(2033600,2)
(3983100,3)
(1637100,1)
(122100,1)
(4557300,1)
(9218000,8)
(2907600,25)
(5324000,3)
(9956100,1)
(4499800,2)
(6883500,2)
(7784400,1)
(7234400,9)
(3360200,8)
(10100200,1)
(8893200,1)
(1382400,12)
(1894200,1)
(9802100,1)
(10718700,1)
(3334100,6)
(4808400,1)
(4850700,2)
(8691600,1)
(2973300,2)
(1283400,71)
(2281100,5)
(5499700,1)
(9394500,1)
(4241300,1)
(6893400,1)
(7406300,1)
(1544400,1)
(7259700,1)
(9354900,2)
(10437900,1)
(8853600,1)
(1899700,3)
(6566700,7)
(1420100,3)
(7220900,1)
(266200,327)
(10604300,1)
(7483800,3)
(9853500,1)
(10042700,1)
(6515300,4)
(4583400,2)
(5745300,3)
(1584000,1)
(2053400,3)
(454300,1)
(1967100,3)
(434500,1)
(2488200,5)
(6670100,1)
(1014200,33)
(10893300,2)
(1207800,1)
(10394700,1)
(8402600,1)
(6905000,1)
(8723000,1)
(11141600,1)
(10462100,1)
(10196700,7)
(8921000,12)
(8926500,6)
(1548000,4)
(2200000,1)
(3494400,4)
(2073200,13)
(9847200,1)
(5808300,36)
(10457700,1)
(93200,36)
(9210800,7)
(1190700,1)
(3895900,1)
(9511400,1)
(8863500,1)
(7052600,1)
(10541300,2)
(1534500,4)
(4162100,12)
(9155000,2)
(4187400,18)
(4375500,1)
(10987900,1)
(9843600,1)
(745000,43)
(5751600,1)
(7437900,1)
(7323500,2)
(5335800,1)
(10780800,1)
(2395500,6)
(10119200,1)
(9536700,5)
(2177700,8)
(6744900,6)
(796400,1)
(3380000,3)
(11042600,1)
(10452200,1)
(7561100,1)
(8911100,2)
(6068400,1)
(8582700,1)
(3923700,1)
(8427900,1)
(8976000,1)
(102300,11)
(1085400,10)
(3537600,2)
(8317100,1)
(9639300,1)
(5418600,2)
(9447600,4)
(10239900,1)
(3320600,3)
(7952700,1)
(10487400,1)
(2304500,2)
(547000,6)
(928700,72)
(11224400,1)
(1912100,2)
(2251400,4)
(573100,177)
(3359400,16)
(107800,5)
(10708800,2)
(1740200,4)
(636100,1)
(10467600,1)
(5889400,3)
(8645700,5)
(10129100,4)
(11280200,1)
(7120000,3)
(3458400,1)
(3593400,1)
(1301300,26)
(9665400,1)
(10011100,1)
(9906600,1)
(9364800,1)
(3781500,1)
(9487200,1)
(9432200,1)
(4106300,52)
(8609700,1)
(10161500,1)
(4502300,1)
(7754700,1)
(2775300,1)
(9972300,1)
(449900,10)
(9265800,1)
(9926400,1)
(2350400,1)
(2340500,4)
(792800,1)
(4314200,2)
(9770700,1)
(766700,4)
(10115600,1)
(9873300,1)
(335500,2)
(2261300,3)
(10650200,1)
(9744600,1)
(4183800,4)
(4587000,3)
(2101000,2)
(10279500,1)
(9867000,1)
(8898700,6)
(7036400,1)
(8932800,1)
(5735400,4)
(3344000,6)
(1504800,16)
(10561100,1)
(7056200,3)
(2241500,5)
(262600,2)
(1055700,59)
(6799900,3)
(2672700,1)
(10016600,1)
(11210900,1)
(11303600,1)
(9898600,1)
(4804800,27)
(2818500,7)
(8338800,2)
(8348700,1)
(10072400,6)
(206800,67)
(10837500,1)
(2978800,1)
(3676200,1)
(4533900,5)
(11250500,1)
(10398300,1)
(4682400,2)
(5601200,1)
(8812100,1)
(9962400,1)
(3454800,1)
(3339600,1)
(9072200,2)
(10713200,1)
(1154700,66)
(7473900,2)
(2314400,1)
(428200,13)
(10384800,1)
(9505100,1)
(4251200,3)
(10778100,1)
(9012800,5)
(776600,2)
(2834700,1)
(1585900,3)
(10619700,1)
(8501600,1)
(7426100,1)
(9002900,2)
(10333400,1)
(9295500,1)
(6708900,1)
(4963200,1)
(1060100,2)
(8916600,2)
(5958700,1)
(4849900,1)
(5927100,1)
(10220900,1)
(1755600,1)
(10077900,2)
(1168200,1)
(1331000,36)
(10323500,1)
(10373000,1)
(711700,2)
(735100,29)
(8610500,1)
(9477300,1)
(2631200,3)
(10472000,3)
(9586200,1)
(8807700,1)
(10695300,1)
(7110100,3)
(9244100,1)
(9868900,1)
(9378300,2)
(10501700,1)
(10001200,1)
(3136100,3)
(5682300,6)
(10883400,1)
(6857400,3)
(9516900,1)
(3088500,3)
(5895700,2)
(9497100,1)
(958400,4)
(9229800,2)
(9817500,1)
(8462000,1)
(5478000,2)
(3385500,14)
(9863400,2)
(10614200,1)
(10493700,1)
(2360300,10)
(2098500,1)
(5860500,1)
(7374900,2)
(10546800,1)
(8708700,1)
(10515200,1)
(4438500,3)
(642400,10)
(1559800,10)
(10046300,1)
(480400,249)
(1415700,4)
(9353000,2)
(9566400,1)
(9269400,4)
(1188000,2)
(6778200,1)
(7452200,1)
(6798000,1)
(9572700,2)
(3978700,2)
(10374900,1)
(11119100,1)
(8343200,1)
(10956300,1)
(7582800,1)
(9453900,4)
(1184400,2)
(11204600,1)
(10186800,1)
(9515000,7)
(7497300,1)
(10812200,1)
(9156900,2)
(9249600,1)
(819800,2)
(9052400,1)
(4796800,5)
(3094800,1)
(2132600,3)
(5391600,1)
(5761500,1)
(9784200,1)
(9833700,1)
(8802200,1)
(242800,29)
(2474700,3)
(8982300,1)
(1785300,2)
(9115400,3)
(5468100,1)
(339100,2)
(10121900,2)
(5710100,1)
(1222100,7)
(7398300,1)
(2844600,13)
(5479900,1)
(10416200,1)
(3567300,1)
(1730300,3)
(10176900,1)
(8447700,2)
(10151600,2)
(9556500,1)
(1019700,1)
(404800,8)
(9582600,1)
(4381800,1)
(6525200,1)
(6604400,16)
(4444800,1)
(4197300,1)
(10770900,1)
(10822100,1)
(11313500,1)
(11145200,1)
(9239700,2)
(7546800,2)
(2696100,1)
(9685200,1)
(7131800,1)
(2319900,1)
(9769900,1)
(2037200,1)
(9671700,1)
(999900,1)
(1045800,27)
(1372500,3)
(10076000,2)
(10269600,1)
(9541100,1)
(8056100,1)
(4193700,77)
(10600700,1)
(8823900,4)
(2824800,4)
(1144800,15)
(1336500,1)
(6827700,2)
(11285700,1)
(5517600,6)
(2379300,1)
(1342800,1)
(2112800,8)
(2516000,3)
(11155100,1)
(8384700,1)
(8827500,18)
(6691800,26)
(8279400,1)
(9546600,1)
(9640100,1)
(9888700,1)
(10021000,1)
(1212200,800)
(9714900,1)
(5885800,3)
(3215300,1)
(10228100,2)
(2369400,2)
(3438600,6)
(9290000,1)
(9224300,2)
(9812000,1)
(5839900,1)
(3933600,1)
(1455300,66)
(7416200,1)
(9713000,3)
(8290100,2)
(8655600,1)
(9901100,2)
(11012900,1)
(9093900,15)
(4474500,4)
(9790500,1)
(6936600,1)
(1803200,1)
(9171200,2)
(2889700,1)
(5038800,2)
(9521300,1)
(3407000,1)
(3329700,1)
(11056100,1)
(10290200,1)
(11011000,1)
(8368500,1)
(11109200,1)
(4225100,1)
(8229900,1)
(9857100,1)
(10670000,1)
(424600,4)
(2458500,1)
(11111900,1)
(9109100,19)
(3261200,2)
(10224500,1)
(3187500,1)
(721600,5)
(11239800,1)
(33800,1)
(10758300,1)
(990800,14)
(3296400,22)
(11166900,1)
(10249800,1)
(1287000,5)
(9026300,14)
(10972500,1)
(10655700,3)
(10887000,1)
(2255000,2)
(3729300,1)
(3502400,4)
(6596400,2)
(7467600,1)
(2102900,42)
(1189900,5)
(8289300,1)
(2641100,1)
(9214400,1)
(10630400,2)
(10447800,1)
(558800,64)
(1607400,1)
(1496800,6)
(10857300,1)
(4588900,1)
(1860900,1)
(8799700,1)
(8713100,1)
(11307200,1)
(469700,9)
(9695100,1)
(1623600,2)
(8374800,2)
(11161400,1)
(9204500,2)
(2527800,1)
(4532000,3)
(1316700,3)
(9135200,1)
(5968600,2)
(11026400,1)
(10036400,1)
(1673100,1)
(10952700,3)
(1514700,26)
(751300,1)
(9463800,1)
(8997700,1)
(4998400,1)
(10689000,1)
(1233900,10)
(11077800,1)
(1039500,2)
(2464800,1)
(8779900,3)
(5577000,1)
(1170900,10)
(3276600,3)
(7477500,2)
(3058800,8)
(5563500,2)
(7817700,1)
(3281000,1)
(2418900,2)
(5381700,3)
(1311200,2)
(2704100,2)
(3480900,9)
(598400,3)
(9659100,1)
(7556700,1)
(11125400,1)
(6806000,1)
(9141500,1)
(10181300,5)
(7535000,1)
(2308100,1)
(391300,19)
(3246900,2)
(9997600,1)
(3235100,1)
(10139000,1)
(4968700,1)
(9630200,1)
(3391800,3)
(11110000,1)
(731500,1)
(7358700,1)
(6942900,1)
(3395400,20)
(1465200,2)
(4215200,10)
(8768100,1)
(9911000,1)
(2209100,1)
(2557500,1)
(11290100,1)
(7066100,1)
(9100000,1)
(6817800,1)
(470500,2)
(4068600,1)
(2324300,1)
(10264100,2)
(7501700,1)
(10592700,1)
(6609900,15)
(1678600,1)
(4007300,2)
(10571000,1)
(286000,3)
(4890300,3)
(5875900,2)
(2187600,1)
(9101900,2)
(9348600,1)
(2211800,1)
(9967900,1)
(7254200,2)
(1049400,1)
(10738500,1)
(9427800,1)
(3616800,2)
(10832000,1)
(4543800,1)
(5494200,2)
(9982200,1)
(4286400,2)
(7521500,1)
(8780700,9)
(8036300,1)
(6738600,2)
(2963400,36)
(4478100,1)
(938600,2)
(8412500,1)
(11279400,1)
(3205400,4)
(8639400,1)
(4167600,1)
(10442300,1)
(6634100,6)
(4013600,4)
(8847300,2)
(10244300,2)
(490300,1)
(3023600,14)
(1750100,2)
(386900,1)
(3126200,2)
(4844400,1)
(1089000,2)
(2399100,1)
(3157800,1)
(9493500,1)
(1771800,1)
(11176800,1)
(5963100,6)
(1613700,8)
(2814900,3)
(2601500,1)
(4953300,1)
(10026500,1)
(9501500,1)
(10685400,1)
(315700,8)
(2957100,4)
(10624100,1)
(6863700,1)
(11092100,1)
(2276700,1)
(3543900,1)
(381400,8)
(11269500,1)
(6505400,1)
(9056000,1)
(10436000,1)
(4720100,3)
(8922900,1)
(10295700,1)
(6645900,3)
(3389100,3)
(771100,5)
(4988500,1)
(7992300,1)
(7511600,2)
(2043500,3)
(9285600,1)
(9813900,1)
(10303700,1)
(1603800,2)
(11032700,1)
(10744800,1)
(9452000,1)
(9604100,3)
(396800,5)
(4840800,2)
(10348800,3)
(11082200,1)
(495800,1857)
(2172200,1)
(10898800,1)
(9422300,1)
(7032800,1)
(9966000,3)
(10259700,1)
(1257300,1)
(5616600,1)
(9576300,8)
(9279300,1)
(2490900,1)
(83300,32)
(9417900,1)
(7115600,1)
(9082100,3)
(9912900,9)
(9932700,1)
(10675500,1)
(1765500,8)
(11229900,1)
(9936300,1)
(1439100,1)
(10610600,1)
(6926700,1)
(9592500,1)
(1387900,1)
(7279500,2)
(9754500,1)
(2714000,35)
(9313400,2)
(10681800,1)
(7046300,2)
(67100,7)
(1123100,6)
(3413300,1)
(9299100,1)
(10962600,1)
(10131800,1)
(9398100,1)
(1739400,172)
(11129000,1)
(9655500,1)
(7129100,1)
(3350300,1)
(9259500,3)
(5205200,1)
(5474400,38)
(2719500,4)
(8972400,1)
(3913800,4)
(10270400,1)
(6790800,1)
(8883300,2)
(8620400,1)
(1050200,7)
(9368400,15)
(3147900,2)
(632500,2)
(1698400,4)
(5567100,14)
(1386000,5)
(10586400,1)
(4567200,2)
(9384600,1)
(9764400,1)
(2621300,8)
(968300,2)
(9057900,1)
(3902000,2)
(1530900,5)
(3251300,3)
(10843800,1)
(10307300,1)
(1071900,1)
(7571000,6)
(10992300,1)
(4719300,30)
(4003700,1)
(2967000,3)
(5365500,1)
(9625800,1)
(2063300,1)
(1983300,2)
(8774400,239)
(2201900,1)
(7525100,1)
(3884100,2)
(8437800,1)
(9255900,1)
(9526800,1)
(5804700,2)
(4211600,1)
(5007200,11)
(2068800,63)
(8264000,1)
(4859800,1)
(4973100,15)
(3349500,1)
(10155200,1)
(7432400,1)
(1321100,14)
(11072300,1)
(8214500,1)
(1000700,3)
(2720300,1)
(1431900,87)
(9916500,1)
(9987700,1)
(5371800,1)
(1683000,8)
(1761900,3)
(1704200,62)
(4814700,1)
(10997800,1)
(9615900,1)
(2879800,3)
(6754800,2)
(236500,3)
(5523900,1)
(10926600,1)
(10066100,1)
(5844300,3)
(10576500,1)
(10556700,1)
(10817700,1)
(272500,1)
(6582900,3)
(9280100,1)
(10986000,1)
(8837400,23)
(5132300,1)
(10784400,1)
(1963500,5)
(9691500,1)
(5349300,3)
(11036300,1)
(193300,1)
(7141700,6)
(10032800,3)
(3292800,10)
(8748300,2)
(10353200,1)
(10703300,1)
(1164600,20)
(9062300,1)
(1024100,2)
(10289400,2)
(908900,19)
(4489900,1)
(9200900,1)
(11165000,1)
(4517700,3)
(9390900,5)
(1648900,1)
(2078700,2)
(2413400,1)
(4413200,1)
(6699000,1)
(10853700,1)
(153700,5)
(9196500,1)
(10679100,1)
(741400,26)
(7239900,1)
(10596300,1)
(9219900,1)
(5408700,3)
(7600700,1)
(7738500,2)
(10238000,2)
(47300,94)
(1617300,1)
(9145100,1)
(5464500,1)
(8718600,1)
(4023500,1)
(10110100,1)
(2537700,1)
(9893100,2)
(3903900,1)
(6600,7)
(11121800,1)
(899000,5)
(9343100,2)
(1326600,1)
(918800,1)
(10774500,2)
(282400,1)
(10412600,3)
(6600800,5)
(8422400,1)
(10531400,13)
(8649300,1)
(1441800,4)
(10807800,1)
(3375600,5)
(4276500,1)
(3282900,8)
(10946400,1)
(5547300,1)
(2587200,1)
(8770800,41)
(9036200,1)
(226600,504)
(7119200,4)
(4899400,16)
(9457500,2)
(3583500,1)
(4631000,4)
(4310600,1)
(11022800,1)
(3478200,2)
(6695400,2)
(10936500,1)
(667700,4)
(7536900,1)
(8328900,1)
(276100,46)
(10120000,1)
(10260500,1)
(3381900,1)
(786500,4)
(7442300,1)
(2339700,2)
(2710400,1)
(10660100,4)
(9878800,1)
(11046200,1)
(2245100,7)
(1889800,2)
(3517800,3)
(4152200,1)
(948500,4)
(988100,1)
(10378500,3)
(6619800,1)
(1471500,1)
(6608000,1)
(8764500,4)
(2484600,12)
(1795200,2)
(1430000,3)
(6780900,1)
(594800,10)
(10337000,2)
(4112600,6)
(6685500,3)
(11254100,1)
(10873500,1)
(7161500,1)
(725200,12)
(10406300,1)
(7290200,1)
(5310500,2)
(3098400,3)
(11097600,1)
(3917400,1)
(10062500,1)
(10733000,1)
(1874400,3)
(9596100,1)
(10368600,1)
(9234200,1)
(10640300,1)
(1700600,2)
(10402700,1)
(2808600,1)
(6788100,13)
(10799800,1)
(11259600,1)
(10165100,1)
(3033500,2)
(1824900,1)
(3300800,1)
(440800,5)
(4626600,22)
(10135400,3)
(450700,3)
(1288900,1)
(9121700,1)
(11100100,1)
(11062400,1)
(8333300,1)
(5849800,3)
(2947200,2)
(10505300,1)
(1429200,2)
(7125500,5)
(9675300,1)
(5913600,3)
(9105500,1)
(2344100,9)
(10659300,2)
(9097500,1)
(7987900,1)
(3399000,1)
(7353200,1)
(4870500,5)
(9254000,3)
(8992200,1)
(1907700,1)
(27500,1)
(11135300,1)
(7576500,3)
(994400,2)
(3310700,1)
(9977800,1)
(9001000,1)
(10432400,1)
(10639500,1)
(2682600,2)
(10802300,1)
(11270300,1)
(10092200,1)
(4458300,1)
(682000,7)
(1977000,6)
(5824500,1)
(1844700,13)
(1237500,3)
