(6700600,1)
(9038900,1)
(5495000,1)
(2424100,8)
(7458500,1)
(2851700,1)
(2825600,2)
(8375600,1)
(99500,261)
(688300,17)
(11053300,1)
(9126100,1)
(4797600,1)
(9988500,1)
(10621300,1)
(9874100,1)
(919600,1)
(8978700,2)
(3934400,1)
(11309900,1)
(9830900,1)
(9947000,1)
(7122700,1)
(70600,8)
(1576800,37)
(3362900,1)
(8408900,1)
(10354000,1)
(9656300,1)
(10848200,1)
(2974100,1)
(7003900,1)
(5439200,2)
(6251500,3)
(7296500,1)
(1989600,3)
(1015000,12)
(3928100,1)
(8850800,1)
(1525400,2)
(3049700,2)
(9454700,2)
(4024300,1)
(10884200,1)
(8943500,1)
(5570600,6)
(3262000,1)
(6755600,13)
(194100,3)
(10407100,1)
(6709700,3)
(1462400,58)
(3944300,2)
(9078500,2)
(184200,2)
(9391700,1)
(1555100,3)
(6927500,3)
(8973200,4)
(9522100,1)
(237300,1)
(10078700,1)
(8771600,1)
(8448500,1)
(8899500,2)
(8933600,4)
(9490700,1)
(2830000,1)
(10219000,3)
(3107200,7)
(9543800,1)
(4000900,1)
(8349500,1)
(3341200,3)
(8947100,1)
(2904800,5)
(995200,1)
(5940500,1)
(5029700,1)
(10785200,1)
(9272900,1)
(7112800,5)
(9621100,2)
(8324200,1)
(10912000,1)
(10963400,1)
(2336900,14)
(4273700,3)
(7552000,1)
(4564400,7)
(10413400,1)
(6759200,7)
(10616900,1)
(2311600,1)
(540600,1)
(4554500,1)
(3123400,26)
(939400,1)
(1213000,22)
(8314300,3)
(565900,15)
(4647200,1)
(9741800,1)
(1467900,138)
(1903000,3)
(6211900,1)
(9122500,1)
(9687900,1)
(1299600,11)
(3491600,1)
(11136100,1)
(8583500,1)
(7889700,3)
(9177500,1)
(9834500,1)
(1284200,10)
(8444900,2)
(9808400,2)
(4612000,1)
(2107300,4)
(9048800,3)
(3455600,1)
(9438500,1)
(8676200,1)
(2762600,2)
(9033400,2)
(9068600,2)
(6785300,1)
(4020700,8)
(8796900,4)
(486700,1)
(5746100,1)
(10880600,1)
(8577200,1)
(2341300,1)
(4979400,1)
(4158500,15)
(10967000,2)
(10484600,1)
(397600,4)
(6917600,1)
(2089400,5)
(3029900,1)
(11235100,1)
(9849900,1)
(11300800,1)
(8330500,2)
(4503100,1)
(10360300,1)
(8740000,1)
(9007300,4)
(124800,13)
(4627400,7)
(1766300,1)
(2049800,3)
(9458300,1)
(4080100,1)
(4372700,1)
(223800,1)
(6884300,1)
(9474500,1)
(10512400,1)
(5010700,1)
(10646600,1)
(11048900,1)
(9314200,1)
(11102800,1)
(8334100,1)
(3430300,13)
(9870500,2)
(8553800,1)
(590100,5)
(8391800,17)
(10537700,1)
(6803200,6)
(10146100,1)
(10611400,1)
(7093000,3)
(7443100,2)
(9309800,3)
(9844400,1)
(11084900,1)
(1307600,2)
(7973300,1)
(955600,2)
(405600,2)
(4950500,2)
(7453000,6)
(2080300,33)
(3050500,3)
(1416500,1)
(3010900,1)
(10157900,3)
(10834700,1)
(10631200,1)
(8844500,8)
(8993000,2)
(1908500,1)
(6443200,1)
(1954400,233)
(6692600,1)
(1881500,4)
(10116400,1)
(2782400,1)
(1639800,1)
(4030600,3)
(3924500,3)
(8870600,1)
(2050600,1)
(2123500,3)
(10864400,1)
(10112800,1)
(11063200,1)
(2637500,1)
(10933700,1)
(11033500,2)
(5420200,2)
(8547500,1)
(9923600,3)
(5558000,1)
(5034100,1)
(3678900,1)
(648700,79)
(10710400,1)
(69800,1)
(9697800,2)
(4366400,2)
(7255000,1)
(9814700,1)
(2222500,1)
(10235200,1)
(949300,8)
(10850900,1)
(451500,52)
(10319900,1)
(113000,8)
(5514800,1)
(1521800,1)
(415500,6)
(10652900,1)
(1970600,2)
(9147800,1)
(10696100,1)
(2272000,2)
(2325100,8)
(3386300,47)
(9334000,1)
(6749300,2)
(2030800,1)
(10563800,1)
(9385400,1)
(9739100,1)
(979000,32)
(10870700,1)
(392100,1)
(5544500,1)
(10818500,1)
(5722700,1)
(4688700,1)
(8894000,4)
(10983200,1)
(10380100,2)
(8889600,1)
(9413200,1)
(9686000,1)
(4450000,1)
(2361100,1)
(1840000,2)
(10714000,2)
(1851800,17)
(4594100,10)
(9958800,1)
(10344100,1)
(7729400,1)
(1545200,20)
(783700,1)
(10443100,1)
(10296500,1)
(11142400,1)
(6621400,1)
(6328000,1)
(5508500,1)
(4819100,1)
(1426400,2)
(8953400,3)
(1290500,4)
(1056500,3)
(4237700,1)
(10973300,1)
(5441900,1)
(5342900,1)
(4439300,1)
(9850700,1)
(2979600,3)
(7088600,1)
(14800,630)
(9517700,2)
(9423100,4)
(7765400,1)
(7621300,1)
(664900,10)
(8286500,1)
(627000,6)
(5362700,7)
(1279800,22)
(4485200,6)
(10221700,1)
(9587000,1)
(5496900,7)
(24700,1)
(5415800,1)
(4851500,6)
(10304500,1)
(4990100,1)
(10735700,1)
(10676300,1)
(3450100,6)
(1742900,4)
(4449200,2)
(9088400,1)
(3376400,1)
(10494500,1)
(7395500,1)
(10858100,1)
(11177600,1)
(94000,2)
(5331100,1)
(2242300,2)
(7292900,2)
(10803100,1)
(10261300,1)
(5732600,7)
(7824800,1)
(1082600,2)
(322800,10)
(10172200,1)
(7448600,2)
(4014400,12)
(1062800,1)
(2949900,3)
(10167800,1)
(4574300,3)
(7400,35)
(8864300,1)
(9864200,1)
(10917500,1)
(3564500,1)
(2687000,1)
(213900,4)
(1896900,1)
(7365800,1)
(168000,1)
(3989400,1)
(2133400,3)
(9532000,2)
(2617700,1)
(4455500,10)
(1974200,14)
(3089300,1)
(7281100,2)
(5030500,2)
(9917300,3)
(603600,7)
(4471700,1)
(11106400,1)
(4876800,1)
(11083000,1)
(9527600,2)
(4184600,11)
(1492100,3)
(2534900,7)
(8983100,3)
(529900,157)
(8395400,1)
(10142500,1)
(1630700,3)
(6824900,1)
(8266700,2)
(1442600,2)
(7359500,1)
(3980300,2)
(2470000,6)
(10615000,1)
(7616900,2)
(4560800,1)
(9266600,2)
(4792100,2)
(2400700,3)
(9013600,5)
(10869900,1)
(9389000,1)
(10927400,1)
(524400,1)
(10808600,1)
(7063300,1)
(8958900,1)
(326400,1)
(11098400,1)
(2776100,1)
(2835500,1)
(10988700,2)
(10192000,1)
(8848100,1)
(10182100,1)
(3568100,1)
(11286500,1)
(3028000,1)
(9173900,1)
(7329800,1)
(11256800,1)
(11132500,1)
(3382700,12)
(9172000,3)
(3580700,2)
(1367000,1)
(3392600,2)
(1149200,6)
(10813000,1)
(9860600,1)
(9786900,1)
(4386200,6)
(9889500,1)
(10094900,1)
(8251300,1)
(3227900,5)
(10365800,1)
(10073200,2)
(5950400,1)
(2095700,20)
(752100,6)
(1819400,6)
(6360400,1)
(6625000,9)
(2701300,2)
(2599800,38)
(1716800,2)
(9588900,6)
(7037200,1)
(930300,2)
(3485300,23)
(10583600,2)
(1353500,121)
(134700,700)
(9943400,1)
(2034400,2)
(9286400,4)
(1535300,8)
(3237800,1)
(2127100,2)
(3400600,3)
(3667100,25)
(9339500,1)
(3742700,3)
(6537800,12)
(1705000,30)
(8369300,1)
(9310600,1)
(4491500,1)
(1980500,1)
(9488000,1)
(6779000,2)
(5736200,33)
(10017400,1)
(10907600,1)
(11146000,1)
(1940900,1)
(10329800,1)
(10749200,1)
(10271200,2)
(9271000,5)
(233700,2)
(2315200,5)
(8879700,47)
(59900,5)
(9251200,1)
(1051000,2)
(103100,1)
(6937400,3)
(7860800,1)
(400100,510)
(9927200,1)
(6933800,1)
(9761600,3)
(742200,2)
(387700,12)
(7197500,1)
(3647300,1)
(5397900,5)
(471300,56)
(1046600,2)
(3326900,1)
(3059600,8)
(1378800,1)
(1041100,4)
(108600,1)
(10587200,1)
(9983000,1)
(9201700,1)
(5045900,264)
(9335900,2)
(10007500,1)
(10200000,1)
(9137900,1)
(410000,8)
(1218500,1)
(288700,2)
(4934300,3)
(10527800,1)
(10552000,3)
(5564300,4)
(38200,2)
(8256800,1)
(1859000,1)
(1829300,1)
(5376200,18)
(5602000,2)
(3469100,2)
(169900,1)
(2321500,10)
(9053200,1)
(2188400,2)
(382200,15)
(9261100,1)
(8759000,4)
(10709600,1)
(10454900,1)
(1411000,1)
(1393100,1)
(5559900,1)
(128400,3)
(3305200,2)
(10350400,1)
(6889800,3)
(8903900,1)
(2420500,13)
(11094800,1)
(9715700,1)
(2772500,4)
(9478100,1)
(10122700,1)
(3361000,13)
(9369200,1)
(534300,18)
(2706800,46)
(945700,1)
(9755300,1)
(2028100,1)
(5919900,1)
(5698500,2)
(8296400,1)
(9058700,1)
(10894100,1)
(1312000,56)
(10083100,1)
(2677100,5)
(4138700,4)
(9666200,1)
(7225300,2)
(8751800,1)
(6769100,3)
(9642800,2)
(2064100,2)
(180600,1)
(11157800,1)
(8791400,73)
(940200,113)
(7380100,3)
(2153200,1)
(6641200,1)
(8686100,1)
(9507800,1)
(9729200,1)
(8304400,1)
(9895800,1)
(6858200,6)
(10156000,1)
(4965900,2)
(10245100,2)
(4194500,11)
(9611200,1)
(10957100,1)
(732300,30)
(6725900,2)
(9937100,1)
(9606800,1)
(11172100,1)
(2950700,1)
(1313900,23)
(11152300,1)
(11245000,1)
(11251300,1)
(1052900,3)
(8261200,1)
(8611300,1)
(6791600,1)
(6526000,2)
(528000,1)
(1294100,5)
(3060400,2)
(10765400,1)
(4481600,2)
(9796800,1)
(2479100,1)
(4534700,1)
(3095600,1)
(18400,76)
(7116400,2)
(9567200,2)
(684700,2)
(9157700,1)
(5475200,1)
(9371900,3)
(9221500,1)
(2075900,9)
(9692300,2)
(9235000,1)
(1337300,1)
(3513100,4)
(10795100,1)
(1333700,11)
(10453000,2)
(5831600,3)
(10488200,1)
(3030700,1)
(10597100,1)
(10043500,3)
(10474700,2)
(2667200,2)
(2435900,9)
(8418800,1)
(6907700,4)
(6795200,1)
(3653600,2)
(2839100,1)
(1104100,4)
(4216000,1)
(8597000,1)
(9112600,2)
(1096100,5)
(11183900,1)
(10068800,1)
(6527900,5)
(2716700,1)
(1109600,5)
(9751700,1)
(2643800,1)
(10943600,1)
(1608200,3)
(9710200,1)
(8329700,1)
(1571300,1)
(298600,13)
(2113600,1)
(4855100,1)
(1849100,33)
(7291000,1)
(3216100,3)
(9646400,2)
(3263900,1)
(2059700,21)
(1155500,20)
(1165400,3)
(9319700,1)
(3544700,3)
(2896800,1)
(2647400,1)
(3908300,3)
(10838300,1)
(7330600,1)
(1228400,3)
(9948900,1)
(10517900,1)
(4568000,2)
(6334300,1)
(1264400,4)
(5891000,3)
(9205300,1)
(3440200,8)
(5959500,1)
(8860700,60)
(2820100,1)
(1258100,1)
(9626600,7)
(8902000,1)
(981700,2)
(9890300,1)
(11043400,1)
(892600,1)
(7413400,1)
(9370000,4)
(9464600,2)
(10370200,2)
(9084800,1)
(2419700,1)
(4569900,1)
(3461900,5)
(11047000,1)
(4678800,4)
(7047100,3)
(924000,8)
(11027200,1)
(1660400,60)
(89600,5)
(5404000,2)
(5835200,1)
(10672700,1)
(10292900,1)
(1119500,1)
(8858000,1)
(6636800,2)
(1203100,9)
(8403400,2)
(1509200,119)
(3198200,2)
(10448600,2)
(8705900,1)
(1797900,1)
(8808500,2)
(2376500,4)
(11122600,3)
(10725800,1)
(11221600,1)
(2054200,16)
(4050400,1)
(11182000,1)
(10755500,1)
(409200,1)
(11023600,1)
(5613800,2)
(10300900,1)
(6983300,4)
(9448400,7)
(8890400,1)
(9730000,1)
(1650500,1)
(1472300,1)
(1011400,1)
(4550900,2)
(7142500,4)
(2174900,8)
(3643700,1)
(2137000,4)
(1695600,2)
(3283700,1)
(11231500,1)
(10953500,1)
(9345800,1)
(9023500,10)
(1208600,19)
(10502500,1)
(5910800,1)
(8884100,1)
(1805900,1)
(2293700,7)
(1383200,1)
(10937300,1)
(9027100,1)
(2831900,13)
(7073200,1)
(3396200,2)
(4701100,3)
(293100,2)
(9720100,1)
(9884000,1)
(544200,2)
(48100,336)
(10719500,1)
(9276500,1)
(10438700,1)
(10399100,1)
(7201900,1)
(10330600,2)
(9381800,1)
(3065900,10)
(3459200,1)
(1185200,1)
(10286600,2)
(10379300,1)
(2797800,1)
(465000,1)
(1984100,1)
(11201800,1)
(1500100,1)
(10027300,1)
(2627600,52)
(263400,5)
(9017200,5)
(2787900,3)
(5949600,2)
(9885900,1)
(1596600,2)
(9484400,1)
(9709400,1)
(6720400,1)
(3524900,1)
(6557600,40)
(8927300,10)
(3518600,1)
(1614500,3)
(10053400,4)
(4222300,27)
(10389200,1)
(9349400,2)
(9598800,1)
(9074900,12)
(1792400,1)
(11078600,1)
(1452500,2)
(4117000,2)
(5929800,1)
(9329600,1)
(9408800,2)
(11281000,1)
(2069600,1)
(6577400,2)
(530700,3)
(3914600,15)
(9480800,1)
(8913800,20)
(2168600,1)
(179800,3)
(253500,1)
(6781700,1)
(1224800,1)
(1741000,1)
(10003900,1)
(7221700,2)
(1659600,5)
(10013800,9)
(5726300,2)
(2117200,1)
(9468200,2)
(8720200,11)
(10126300,1)
(6760000,1)
(950100,6)
(4040500,1)
(1800400,1)
(2439500,2)
(4227800,2)
(9869700,1)
(4787700,1)
(5589600,1)
(11068700,1)
(6735800,1)
(9652700,1)
(10132600,1)
(2371000,9)
(5020600,1)
(3578000,5)
(6059300,1)
(1511900,2)
(1809500,1)
(2103700,7)
(2721100,8)
(8923700,2)
(2954300,1)
(10573700,1)
(8344000,1)
(8834600,1)
(7319900,1)
(174300,8)
(2984000,2)
(10715900,1)
(4940600,5)
(10177700,1)
(4683200,5)
(1302100,7)
(1581200,70)
(8292800,2)
(10978800,1)
(5346500,1)
(2999400,2)
(273300,3)
(4841600,1)
(4995600,1)
(1756400,1)
(8319800,3)
(7058900,3)
(3163000,1)
(4459100,1)
(8438600,2)
(243600,3)
(607200,3)
(11147900,1)
(3064000,1)
(6587300,2)
(4409600,11)
(8542000,1)
(3414100,1)
(44500,1)
(1628000,1)
(10136200,1)
(10739300,1)
(11261200,1)
(560400,18)
(10516000,1)
(10814900,1)
(6605200,3)
(9854300,1)
(2495300,14)
(10775300,2)
(9672500,1)
(1830100,2)
(9745400,3)
(7601500,2)
(7547600,2)
(9320500,1)
(2366600,1)
(9662600,1)
(6808700,2)
(1482200,1)
(6710500,1)
(9197300,1)
(4410400,1)
(9771500,1)
(10215400,1)
(4190900,39)
(10656500,2)
(6771800,4)
(1586700,4)
(5767800,1)
(8696000,1)
(7193900,1)
(3590600,1)
(10391900,1)
(1515500,4)
(4404100,1)
(2503300,3)
(7271200,2)
(9583400,1)
(40900,4)
(10506100,1)
(9489900,1)
(7167800,1)
(8854400,2)
(3523000,1)
(5809100,2)
(4667000,10)
(2607800,1)
(9428600,1)
(2277500,1)
(1561400,3)
(9330400,1)
(10889700,1)
(2792300,3)
(9094700,1)
(1669500,1)
(8360200,1)
(11276600,1)
(11167700,1)
(2940800,1)
(11296400,1)
(8027200,1)
(5055800,1)
(11205400,1)
(9547400,1)
(1171700,81)
(1026800,1)
(9365600,1)
(6714100,2)
(11007400,1)
(1195100,22)
(8859900,1)
(9434900,1)
(3117100,5)
(6615100,27)
(60700,6)
(9978600,1)
(8803000,103)
(9907400,1)
(3528500,1)
(9616700,1)
(8704000,2)
(10993100,1)
(5352800,1)
(4034200,3)
(11112700,3)
(10769000,1)
(2538500,1)
(3174800,1)
(4570700,1)
(9225100,1)
(5603900,2)
(10662800,1)
(8729300,3)
(1685700,4)
(1904900,4)
(9553700,1)
(9913700,1)
(1610900,150)
(9241300,1)
(1772600,2)
(9499800,1)
(9735500,1)
(1139300,2)
(1357100,1)
(9102700,2)
(7692500,2)
(9537500,1)
(1145600,29)
(5762300,3)
(8804900,1)
(9355700,2)
(2237900,2)
(10418900,1)
(9998400,2)
(716100,7)
(1644200,8)
(4168400,3)
(3232300,1)
(10923800,1)
(896200,13)
(3574400,1)
(10968900,1)
(11292800,1)
(1531700,3)
(164400,2)
(3267500,1)
(2766200,2)
(1541600,25)
(10152400,1)
(4762400,1)
(8785100,20)
(11209000,1)
(8399000,1)
(3148700,1)
(8666300,3)
(1110400,1)
(90400,2)
(2533000,1)
(9838100,1)
(1323800,3)
(1675800,1)
(10201900,1)
(3425900,10)
(4637300,1)
(10339700,1)
(1181600,1)
(9785000,2)
(2247800,1)
(10464800,1)
(6506200,1)
(8043400,6)
(7098500,2)
(7126300,1)
(8309900,1)
(10231600,1)
(1865300,2)
(9215200,1)
(6089000,1)
(8433100,1)
(138300,16)
(10490900,1)
(9073000,2)
(5960300,2)
(7136200,3)
(8994900,1)
(9300700,1)
(920400,1)
(10359500,1)
(4212400,1)
(3321400,1)
(10947200,1)
(3410500,4)
(11304400,1)
(9636500,1)
(4538300,1)
(10037200,1)
(2173000,3)
(1711300,12)
(9984900,1)
(10791500,1)
(6902200,2)
(653100,15)
(3128900,2)
(4693100,2)
(10626800,1)
(1839200,1)
(8755400,2)
(4508600,3)
(441600,3)
(10547600,1)
(5752400,1)
(8464700,1)
(9903800,1)
(7957100,1)
(6686300,4)
(10745600,2)
(7375700,1)
(8345900,1)
(8795000,1)
(6739400,2)
(4133200,32)
(1016900,5)
(6943700,1)
(10197500,1)
(10824800,1)
(10692500,1)
(7532200,1)
(7370200,1)
(9953300,1)
(1021300,3)
(9043300,1)
(4865000,1)
(10211800,2)
(10276700,1)
(726000,32)
(7818500,1)
(8626700,1)
(1736600,1)
(564000,1)
(3617600,1)
(9899400,1)
(2612200,5)
(7438700,1)
(8700400,1)
(10557500,1)
(658600,6)
(1670300,2)
(4217900,1)
(1664000,1)
(9781400,1)
(5742500,1)
(8814800,36)
(2871500,54)
(9256700,1)
(9765200,2)
(7324300,1)
(4242100,8)
(1031200,1)
(8300800,5)
(425400,6)
(10340500,1)
(3366500,3)
(1624400,4)
(9246800,1)
(3090100,2)
(4382600,2)
(8458400,1)
(5985600,1)
(5815400,1)
(10730200,1)
(4985700,2)
(5777700,3)
(9324100,1)
(575800,3)
(9395300,1)
(7943600,4)
(1510000,4)
(5584100,326)
(1995900,1)
(613500,52)
(1640600,1)
(9994800,2)
(4513000,1)
(9418700,2)
(3800,419)
(10255000,1)
(991600,11)
(7399100,3)
(9003700,374)
(1373300,1)
(7715900,1)
(10101000,1)
(2841800,1)
(5419400,1)
(3904700,1)
(2163100,1)
(411900,1)
(4049600,1)
(599200,2)
(10761800,1)
(3103600,3)
(11282900,1)
(11246900,1)
(10498100,1)
(7162300,1)
(7385600,1)
(4960400,3)
(6291100,2)
(80500,10)
(5793900,1)
(9433000,1)
(3558200,1)
(148200,1)
(4930700,2)
(84100,14)
(7527800,1)
(7215400,2)
(10720300,1)
(8895900,1)
(2455700,3)
(10047100,1)
(7132600,1)
(9304300,3)
(5554400,1)
(10433200,4)
(3479000,2)
(6552100,3)
(9631000,2)
(8084900,1)
(455100,6)
(7286600,1)
(8116300,1)
(9037000,1)
(1928300,1)
(7068800,2)
(811500,1)
(1254500,1)
(7542100,11)
(5059400,1)
(1782500,1)
(3315100,1)
(9700300,1)
(9211600,1)
(4518500,2)
(9725600,1)
(3594200,3)
(3409700,1)
(10385600,1)
(2518700,1)
(4188200,37)
(6775400,1)
(8276600,1)
(9632900,1)
(10879800,1)
(7814900,1)
(2074000,2)
(10375700,1)
(8937200,1)
(6696200,3)
(5069300,1)
(8963300,39)
(9791300,5)
(9098300,3)
(6583700,46)
(4440100,1)
(10759100,1)
(8725700,1)
(7730200,1)
(7391900,1)
(9470900,1)
(569500,39)
(10266800,1)
(5801900,3)
(10098500,1)
(10308100,1)
(10324300,1)
(1150000,3)
(10828400,1)
(5673200,3)
(9187400,1)
(10314400,1)
(10355900,2)
(4414000,2)
(10209100,1)
(491100,1)
(11314300,1)
(9116200,1)
(2523100,43)
(633300,11)
(5970200,1)
(4821800,6)
(9973100,1)
(8003800,1)
(4107100,1)
(6573800,1)
(9818300,1)
(10666400,1)
(6704200,3)
(904200,22)
(643200,13)
(1036700,1)
(10318000,1)
(4999200,18)
(7593500,7)
(2414200,4)
(10593500,1)
(8407000,2)
(1487700,12)
(7320700,1)
(2301700,3)
(8709500,1)
(4908200,1)
(2178500,2)
(6676400,1)
(8454800,1)
(199600,11)
(8828300,2)
(1505600,30)
(419100,12)
(1159100,44)
(3990200,1)
(8824700,13)
(7506100,2)
(9682400,1)
(10458500,1)
(10310800,2)
(2040700,11)
(1861700,3)
(10423300,1)
(7494500,1)
(628900,72)
(10890500,1)
(377800,41)
(3034300,4)
(3222400,1)
(722400,1)
(965500,16)
(9577100,1)
(9880400,1)
(10700500,1)
(11013700,1)
(7339700,1)
(10868000,1)
(8320600,1)
(8037100,1)
(10033600,6)
(1280600,2)
(3099200,1)
(2881400,1)
(1810300,1)
(9136000,2)
(5049500,1)
(5198000,1)
(1604600,2)
(1005100,2)
(11116300,1)
(257100,44)
(7484600,13)
(8102800,2)
(11037100,1)
(668500,12)
(10162300,1)
(1456100,10)
(7781600,1)
(11241400,1)
(9563600,1)
(3940700,1)
(3886800,11)
(1343600,1)
(1701400,1)
(5886600,18)
(7615000,1)
(6631300,8)
(4514900,1)
(10532200,1)
(10729400,1)
(10751900,1)
(10902100,1)
(9193700,1)
(3127000,6)
(154500,3)
(9557300,4)
(1835600,1)
(579400,1)
(9236900,1)
(5845100,1)
(8682500,2)
(3716600,3)
(2622100,1)
(1446200,7)
(7498100,1)
(5825300,1)
(2471900,1)
(10998600,1)
(1175300,7)
(9933500,1)
(9731900,1)
(10063300,1)
(5481500,2)
(10750000,1)
(5306900,1)
(1649700,32)
(7057000,1)
(7403500,1)
(11058800,1)
(11225200,1)
(10913900,1)
(54400,8)
(9719300,1)
(9593300,1)
(8880500,1)
(5991900,2)
(7563800,2)
(9705800,1)
(9828200,1)
(747700,1)
(9142300,1)
(8907500,1)
(3085700,38)
(11215300,1)
(11310700,1)
(674800,1)
(8365700,2)
(1130200,1)
(9282800,1)
(283200,9)
(3918200,2)
(158100,2)
(8715800,1)
(9162100,1)
(6813100,6)
(2445800,16)
(6844700,1)
(5039600,1)
(10281100,1)
(8606900,2)
(2085800,2)
(3584300,1)
(4975800,1)
(1950800,6)
(5459000,2)
(2273900,1)
(9360100,1)
(5819000,1)
(10002000,1)
(8246900,1)
(8840900,2)
(1825700,8)
(3560900,4)
(10369400,1)
(217500,80)
(7803100,1)
(9296300,1)
(10334200,1)
(9403300,1)
(8917400,2)
(595600,3)
(10193900,1)
(6597200,2)
(10874300,1)
(1248200,1)
(6818600,1)
(1100500,1)
(10102900,1)
(2489000,8)
(4989300,1)
(11308000,1)
(10567400,1)
(8646500,1)
(5471600,3)
(8593400,1)
(9775100,1)
(5797500,1)
(5491400,1)
(3637400,3)
(7512400,2)
(10522300,2)
(1497600,37)
(4113400,1)
(421800,1417)
(11193800,1)
(6562000,13)
(10636700,1)
(3188300,1)
(8310700,1)
(8710300,1)
(9350200,1)
(8968800,1)
(3020800,35)
(8988600,8)
(6626900,1)
(2430400,1)
(10403500,1)
(9494300,3)
(2959800,29)
(74200,11)
(10057000,1)
(5944100,1)
(8957000,1)
(6235300,2)
(6834800,6)
(10187600,1)
(10740100,1)
(2469200,4)
(3475400,2)
(10844600,1)
(9749000,1)
(2202700,16)
(11073100,1)
(9444800,2)
(7488200,3)
(445200,188)
(886300,1)
(3930800,2)
(9359300,1)
(3202600,17)
(6730300,2)
(10854500,1)
(1665900,1)
(961900,1)
(6512500,1)
(10093000,1)
(9512200,3)
(10577300,2)
(8271100,1)
(11017300,1)
(7597100,1)
(2465600,1)
(10256900,1)
(3495200,1)
(9859800,1)
(9676100,1)
(9840800,1)
(3554600,2)
(10771700,1)
(10241500,2)
(5277200,1)
(7587200,1)
(7261300,1)
(6838400,1)
(7795100,1)
(11211700,1)
(28300,4)
(1804000,1)
(7354000,2)
(8765300,1)
(10023700,1)
(1234700,1)
(3331300,3)
(5866800,1)
(247200,1)
(8775200,29)
(10468400,1)
(2262100,1)
(4257500,1)
(10390000,2)
(10704100,1)
(10428800,1)
(8781500,22)
(11162200,2)
(1092500,1)
(10641100,5)
(3782300,8)
(1076300,1)
(10225300,1)
(3602200,1)
(8642900,1)
(1238300,1)
(9533900,1)
(4524800,2)
(79700,162)
(4954100,2)
(1964300,1)
(10417000,1)
(10106500,1)
(9106300,1)
(2396300,7)
(6880700,1)
(9167600,1)
(2985900,2)
(2143300,8)
(10058900,2)
(10860800,1)
(1959900,4)
(6225400,1)
(3429500,4)
(9502300,1)
(3164900,7)
(11003800,1)
(9879600,2)
(9063100,10)
(9183800,2)
(9824600,1)
(5811800,1)
(10553900,1)
(7053400,1)
(11197400,1)
(4712900,2)
(7636700,1)
(7735700,1)
(10320700,1)
(11088500,1)
(4198100,3)
(9804800,1)
(6593600,1)
(960000,2)
(8998500,2)
(4558100,1)
(8874200,2)
(9848000,1)
(4548200,1)
(10601500,1)
(9379100,1)
(2969700,7)
(4174700,6)
(6532300,39)
(1629900,1)
(4810000,1)
(9152200,1)
(9601300,1)
(1347200,39)
(9573500,1)
(4465400,1)
(8543900,1)
(1519100,1)
(1845500,1)
(6724000,4)
(5989200,1)
(2283800,1)
(10205500,1)
(4178300,7)
(11271100,1)
(10291000,1)
(496600,1)
(9132400,1)
(549700,3)
(11126200,1)
(5060200,1)
(10088600,1)
(9231400,2)
(10251400,1)
(2829200,2)
(10395500,1)
(9968700,1)
(3471800,7)
(1938200,5)
(7755500,1)
(10686200,1)
(4528400,1)
(11187500,1)
(4910900,7)
(9340300,2)
(3999300,1)
(4970300,1)
(10899600,1)
(1432700,8)
(6522400,1)
(10542100,2)
(8869800,1)
(617100,1)
(8838200,13)
(9375500,4)
(4809200,5)
(2809400,4)
(1689300,3)
(10682600,1)
(3184700,1)
(6516100,1)
(3004600,1)
(2810200,9)
(9963200,1)
(118500,15)
(6719600,1)
(11266700,1)
(10605100,3)
(1114000,433)
(7417000,2)
(4039700,1)
(227400,54)
(3439400,1)
(6389300,2)
(8818400,1)
(10781600,1)
(2206300,7)
(4153000,8)
(3960500,1)
(8601400,1)
(8339600,2)
(1591100,30)
(10651000,1)
(5980100,1)
(10478300,1)
(554100,1)
(7577300,1)
(10349600,1)
(9292700,1)
(58000,1)
(6729500,3)
(6563900,6)
(985300,13)
(8308000,1)
(6890600,7)
(3460000,1)
(4861400,2)
