(9029000,1)
(9393600,1)
(5566200,3)
(8862600,1)
(4894900,1)
(1790700,1)
(6940100,5)
(10530500,1)
(10154300,2)
(3452000,1)
(2718600,1)
(7961700,3)
(4097400,1)
(7332500,1)
(9213500,3)
(6732200,1)
(1713200,1)
(9451100,2)
(10352300,1)
(4789600,1)
(3072200,1)
(5947900,1)
(3521300,1)
(9203600,1)
(10169700,1)
(601900,3)
(3161300,1)
(9278400,1)
(1236600,2)
(136600,9)
(205900,9)
(4230500,15)
(10009400,1)
(9387300,1)
(9124400,4)
(9832800,1)
(66200,1)
(4982100,1)
(7520600,1)
(390400,1)
(8910200,1)
(9909300,1)
(7322600,1)
(6892500,2)
(3364800,1)
(11159700,1)
(2779900,3)
(9149700,1)
(1921100,1)
(7124600,1)
(1499500,12)
(724300,1)
(10227200,1)
(1375200,1)
(9778900,1)
(9426900,1)
(7421600,1)
(11118200,1)
(9035300,5)
(52700,15)
(1646100,2)
(4313300,1)
(4473600,2)
(4946100,9)
(4220600,5)
(7294800,1)
(8965200,1)
(597500,1)
(6690900,3)
(9383700,1)
(4255800,12)
(10545900,1)
(10763700,1)
(6886200,3)
(1064700,7)
(9362000,4)
(6763800,1)
(186100,37)
(9925500,1)
(3942600,1)
(10405400,1)
(9559200,1)
(3141500,2)
(10096800,1)
(686600,1)
(9788800,1)
(6559500,46)
(2145200,3)
(10540400,1)
(3966000,1)
(9919200,4)
(7114700,1)
(6569400,1)
(11000200,1)
(4992000,66)
(4087500,1)
(11020000,1)
(9164000,1)
(2111900,1)
(10892400,1)
(11302700,1)
(9189300,1)
(2936400,2)
(8306300,1)
(3186600,2)
(7971600,1)
(2368500,1)
(11164100,1)
(9961500,1)
(3348600,6)
(5582400,1)
(5615700,1)
(7508000,1)
(10654800,1)
(9872400,1)
(9071300,6)
(11051600,1)
(437200,3)
(4402400,2)
(1371600,3)
(11124500,1)
(1068300,7)
(2204600,1)
(10326200,1)
(275200,2)
(3338700,1)
(8939100,1)
(7268700,3)
(3022700,1)
(9228900,7)
(10996900,1)
(3368400,33)
(5453700,10)
(21100,2)
(9415100,1)
(10138100,1)
(5724600,8)
(8608800,2)
(433600,36)
(8935500,1)
(196000,216)
(6950000,1)
(9945300,2)
(9104600,1)
(8919300,1)
(2780700,2)
(6920300,1)
(2784300,5)
(10085000,1)
(9613100,1)
(1197000,3)
(11035400,1)
(10387500,1)
(2378400,2)
(2473800,2)
(10876200,1)
(7545900,2)
(4936200,3)
(10441400,1)
(7055300,1)
(8882400,5)
(7496400,1)
(7128200,1)
(9233300,3)
(7599000,1)
(9763500,1)
(1044900,1)
(11096700,1)
(1300400,2)
(10086900,1)
(8846400,2)
(10382000,1)
(413800,2)
(10658400,1)
(10061600,1)
(10020100,1)
(1183500,2)
(5708400,1)
(9160400,2)
(9910100,1)
(7411700,2)
(2956200,1)
(10298400,1)
(1602900,1)
(5912700,2)
(9783300,1)
(230100,1)
(6747600,2)
(1966200,8)
(10263200,1)
(1503900,45)
(10306400,1)
(10727700,1)
(7519800,1)
(10217300,1)
(11154200,1)
(10773600,1)
(6618900,4)
(8263100,1)
(562300,29)
(9674400,2)
(10243400,1)
(6702500,3)
(3230600,1)
(1143900,16)
(790000,61)
(7941900,1)
(4141400,1)
(10258800,2)
(11223500,1)
(8856300,1)
(3526800,1)
(3191000,1)
(3551000,1)
(8273000,1)
(9496200,1)
(11138000,1)
(4868800,16)
(131100,8)
(611800,1)
(9298200,1)
(10237100,1)
(4952400,1)
(775700,41)
(4012700,1)
(9519600,1)
(10549500,1)
(10638600,1)
(3265800,14)
(4374600,1)
(1345500,4)
(10684500,1)
(26600,1)
(10031900,1)
(11120900,2)
(3218000,19)
(453400,42)
(2610500,1)
(1833900,1)
(8945400,2)
(11273000,1)
(1656000,4)
(210300,9)
(10920200,1)
(11253200,1)
(3427800,1)
(6919500,2)
(494900,5)
(8540300,3)
(389600,15)
(5993800,1)
(11104700,1)
(9223400,2)
(8150600,1)
(251800,106)
(572200,1)
(10581900,1)
(7777200,3)
(8801300,1)
(1033100,2)
(2011000,1)
(2883300,6)
(10393800,1)
(10985100,1)
(10806900,1)
(4463700,1)
(993500,4)
(1807800,1)
(10383900,1)
(360700,1)
(4863300,2)
(9061400,1)
(4629300,1)
(3604100,1)
(1802300,1)
(10159800,1)
(2406200,1)
(3171200,1)
(4275600,2)
(5412200,2)
(9733800,1)
(10051700,6)
(5847000,1)
(229300,7)
(3932700,1)
(666800,27)
(1341900,3)
(9634800,1)
(1812200,3)
(6896100,1)
(9524000,1)
(9991200,1)
(9159600,1)
(4002800,2)
(4209900,1)
(9540200,1)
(10482900,1)
(2452100,2)
(10367700,1)
(10925700,1)
(11065100,1)
(1122200,38)
(5407800,1)
(3997600,3)
(146500,1)
(6909600,1)
(10362200,1)
(1460700,4)
(1305900,4)
(3883200,1)
(10777200,1)
(172600,9)
(3922800,2)
(493000,26)
(730600,387)
(5813700,1)
(10030000,1)
(1013300,12)
(4384500,1)
(1843800,3)
(10199400,1)
(11091200,1)
(749600,3)
(5740800,5)
(5587900,4)
(200400,1)
(9793200,1)
(1325700,77)
(11243300,1)
(10486500,1)
(8737500,1)
(10599000,1)
(1319400,3)
(2250500,7)
(5556300,4)
(9892200,1)
(9169500,7)
(10680900,1)
(9118100,2)
(9707700,1)
(6504500,1)
(8336000,2)
(4582500,1)
(5374500,6)
(10643000,1)
(799100,1)
(239200,12)
(2467500,2)
(10831100,1)
(9773400,6)
(10981500,1)
(1490400,18)
(3119000,2)
(5754300,19)
(2100100,1)
(8816700,1)
(10706000,1)
(11213600,1)
(997100,4)
(121200,7)
(3432200,9)
(10991400,1)
(11288400,1)
(1863600,4)
(8258700,1)
(1780800,1)
(9717600,10)
(1799800,1)
(9045200,1)
(3977800,2)
(5848900,2)
(10446900,1)
(10081400,1)
(567800,8371)
(10949100,1)
(8931900,12)
(62600,1)
(2770800,1)
(56300,532)
(10015700,3)
(8702300,2)
(240000,5)
(4115300,4)
(6519900,1)
(6904100,2)
(8949000,5)
(3156900,2)
(11114600,1)
(9816600,1)
(2046200,1)
(6773700,4)
(6717900,1)
(10180400,1)
(2521400,11)
(2802200,6)
(4956000,1)
(10569300,1)
(10174100,1)
(8550200,2)
(4156800,5)
(1276200,1)
(1523700,2)
(10595400,1)
(8821100,1)
(8575500,1)
(4072100,2)
(9668100,1)
(1774500,3)
(5661600,1)
(4671600,3)
(6821300,18)
(8920100,108)
(1553400,22)
(9921900,2)
(5738100,5)
(1992300,1)
(2525000,1)
(8591700,1)
(3457500,1)
(5774100,2)
(271600,1)
(9327900,1)
(9441200,1)
(5967700,4)
(2422400,1)
(739700,1)
(8852700,1)
(7065200,1)
(5249400,2)
(11134400,1)
(2807700,4)
(3586200,2)
(1622700,1)
(9638400,1)
(1598500,1)
(9670800,2)
(2416100,3)
(4042400,1)
(7405400,1)
(11086800,1)
(1385100,17)
(5730900,26)
(7797000,2)
(8975100,1)
(4526700,1)
(9456600,1)
(6067500,3)
(9550100,1)
(3259500,2)
(4630100,1)
(11195700,1)
(3384600,3)
(9539400,5)
(10233500,1)
(8832900,1)
(6939300,1)
(3192900,4)
(2972400,1)
(3799600,1)
(6570200,1)
(1778100,29)
(2121800,1)
(11149800,1)
(2778000,7)
(209500,1)
(10312700,1)
(10915800,1)
(5770500,2)
(947600,5)
(4219800,1)
(1028700,1)
(9545700,1)
(9238800,1)
(1616400,3)
(4516800,1)
(8415200,1)
(10862700,1)
(1601000,1)
(1911200,2)
(2208200,15)
(2129000,13)
(7524200,1)
(10747500,1)
(2827500,3)
(32900,11)
(7283000,1)
(10841000,1)
(10268700,1)
(10591800,1)
(4655400,1)
(1418400,2)
(4245900,11)
(9051500,1)
(8045300,1)
(11284800,1)
(9011900,1)
(4576200,1)
(10160600,1)
(2857200,1)
(9199200,1)
(443500,69)
(7674600,1)
(10347900,1)
(3026300,1)
(2077800,1)
(9514100,1)
(10288500,2)
(5750700,1)
(9300,189)
(9363900,1)
(1667800,5)
(10510700,1)
(9555600,1)
(10322600,1)
(2166900,15)
(9010000,6)
(4795900,4)
(740500,1)
(9180200,1)
(11237000,1)
(8020000,1)
(3412400,1)
(1956300,38)
(5906400,2)
(4932600,2)
(4181000,4)
(9679900,1)
(5493300,1)
(625300,3)
(197900,10)
(9801200,1)
(249100,62)
(11140700,1)
(11294700,1)
(3893100,1)
(2026400,1)
(6915900,1)
(6787200,1)
(848600,1)
(4906500,1)
(11139900,1)
(8930000,1)
(9624900,11)
(10797000,1)
(106900,8)
(10900400,1)
(295000,82)
(9852600,1)
(671200,3)
(5982000,2)
(7104800,1)
(3087600,1)
(2032700,3)
(10128200,1)
(10471100,1)
(11190200,1)
(6514400,2)
(8581800,2)
(11312600,1)
(7559400,2)
(9905700,1)
(9091100,1)
(4279200,1)
(7882500,1)
(11189400,2)
(5952300,2)
(5333000,23)
(927800,6)
(9405200,1)
(1153800,1)
(2042600,6)
(4182900,5)
(1893300,1552)
(9284700,1)
(4077600,1)
(6654900,1)
(655000,7)
(2515100,1)
(6441500,1)
(9603200,5)
(11029100,1)
(11248800,1)
(9737400,1)
(10793400,1)
(9996700,1)
(11227100,1)
(4208000,3)
(6237200,1)
(2645700,14)
(1513800,135)
(902500,13)
(5526600,1)
(225700,5)
(1784400,1)
(4770600,5)
(2764500,2)
(8680800,1)
(6712400,3)
(8717700,1)
(1563300,1)
(2260400,4)
(4166700,5)
(10560200,1)
(9561900,1)
(4552800,1)
(9530300,1)
(10445000,1)
(8887900,1)
(9081200,3)
(10717800,1)
(8743800,1)
(76100,16)
(1734900,2)
(4506900,2)
(5728200,2)
(2275800,1)
(7199400,2)
(600000,1)
(3111800,1)
(4214300,1)
(10559400,1)
(10852800,1)
(10971600,1)
(1976100,2)
(11015600,1)
(220200,50)
(10565700,1)
(9866100,1)
(9342200,1)
(7045400,2)
(423700,12)
(281500,2)
(9130700,1)
(5734500,5)
(9306200,9)
(8633000,1)
(10628700,1)
(2629500,2)
(10941900,1)
(7706000,1)
(5358300,1)
(141000,1)
(8836500,1)
(853000,1)
(10496400,1)
(7049000,1)
(10534100,1)
(4596000,1)
(5744400,1)
(4280000,1)
(3592500,24)
(10357800,2)
(2992200,1)
(7118300,2)
(1106000,45)
(7288500,5)
(2501600,3)
(8986900,2)
(8559300,1)
(8298300,2)
(10195800,1)
(11207300,1)
(8065100,2)
(9535800,3)
(6945600,3)
(3936300,1)
(2661900,57)
(8539500,2)
(9504200,1)
(11010100,2)
(10189500,4)
(10134500,1)
(6575700,1)
(2487300,4)
(9021800,1)
(72500,2)
(9569100,1)
(4505000,2)
(5105300,3)
(8892300,15)
(9461000,1)
(7382000,1)
(7481000,1)
(5858800,1)
(10025600,1)
(9373800,1)
(379700,4)
(7415300,1)
(2614100,14)
(1003400,25)
(8595300,1)
(1936500,1)
(8690700,1)
(9476400,1)
(8278500,2)
(1297900,2)
(621700,7)
(8866200,4)
(8951700,6)
(1606500,2)
(1038600,1)
(9466500,3)
(2384700,16)
(3250400,1)
(7154300,1)
(4417800,1)
(10421600,2)
(7134500,1)
(3487200,1)
(4740900,32)
(8929200,7)
(11268600,1)
(5987500,2)
(6579300,14)
(5388000,8)
(2244200,1)
(532600,13)
(1206900,21)
(8618700,1)
(9644700,1)
(4704900,20)
(3992100,1)
(9941700,1)
(6510800,1)
(1867200,1)
(31000,1)
(36500,56)
(6524300,37)
(2432300,4)
(6856500,1)
(6263300,2)
(8777100,1)
(9920000,2)
(9436800,1)
(10585500,1)
(10509900,1)
(2006600,2)
(5790300,2)
(10613300,1)
(4493400,1)
(681100,12)
(1173600,3)
(785600,13)
(922300,17)
(5062100,2)
(4186500,5)
(11298300,1)
(6628800,17)
(4477200,2)
(4447500,1)
(8876100,1)
(9595200,1)
(3166800,1)
(2125400,2)
(4378200,3)
(9777000,3)
(4813800,1)
(10737600,1)
(10633100,1)
(2056100,2)
(11203700,1)
(8826600,1)
(1768200,4)
(3437700,2)
(3109100,1)
(9654600,1)
(5922600,1)
(3406100,13)
(1231100,51)
(3353000,1)
(9031700,5)
(10897900,1)
(10811300,1)
(1986000,11)
(6767400,1)
(10965300,1)
(5957800,1)
(1438200,10)
(1094400,3)
(9965100,1)
(2290100,7)
(10690800,1)
(7425200,2)
(3576300,9)
(1817700,9)
(9660900,1)
(10603400,1)
(7540400,1)
(6565800,1)
(348100,1)
(10041800,1)
(9608700,1)
(11217200,1)
(7278600,2)
(10910300,1)
(11170400,1)
(11055200,1)
(6623300,3)
(384100,4)
(6539700,1)
(394000,1)
(8035400,6)
(7227200,1)
(1112300,13)
(9935400,2)
(11238900,1)
(9425000,1)
(2087700,1)
(1088100,1)
(10045400,1)
(8326100,1)
(691000,2)
(8798800,14)
(10456800,1)
(6805100,1)
(9882300,2)
(10071500,2)
(447100,2)
(10431500,1)
(10579200,1)
(2186700,2)
(10223600,1)
(10644900,1)
(6550400,2)
(9332300,1)
(9207200,1)
(2270300,6)
(7892400,2)
(9431300,1)
(3275700,165)
(3002900,1)
(8996800,4)
(10283000,1)
(2171300,10)
(9658200,1)
(5620100,1)
(8961600,1)
(407500,6)
(1310300,1)
(10698000,2)
(8787000,3)
(8120900,2)
(7140800,1)
(2952600,6)
(11169600,1)
(4234100,1)
(8955300,1)
(7138100,1)
(1873500,13)
(10377600,1)
(9446700,1)
(3531200,1)
(10836600,1)
(10783500,1)
(3299100,12)
(1335600,1)
(5799400,1)
(9120800,1)
(645100,5)
(8991300,1)
(10699900,1)
(9114500,2)
(3639300,2)
(358000,1)
(6727800,2)
(9690600,1)
(6694500,4)
(10114700,1)
(10707900,1)
(10372100,1)
(1330100,1)
(780100,1)
(6529800,1)
(1888900,19)
(552400,1)
(898100,26)
(4807500,1)
(9509700,4)
(3234200,7)
(9862500,1)
(6590000,8)
(8589000,1)
(7180400,2)
(4260200,2)
(5473500,7)
(3511400,5)
(2161400,1)
(10742000,1)
(1612800,6)
(9981300,2)
(166300,3)
(3665400,1)
(1428300,1)
(380500,3)
(2052500,6)
(10000300,1)
(2609700,2)
(7698000,1)
(10935600,1)
(10035500,1)
(1693900,2)
(11005700,1)
(8322500,2)
(8373900,1)
(4977700,5)
(6866400,6)
(5488900,2)
(9876000,1)
(1198900,8)
(9066900,1)
(2082200,2)
(6815000,1)
(10904000,1)
(6589200,1)
(9529500,1)
(8767200,1)
(5759800,9)
(8268600,1)
(3390900,3)
(5370900,9)
(9337800,1)
(9680700,1)
(2333300,1)
(9975000,2)
(92300,1)
(11274900,1)
(7248900,3)
(1048500,7)
(1738500,20)
(9185700,4)
(8831000,1)
(10712300,1)
(3417900,3)
(1642500,2)
(7273100,1)
(10930100,1)
(10284900,1)
(10055300,1)
(6688200,1)
(10821200,1)
(9678000,1)
(9579000,1)
(10504400,1)
(10846500,2)
(4695000,3)
(2790600,1)
(700900,4)
(395900,20)
(5795800,1)
(11130800,1)
(8915700,1)
(9897700,1)
(1282500,42)
(2388300,1)
(11200,138)
(10570100,1)
(6653000,1)
(9836400,1)
(1857300,13)
(2639400,3)
(5586000,1)
(3501500,1)
(3006500,16)
(9274800,1)
(8367600,1)
(3240500,1)
(5600300,1)
(6617000,2)
(6633200,2)
(10732100,1)
(10005800,1)
(3394500,69)
(10555800,1)
(11009300,1)
(1454400,148)
(9401600,1)
(3483600,1)
(9055100,1)
(2505200,3)
(729800,3)
(10140800,1)
(9170300,1)
(2295600,1)
(4987600,3)
(11108300,1)
(291400,17)
(4681500,2)
(932200,62)
(9955200,1)
(10500800,1)
(1292400,23)
(10278600,1)
(3121700,2)
(9352100,1)
(1748400,3)
(3402500,4)
(8585400,1)
(5645400,2)
(1703300,2)
(9591600,1)
(5487000,2)
(9000100,1)
(126700,2)
(9190100,2)
(11031800,1)
(9986800,1)
(2394600,3)
(2898700,1)
(5417700,4)
(7539600,1)
(6862800,4)
(8041700,1)
(4718400,1)
(3982200,2)
(2307200,1)
(9664500,1)
(1320200,10)
(11041700,1)
(1916700,3)
(152800,2)
(2685300,1)
(5972100,1)
(734200,11)
(9727500,1)
(7108400,2)
(6706100,3)
(9900200,1)
(8372000,1)
(2888800,2)
(3285600,1)
(4328700,1)
(1558900,6)
(10959000,1)
(4572600,1)
(4192800,2)
(838700,32)
(9806700,1)
(1381500,3)
(4714800,1)
(7409000,2)
(4453800,1)
(10909500,1)
(10955400,1)
(10743900,2)
(3317000,4)
(7575600,5)
(9623000,1)
(4006400,3)
(10767300,1)
(2562900,3)
(1652400,4)
(7039100,6)
(6753900,3)
(2254100,1)
(9316100,1)
(9263000,1)
(9268500,1)
(8783400,2)
(6607100,16)
(3374700,1)
(3354900,40)
(1309500,1)
(9253100,1)
(894500,1)
(1847400,2)
(10425200,1)
(9150500,1)
(4016300,2)
(5946000,1)
(2901200,2)
(10668300,1)
(1788000,1)
(11075000,1)
(2457600,2)
(4708500,1)
(1142000,4)
(1733000,6)
(9326000,8)
(9140600,2)
(10253300,1)
(9397200,3)
(10524200,1)
(9025400,3)
(4483500,1)
(8342300,1)
(3220700,1)
(2493600,4)
(6722300,1)
(4696900,1)
(3477300,1)
(8332400,1)
(9712100,1)
(9757200,1)
(6643100,3)
(8466600,2)
(1349100,1)
(10065200,1)
(2906700,4)
(11081300,1)
(2483700,1)
(2561000,14)
(9462900,1)
(10757400,1)
(1794300,1)
(3911000,4)
(6196200,2)
(7550300,1)
(10302800,1)
(1697500,1)
(9108200,1)
(11128100,1)
(9312500,1)
(1157400,6)
(10108400,1)
(2437800,1)
(2620400,26)
(10508000,1)
(7401800,2)
(9931800,1)
(9110900,4)
(1211300,2)
(4407900,3)
(1193400,1)
(5833500,2)
(7031900,1)
(8842800,3)
(7492800,10)
(9702200,3)
(10316300,1)
(4229700,41)
(10607000,1)
(1502000,67)
(2987800,1)
(3649200,1)
(4046000,2)
(9096600,12)
(259000,2)
(1672200,1)
(2893200,2)
(10130900,1)
(11061500,1)
(9694200,1)
(1547100,5)
(4833600,1)
(10951800,1)
(10805000,1)
(5562600,1)
(10149900,1)
(6555900,2)
(6882600,3)
(10124600,1)
(4151300,1)
(8747400,1)
(7549500,1)
(10801400,1)
(10753800,1)
(2364900,3)
(4026200,7)
(1054800,1)
(1090800,242)
(10648500,1)
(3556500,2)
(483100,4)
(261700,16)
(592000,6)
(2299200,1)
(7377600,1)
(10722200,1)
(11175900,1)
(3093900,3)
(8549400,2)
(10294800,1)
(10608900,1)
(87900,6)
(3200900,5)
(2323400,5)
(10664700,1)
(9560000,5)
(1226700,4)
(3358500,3)
(2348700,1)
(1578700,2)
(5807400,2)
(9248700,1)
(7393800,1)
(10091300,1)
(651400,4)
(8352200,2)
(2151500,2)
(10104800,1)
(8108300,1)
(4993900,1)
(2768100,2)
(9971400,3)
(9165900,1)
(3280100,1)
(1458000,1)
(9128000,12)
(3898600,4)
(1495900,1)
(10896000,1)
(2062400,1)
(4390800,4)
(10203800,1)
(10029200,2)
(42800,19)
(1789900,1)
(6698100,2)
(97800,24)
(6518000,3)
(3552900,2)
(9322400,1)
(10623200,1)
(8985000,1)
(7613300,1)
(6549600,2)
(5399800,1)
(4239600,1)
(4675200,31)
(10702400,1)
(285100,1223)
(6737700,1)
(3388200,8)
(5760600,3)
(10816800,1)
(10995000,1)
(11258700,1)
(10207400,1)
(9179400,14)
(4912800,2)
(10118300,1)
(11021900,1)
(2285700,1)
(5675100,4)
(1533600,2)
(2317100,1)
(10049000,2)
(1023200,6)
(9571800,2)
(4942500,1)
(2635800,2)
(4412300,8)
(10939200,1)
(10170500,1)
(1365300,1)
(3463800,4)
(354400,3)
(10466700,1)
(10550300,1)
(8981400,8)
(3497100,7)
(10184000,1)
(1391400,11)
(6793500,2)
(9421400,1)
(9699700,2)
(2398200,1)
(10150700,1)
(8909400,1)
(11185800,1)
(8233400,1)
(1098000,7)
(10798900,1)
(10415300,1)
(1636200,2)
(2303600,2)
(5303300,1)
(4610300,1)
(1972500,103)
(1517400,19)
(9887800,1)
(86000,528)
(10164200,1)
(952000,1)
(791900,1)
(11199300,1)
(8560100,1)
(3042500,9)
(9684300,2)
(8312600,1)
(9302600,1)
(3473700,6)
(7747500,1)
(2847300,1)
(9581700,1)
(10401800,1)
(2966100,4)
(5894800,1)
(6613400,1)
(2477400,1)
(744100,92)
(9086700,1)
(9723900,1)
(10346000,2)
(9243200,2)
(1355400,8)
(9482700,2)
(1117800,1)
(6797100,1)
(11278500,1)
(9065000,1)
(9565500,10)
(6816900,1)
(3323300,3)
(9367500,2)
(8806800,1)
(8294700,1)
(11160500,1)
(10190300,1)
(556000,1)
(10411700,4)
(953900,7)
(2109200,65)
(8897800,1)
(4665300,20)
(9525900,2)
(7071500,2)
(8941800,2)
(3307100,1)
(7061600,4)
(3097500,7)
(5536500,1)
(3032600,41)
(5477100,1)
(10678200,1)
(10961700,1)
(1837500,1)
(916000,5)
(9798700,1)
(5665200,1)
(6935700,1)
(8316200,2)
(10075100,1)
(10929300,1)
(2135300,14)
(9549300,1)
(10905900,2)
(11076900,1)
(3176700,5)
(9357600,1)
(9618600,1)
(10492800,1)
(3092000,11)
(1593000,3)
(2279400,1)
(11180300,1)
(4249500,1)
(10476600,1)
(6560300,26)
(696500,2)
(5764200,1)
(8900300,8)
(9144200,1)
(4546500,1)
(1952700,2)
(10674600,3)
(5483400,18)
(427300,2)
(8811200,2)
(8788900,2)
(10882500,1)
(9009200,2)
(8905800,24)
(8421500,1)
(546100,32)
(1682100,1)
(4542900,1)
(9076800,1)
(7608900,1)
(1359000,7)
(6105200,1)
(359900,1)
(615400,8)
(9217100,1)
(10451300,1)
(11071400,1)
(9826500,1)
(10332500,4)
(10872600,1)
(11179500,1)
(9722000,1)
(9500600,1)
(3115400,1)
(9628500,2)
(3378300,6)
(111300,7)
(10826700,1)
(11025500,1)
(9811100,1)
(9472800,2)
(46400,38)
(3333200,1)
(2713100,1)
(9976900,4)
(6801500,4)
(7051700,1)
(7876200,2)
(8644800,1)
(6826800,1)
(10342400,1)
(9753600,1)
(4196400,30)
(2131700,1)
(2110000,8)
(402000,2)
(6580100,1)
(6910400,1)
(10940000,1)
(9377400,1)
(9195600,1)
(11174000,1)
(9492600,2)
(11233400,1)
(10886100,1)
(2265900,10)
(5827200,1)
(8401700,3)
(8441300,1)
(8565600,1)
(906100,2)
(255400,2)
(5883000,8)
(8925600,2)
(9648300,4)
(4640000,1)
(4398000,1)
(2877000,3)
(6540500,1)
(10866300,1)
(6757500,2)
(10247000,1)
(7431500,1)
(10580000,1)
(403900,1)
(5250200,1)
(3062300,15)
(9689800,2)
(2833800,1)
(9288300,4)
(2695200,1)
(10273100,1)
(8217200,2)
(7284900,1)
(8753700,2)
(2738400,1)
(9939000,2)
(10144400,1)
(4691400,2)
(4240400,2)
(6752000,12)
(8425100,1)
(8733900,1)
(6930200,2)
(9041600,8)
(641500,83)
(9258600,4)
(8451200,1)
(5691300,1)
(720700,2)
(5983900,1)
(8253200,2)
(9743700,1)
(4022600,14)
(10409000,3)
(7387500,1)
(9264900,1)
(82400,2)
(10688100,1)
(2072300,1)
(10544000,1)
(10039100,1)
(10945500,1)
(1329300,1)
(1987900,1)
(6508100,2)
(8545800,1)
(1201400,53)
(3515000,10)
(1543500,1)
(9822900,1)
(10461200,1)
(265300,20)
(5685000,1)
(4799500,1)
(9411500,1)
(6914000,1)
(2878900,2)
(1470600,2)
(9134300,1)
(2097600,13)
(10435100,3)
(10787100,1)
(1315800,8)
(1459900,2)
(9856200,1)
(4457400,1)
(4827300,2)
(8674500,1)
(8872500,7)
(8793300,1)
(3210800,1)
(10481000,1)
(10336100,1)
(6599100,11)
(11306300,1)
(5271900,1)
(9929100,1)
(4728300,1)
(8357700,1)
(3204500,1)
(9821000,1)
(10019300,1)
(9747300,4)
(2280200,19)
(5888500,4)
(9767100,1)
(11150600,1)
(5057700,1)
(9154100,8)
(7383900,1)
(7446900,1)
(10179600,2)
(8763600,5)
(6520700,2)
(10589100,2)
(3987700,1)
(10975200,1)
(10694400,1)
(2867100,9)
(2338800,1)
(10575600,1)
(9294600,1)
(593900,7)
(1304000,1)
(10514300,1)
(1018800,3)
(1507500,217)
(6777300,1)
(9227000,9)
(987200,1)
(1926600,2)
(4997500,3)
(11316200,1)
(10520600,1)
(2823900,3)
(1147500,54)
(7798900,1)
(4501400,2)
(9585300,2)
(116800,197)
(1007000,1)
(9951600,1)
(2812100,1)
(11039000,1)
(11045300,1)
(8021900,1)
(2976000,1)
(10842900,1)
(10539600,1)
(1414800,2)
(9347700,1)
(5348400,1)
(11144300,1)
(704500,1)
(9842700,2)
(9520400,1)
(7456800,1)
(11263100,2)
(8886000,11)
(235600,24)
(4536600,1)
(557900,22)
(5597800,1)
(5402300,3)
(4957900,1)
(6783600,2)
(16700,217)
(9019100,1)
(9877900,1)
(536200,2)
(3853500,1)
(2794200,1)
(1662300,2)
(4109000,2)
(9575400,2)
(8773500,1)
(1286100,35)
(10529700,1)
(912400,3)
(4285500,1)
(8302700,2)
(1568800,1)
(8476500,1)
(2655600,1)
(3057900,1)
(7821200,4)
(10148000,1)
(7555800,2)
(5042300,4)
(219400,4)
(10618800,1)
(4794000,1)
(2363000,1)
(10185900,3)
(2264000,1)
(9486300,1)
(619000,246)
(9129900,12)
(2817600,2)
(9139800,1)
(3625800,2)
(11019200,2)
(10213700,1)
(10519800,1)
(9915600,1)
(7253300,21)
(8411600,1)
(2327000,2)
(8971500,7)
(9175800,1)
(296900,28)
(5047800,3)
(6603500,1)
(676700,106)
(10856400,1)
(10397400,1)
(9015500,2)
(4511300,1)
(937700,50)
(1657900,3)
(10919400,1)
(9005600,2)
(9846300,1)
