(3138400,1)
(4194100,33)
(8578700,2)
(496200,57)
(9855800,1)
(7094500,1)
(4510900,2)
(322400,2)
(10543600,1)
(1432300,46)
(4243600,2)
(7054900,2)
(1679000,1)
(11206900,1)
(1166900,21)
(352100,2)
(634800,1)
(10226800,1)
(10677800,4)
(9612700,2)
(8988200,4)
(8715400,1)
(9117700,9)
(4831300,5)
(5500900,1)
(10943200,1)
(3590200,1)
(4678400,56)
(9068200,1)
(9460600,1)
(9074500,1)
(10626400,1)
(9616300,2)
(9448000,6)
(10345600,1)
(951600,3)
(2904400,1)
(8943100,1)
(1706500,4)
(7221300,2)
(7084600,1)
(9242800,1)
(11003400,2)
(2613700,44)
(5969000,2)
(10547200,1)
(10450900,1)
(10484200,1)
(5929400,2)
(9964700,1)
(8646100,1)
(1821700,2)
(6507700,1)
(8984600,1)
(2170900,1)
(5104900,1)
(2263600,47)
(4575800,7)
(7137700,1)
(2623600,8)
(2397800,1)
(6834400,2)
(3528100,4)
(11048500,1)
(10601100,1)
(2108800,2)
(10903600,1)
(10808200,1)
(3929600,1)
(11292400,1)
(8507500,1)
(10112400,1)
(2439100,1)
(11143900,1)
(1979300,1)
(9913300,1)
(8865800,7)
(9667700,10)
(8319400,3)
(8818000,2)
(3025900,1)
(9193300,1)
(9375100,1)
(10880200,1)
(8687600,1)
(4797200,59)
(3049300,9)
(7527400,1)
(6755200,3)
(10361800,2)
(5518000,1)
(5674700,3)
(7403100,1)
(10474300,1)
(664500,13)
(9319300,8)
(10933300,1)
(10719100,5)
(2113200,9)
(11187100,1)
(4174300,5)
(10563400,1)
(6709300,1)
(8371600,1)
(10142100,1)
(6601200,1)
(10193500,3)
(10309600,2)
(9345400,1)
(7231200,1)
(9527200,2)
(397200,15)
(7499600,1)
(7735300,3)
(1536800,2)
(8470600,1)
(4199600,10)
(9756800,2)
(10612900,2)
(10499600,1)
(5461300,13)
(2332900,2)
(3722500,1)
(7804600,1)
(11132100,1)
(6700200,6)
(1614100,8)
(2944000,6)
(7454500,2)
(8547100,1)
(9034900,1)
(9309400,2)
(9070900,1)
(10588700,3)
(10408600,2)
(11054800,1)
(11084500,1)
(3362500,4)
(5466800,1)
(10068400,2)
(8038600,14)
(1851400,12)
(10840600,1)
(4397600,1)
(9776600,3)
(3227500,48)
(3233800,2)
(9094300,1)
(1343200,1)
(189300,1)
(165900,4)
(10804600,1)
(2071900,1)
(660900,4)
(5747600,6)
(9606400,1)
(8329300,1)
(4726000,11)
(10315900,1)
(6885800,7)
(1767800,5)
(10028800,1)
(2070000,9)
(175800,6)
(18000,364)
(8804500,46)
(603200,1)
(8276200,1)
(1358600,2)
(9355300,1)
(4815100,1)
(10304100,2)
(8102400,1)
(4504600,1)
(9226600,3)
(8978300,1)
(7319500,1)
(4508200,1)
(9408400,1)
(4466900,1)
(3549800,1)
(9809900,2)
(4722400,1)
(7187200,3)
(10300500,2)
(11106000,1)
(5400000,2)
(2815300,2)
(387300,1)
(10197100,3)
(5184100,2)
(8305900,4)
(10292500,1)
(4410000,1)
(9602800,1)
(10418500,1)
(7557100,2)
(747300,2)
(10489700,1)
(11282500,1)
(11102400,1)
(11007000,1)
(11304000,1)
(9048400,4)
(9211200,1)
(3585800,2)
(1929800,2)
(8626300,2)
(248700,40)
(10359100,1)
(10403100,1)
(9513700,1)
(10796600,1)
(9305800,8)
(6739000,1)
(2133000,1)
(6808300,4)
(10710000,2)
(5935700,1)
(5367800,2)
(9339100,1)
(1477400,1)
(10864000,1)
(11297900,1)
(9252700,1)
(1582700,1)
(7547200,6)
(9810700,1)
(1944100,10)
(227000,5)
(5035600,2)
(9840400,1)
(2118700,1)
(3273400,2)
(5585600,1)
(509700,1)
(20700,2)
(1437800,6)
(3174400,6)
(3113100,1)
(10183600,1)
(10611000,1)
(5658500,2)
(3919700,3)
(2900800,7)
(9944900,1)
(3409300,5)
(9652300,1)
(1022800,9)
(2762200,9)
(1640200,1)
(2678600,8)
(10527400,1)
(7601100,1)
(623000,1)
(11038600,1)
(8840500,1)
(7201500,2)
(1701000,1)
(9796400,1)
(5930200,2)
(9751300,1)
(8810800,1)
(1515100,56)
(9058300,1)
(10839800,1)
(401600,2)
(10479800,1)
(9804400,1)
(4108600,8)
(9839600,1)
(10094500,2)
(10391500,1)
(3000600,1)
(10725400,1)
(6626500,1)
(2787500,1)
(6824500,1)
(10122300,1)
(585300,1801)
(4866500,4)
(54000,103)
(10899200,2)
(6938900,4)
(9080800,2)
(10117900,2)
(160400,2)
(832800,1)
(10700100,1)
(10252900,1)
(6557200,9)
(2430000,2)
(2420100,2)
(8791000,8)
(10414900,3)
(8292400,1)
(3575900,1)
(5382100,1)
(9371500,1)
(9018700,1)
(10859600,2)
(5293000,3)
(1989200,1)
(3900700,1)
(8870200,1)
(9741400,3)
(9766700,1)
(8601000,1)
(10064800,1)
(4257100,1)
(4716100,4)
(9276100,1)
(5441500,1)
(9107800,1)
(4940200,2)
(1462000,2)
(10329400,2)
(7276300,1)
(7507600,3)
(3372400,1)
(4184200,18)
(5882600,2)
(8954900,2)
(6814600,1)
(2683000,2)
(2079100,9)
(2287000,1)
(4861000,1)
(4961900,3)
(5492900,1)
(1299200,3)
(2020500,1)
(2138500,3)
(11231100,1)
(2643400,1)
(6933400,2)
(59500,19)
(9033000,1)
(8964800,1)
(10557100,1)
(1097600,11)
(10339300,1)
(10375300,1)
(11315800,1)
(3293200,1)
(79300,8)
(4628900,2)
(2694800,14)
(9351700,1)
(2702800,1)
(9282400,1)
(8796500,3)
(7563400,1)
(9907000,1)
(11216800,1)
(3559700,2)
(10830700,1)
(11013300,1)
(11058400,1)
(2882900,2)
(905700,4)
(5712400,2)
(1572800,3)
(10276300,1)
(9885500,9)
(3179900,1)
(363900,2)
(530300,11)
(3060000,16)
(1505200,16)
(2809000,34)
(6860500,6)
(3420000,8)
(10246600,1)
(10102500,1)
(1561000,128)
(9968300,1)
(4158100,1)
(9310200,1)
(3410100,1)
(8403000,1)
(2247400,629)
(8606500,1)
(2465200,3)
(3009700,11)
(10023300,1)
(4904200,42)
(8948600,2)
(6804700,1)
(2599400,1)
(591600,10)
(3069100,1)
(9543400,1)
(3253600,9)
(722000,1)
(4856600,9)
(10251000,1)
(1716400,7)
(8776700,11)
(4805200,16)
(10978400,1)
(10413000,1)
(3352600,4)
(6820900,5)
(5589200,2)
(8309500,1)
(8023200,2)
(1254100,2)
(1525000,2)
(10266400,1)
(4212000,4)
(4000500,3)
(2316700,15)
(2190700,5)
(9553300,2)
(9132000,2)
(4081600,1)
(3935900,1)
(11246500,1)
(10517500,1)
(1328900,1)
(9341800,1)
(2960200,1)
(7636300,1)
(1313500,30)
(5896100,1)
(9672100,1)
(10507600,1)
(9984500,2)
(3207700,1)
(10147600,1)
(3382300,3)
(9330000,2)
(10662400,2)
(5801500,2)
(9584900,1)
(1801900,1)
(1042600,7)
(4455100,1)
(5846600,4)
(9865700,3)
(10860400,2)
(134300,3)
(4530700,3)
(9507400,1)
(8968400,5)
(1757900,2)
(2445400,5)
(2019700,2)
(6840700,1)
(114500,40)
(10355500,1)
(8834200,2)
(8819900,1)
(5550400,1)
(415100,644)
(8855900,1)
(10153900,1)
(8792900,87)
(3930400,8)
(1364900,2)
(733800,4)
(10697600,1)
(9850300,1)
(4118500,11)
(2387900,1)
(9781000,2)
(6015700,2)
(9206800,9)
(2955800,2)
(10007100,2)
(8889200,5)
(10177300,1)
(4580200,1)
(811100,2)
(150500,38)
(99100,16)
(2647000,4)
(2222100,1)
(10917100,1)
(11266300,1)
(5826800,2)
(7776800,1)
(8084500,1)
(9881900,6)
(130700,4)
(618600,11)
(7262800,1)
(670800,17)
(223400,2)
(10286200,1)
(10761400,1)
(10468000,1)
(10490500,1)
(3168100,2)
(8107900,2)
(4134700,33)
(10058500,3)
(550100,99)
(4445200,1)
(1920700,3)
(10583200,1)
(10033200,1)
(7490500,1)
(8341900,1)
(9800800,1)
(1990000,2)
(2485000,1)
(9464200,5)
(10381600,1)
(10553500,1)
(10844200,1)
(436800,23)
(8304000,2)
(3397700,2)
(1228000,38)
(10365400,1)
(2298800,3)
(9112200,1)
(9246400,1)
(1756000,6)
(9381400,1)
(3257200,4)
(8622700,1)
(268500,119)
(10731700,1)
(8349100,2)
(9188900,2)
(5892500,1)
(3882800,51)
(10776800,1)
(10469900,1)
(7479800,1)
(10953100,1)
(8408500,2)
(6692200,1)
(8854000,2)
(4213900,2)
(8594900,4)
(9731500,1)
(441200,4)
(1032700,10)
(11064700,1)
(7252900,1)
(1511500,19)
(8890000,2)
(4382200,3)
(9444400,1)
(5029300,1)
(10913500,1)
(4138300,4)
(8849600,1)
(1712800,6)
(2653300,1)
(3580300,1)
(9547000,2)
(9860200,1)
(6537400,61)
(9994400,1)
(10458100,1)
(821000,2)
(10927000,1)
(9167200,6)
(5431600,3)
(1787600,3)
(8252800,1)
(8766800,116)
(8903500,8)
(4113000,2)
(10963000,1)
(3332800,53)
(7424800,1)
(1896500,14)
(6236800,23)
(931800,34)
(4821400,3)
(8824300,9)
(9089900,1)
(5910400,1)
(1546700,1)
(4461400,2)
(7984700,2)
(11305900,1)
(75700,2)
(5415400,14)
(10216900,1)
(1363000,1)
(7494100,2)
(9746900,1)
(11183500,1)
(129900,9)
(2603800,6)
(9064600,1)
(2128600,10)
(5951900,1)
(11157400,1)
(9533500,1)
(9137500,1)
(5752000,2)
(11099900,1)
(11198900,1)
(10454500,2)
(9820600,1)
(1452100,5)
(11241000,1)
(6577000,40)
(6523900,24)
(6729100,6)
(9450700,1)
(6775000,1)
(2123100,3)
(5773700,2)
(5797100,16)
(10444600,1)
(8458000,1)
(7781200,3)
(11226700,1)
(10771300,1)
(5965400,5)
(6796700,1)
(5071600,1)
(5831200,7)
(2321100,2)
(8325700,2)
(3030300,1)
(11088100,1)
(4050000,1)
(5763800,1)
(2419300,1)
(9938600,1)
(3627100,2)
(1218100,1)
(10513900,1)
(1087700,11)
(1805500,1)
(8990900,1)
(8464300,1)
(3914200,2)
(2199800,2)
(549300,22)
(628500,58)
(638400,2)
(4995200,3)
(9636100,1)
(3035800,2)
(4945700,1)
(3920500,2)
(2965700,2)
(2091700,2)
(5504500,2)
(9414700,2)
(1919900,2)
(7122300,1)
(10646200,1)
(9236500,1)
(7588700,1)
(9558800,1)
(806700,7)
(3154600,1)
(9899000,2)
(5491000,1)
(1892900,7)
(1800000,1)
(4009600,1)
(3217600,3)
(9221100,2)
(10349200,1)
(10434700,1)
(4168000,2)
(6616600,5)
(9396800,1)
(4085200,4)
(5435200,1)
(10636300,1)
(373800,4)
(195600,20)
(1845100,1)
(9325600,1)
(10994600,1)
(4283200,1)
(8869400,2)
(10106100,1)
(9479600,2)
(3991700,1)
(10865900,1)
(1819000,2)
(10849700,1)
(10687700,1)
(10692100,1)
(1596200,2)
(2346400,10)
(11242900,3)
(4518100,1)
(1856900,2)
(10272700,2)
(712100,2)
(2514700,12)
(5419000,5)
(1402600,5)
(2366200,1)
(3461500,3)
(4237300,1)
(9099800,1)
(1151500,1)
(9563200,1)
(1165000,1)
(7272700,1)
(8469800,1)
(9147400,2)
(1307200,5)
(2212200,3)
(1338800,1)
(4565900,3)
(2415700,7)
(2538100,3)
(3564100,3)
(1965800,1)
(6588800,1)
(862500,3)
(6547300,1)
(8424700,2)
(1368500,28)
(10824400,1)
(4684700,1)
(2030400,1)
(11173600,1)
(3475000,4)
(4020300,2)
(9928700,1)
(8923300,1)
(5949200,2)
(6828100,2)
(2326600,2)
(2362600,1)
(5613400,2)
(3518200,1)
(2029600,1)
(9495800,6)
(1665500,24)
(5040000,2)
(6963100,1)
(8459900,5)
(7484200,1)
(9329200,1)
(9262600,1)
(11276200,1)
(10656100,1)
(2866700,1)
(4787300,2)
(5981600,1)
(3524500,1)
(5471200,6)
(10606600,1)
(3085300,26)
(8781100,87)
(9693800,1)
(10791100,1)
(6830800,4)
(9782900,1)
(2194300,2)
(7330200,1)
(9143800,1)
(3024000,2)
(5405500,1)
(866100,1)
(846300,24)
(9814300,1)
(9023100,1)
(1732600,6)
(1186700,7)
(9819800,1)
(6563500,9)
(9183400,5)
(9978200,2)
(7468000,1)
(3496700,1)
(9430900,1)
(4599200,2)
(11028700,1)
(2908000,5)
(4128400,6)
(8880100,13)
(8918900,1)
(6889400,3)
(1556600,12)
(9948500,1)
(5717900,15)
(8355400,2)
(383700,1)
(90000,1)
(1792000,2)
(9391300,1)
(9578600,1)
(3934000,1)
(569100,22)
(1036300,1)
(486300,12)
(3904300,36)
(6771400,15)
(5357900,1)
(91900,315)
(294600,2)
(3514600,1)
(108200,35)
(9824200,1)
(4892600,4)
(4955600,1)
(456600,1)
(10038700,1)
(39700,1)
(4471300,1)
(4569500,4)
(5352400,1)
(10167400,1)
(8900,85)
(8365300,1)
(3508300,4)
(1619600,4)
(11197000,1)
(9845900,5)
(4014000,1)
(11044900,1)
(9980900,4)
(4004100,1)
(190100,1)
(411500,4)
(6859700,5)
(2455300,2)
(11008900,1)
(1910800,42)
(11205000,1)
(10850500,1)
(7320300,2)
(9157300,1)
(70200,1)
(10127800,1)
(49600,1)
(9489500,1)
(6474400,1)
(11310300,1)
(4233700,1)
(2207800,1)
(2746000,26)
(10282600,1)
(7923400,1)
(5716000,1)
(3148300,14)
(10460800,1)
(8450800,1)
(159600,1)
(4170700,3)
(6721900,11)
(8339200,1)
(9588500,2)
(1671800,1)
(4429000,3)
(3481300,8)
(2065600,1)
(6517600,3)
(11193400,1)
(4372300,2)
(2336500,3)
(4273300,2)
(5590000,1)
(284700,7)
(975000,9)
(10523800,1)
(524000,24)
(2980000,1)
(11078200,1)
(897700,2)
(4550500,4)
(2331000,3)
(4613500,1)
(9038500,1)
(10854100,1)
(3124900,1)
(1685300,8)
(7917100,1)
(9889100,1)
(5732200,7)
(737400,1)
(965100,2)
(529500,1)
(3392200,30)
(8563300,1)
(8829800,1)
(2425600,1)
(2658800,2)
(7325800,2)
(1001100,22)
(10137700,3)
(7117900,1)
(298200,5)
(8262700,1)
(5372200,3)
(1954000,1)
(6917200,10)
(4400100,10)
(10729000,1)
(2085400,3)
(2991800,1)
(2518300,11)
(10889300,1)
(9256300,1)
(10818100,1)
(2886500,6)
(1016500,68)
(4293100,1)
(10672300,1)
(9335500,1)
(4826900,4)
(5991500,1)
(10711900,2)
(2979200,1)
(1975700,1)
(5737700,6)
(2134900,3)
(9231000,1)
(9499400,1)
(10869500,1)
(5851000,1)
(3170800,4)
(10320300,1)
(5560300,1)
(684300,2)
(10215000,1)
(9701800,1)
(4539800,1)
(10395100,1)
(10666000,1)
(10310400,1)
(9677600,1)
(5000400,1)
(11286100,1)
(9771100,2)
(10371700,1)
(8998100,1)
(10054900,1)
(9090700,2)
(9923200,4)
(10745200,1)
(4930300,2)
(11272600,1)
(5524300,2)
(4415500,31)
(6720000,1)
(3633400,1)
(9434500,2)
(10820800,1)
(1056100,1)
(6573400,1)
(11167300,1)
(2184400,3)
(3055600,20)
(1442200,1)
(9583000,1)
(10907200,1)
(11252800,1)
(451100,121)
(4712500,2)
(3439000,1)
(925500,1)
(9999900,1)
(1624000,24)
(1797500,1)
(7786700,1)
(8553400,1)
(11033100,1)
(29800,21)
(1082200,2)
(7058500,2)
(9292300,1)
(2288900,26)
(6480700,1)
(9548900,1)
(10755100,3)
(6715600,2)
(6899300,1)
(10053000,2)
(10043100,1)
(10721800,1)
(1939700,3)
(3570400,1)
(3277000,1)
(11137600,1)
(9315700,1)
(11221200,1)
(55900,15)
(11074600,1)
(1388300,2)
(9177100,1)
(8438200,1)
(9331900,1)
(8266300,2)
(11122200,1)
(4668500,1)
(1208200,49)
(2060100,8)
(1793900,1)
(2939600,7)
(1777700,1)
(11023200,1)
(6490600,1)
(575400,7)
(9711700,1)
(595200,6)
(1265900,14)
(3534400,2)
(6632800,1)
(10568900,2)
(11262700,1)
(238800,6)
(8153800,1)
(2202300,2)
(10705600,1)
(2237500,1)
(10709200,1)
(128000,2)
(4025800,1)
(10187200,1)
(6221400,1)
(915600,13)
(8850400,23)
(2767700,6)
(110900,8)
(302600,2)
(10537300,1)
(2684900,1)
(1062400,1)
(9187000,12)
(1145200,4)
(288300,3)
(3263500,1)
(1871200,2)
(7611000,1)
(7286200,3)
(892200,8)
(10211400,1)
(7116000,3)
(7038700,1)
(274800,10)
(4055500,1)
(6697700,5)
(4377800,2)
(9687500,1)
(6786800,1)
(10974800,1)
(10814500,1)
(9573100,7)
(9054700,1)
(6937000,1)
(8246500,1)
(9163600,2)
(8503900,1)
(8800900,1)
(9859400,1)
(263000,37)
(5565800,8)
(7890100,1)
(10885700,1)
(264900,1)
(9988100,1)
(2342800,19)
(7444600,3)
(8859500,8)
(19900,8)
(9735100,1)
(2534500,6)
(7365400,1)
(2253700,2)
(2772100,1)
(8440900,2)
(1046200,2)
(10173700,1)
(1924300,1)
(2949500,1)
(10157500,2)
(9626200,1)
(6502200,3)
(9647900,1)
(9008800,1)
(44100,12)
(4040100,4)
(2496800,14)
(9198800,5)
(3237400,7)
(6583300,6)
(2825200,1)
(8755000,1)
(1825300,1)
(11127700,1)
(6725500,2)
(900200,3)
(1521400,1)
(1702900,1)
(1531300,3)
(1722700,25)
(11068300,1)
(3400,3)
(9286000,1)
(2595800,2)
(9683900,2)
(9632500,1)
(8692000,2)
(7102500,1)
(4836800,1)
(1592600,3)
(5496500,1)
(10567000,1)
(1026400,9)
(4091500,1)
(8391400,1)
(1904500,15)
(11211300,1)
(8917000,1)
(7428400,1)
(7814500,1)
(10340100,2)
(525900,5)
(3061900,20)
(10598600,1)
(5030100,4)
(4862900,1)
(1493600,1)
(2530900,1)
(4603600,1)
(11094400,1)
(10256500,2)
(5387600,2)
(1604200,155)
(7098100,3)
(446700,1)
(6000300,2)
(8598500,1)
(10632700,1)
(6621000,1)
(1483700,24)
(9869300,1)
(4029400,1)
(1782100,1)
(5456900,1)
(8820700,1)
(10682200,1)
(11142000,1)
(3560500,2)
(4524400,5)
(7241100,4)
(9879200,2)
(5397500,1)
(3189800,6)
(2050200,13)
(10512000,1)
(678000,1)
(10829900,1)
(1609700,6)
(1914400,23)
(6731800,4)
(10480600,1)
(11018800,1)
(3123000,2)
(4528000,1)
(9216700,7)
(10152000,1)
(10923400,1)
(8018800,2)
(3144700,7)
(3405700,1)
(9424600,1)
(9490300,2)
(10786700,1)
(8602900,13)
(3476900,1)
(10895600,1)
(8928800,1)
(217100,58)
(9127600,1)
(8958500,1)
(1052500,1)
(9133900,6)
(9808000,1)
(10296100,1)
(1835200,1)
(9594800,1)
(6781300,1)
(7517500,1)
(9201300,4)
(8875700,1)
(8320200,1)
(5702500,1)
(8913400,1)
(8705500,1)
(9349000,3)
(10751500,1)
(10424800,1)
(2783900,1)
(3243700,2)
(5591900,1)
(5919500,2)
(228900,5)
(2975600,1)
(11080900,1)
(34200,14)
(961500,3)
(9709000,1)
(9297800,1)
(7854100,1)
(7474300,1)
(2475100,1)
(10236700,1)
(4920400,1)
(9361600,1)
(6134500,1)
(1214500,2)
(1639400,33)
(4114900,1)
(3050100,1)
(11163700,1)
(8693900,1)
(1752400,2)
(6765100,11)
(4039300,5)
(7028800,2)
(1317100,1)
(154100,30)
(3184300,4)
(1586300,6)
(9459800,1)
(10766900,1)
(10231200,1)
(243200,2)
(10448200,1)
(4664900,2)
(9418300,3)
(10964900,1)
(6913600,3)
(10810900,1)
(7879400,1)
(2940400,1)
(10984700,1)
(9895400,1)
(9657800,1)
(4278800,5)
(8300400,1)
(7048600,1)
(11300400,1)
(9469700,1)
(9102300,3)
(4387700,8)
(207200,6)
(11117800,1)
(1861300,2)
(10988300,1)
(2892800,3)
(5336200,1)
(9622600,1)
(2392300,2)
(3010500,1)
(9974600,1)
(10948700,1)
(9474100,1)
(10201500,1)
(1918000,1)
(5915900,5)
(7053000,1)
(1970200,1)
(4985300,1)
(2144800,1)
(3029500,1)
(3387800,53)
(10013400,1)
(2757800,1)
(1412500,1)
(9721600,1)
(8375200,1)
(1866800,4)
(4534300,4)
(6751600,10)
(7622800,462)
(4207600,1)
(2081800,2)
(3118600,6)
(11201400,1)
(11107900,1)
(2356300,1)
(9745000,1)
(11112300,1)
(3283300,15)
(1374800,3)
(10715500,2)
(1181200,2)
(9404800,1)
(10262800,1)
(5233600,2)
(6890200,1)
(179400,28)
(3455200,8)
(120800,22)
(3045700,6)
(9078100,3)
(2441800,1)
(10879400,1)
(9480400,5)
(10502100,1)
(10385200,2)
(6710100,4)
(1955900,37)
(4346200,1)
(10578800,1)
(4520800,2)
(10622800,2)
(8953000,5)
(2103300,1)
(8701900,2)
(11147500,1)
(1234300,2)
(9834100,1)
(9715300,3)
(9272500,1)
(7818100,1)
(2243800,11)
(2277100,1)
(8697500,2)
(6159800,1)
(3939500,15)
(9320100,1)
(7068400,5)
(11256400,1)
(4732300,2)
(10870300,1)
(10875800,1)
(8558900,3)
(727500,1)
(8460700,2)
(2049400,1)
(2486900,1)
(9598400,1)
(7142100,2)
(9440800,1)
(10834300,1)
(4227400,29)
(10765000,1)
(4190500,11)
(5688200,6)
(2273500,1)
(723900,5)
(5617000,3)
(8885600,2)
(40500,9)
(9933100,1)
(9870100,3)
(793200,3)
(4019500,1)
(9891800,1)
(1746100,1)
(5698100,1)
(4949300,1)
(2736100,1)
(1969400,1)
(2400300,1)
(8330100,1)
(10800,46)
(9918800,1)
(4777400,1)
(3959300,1)
(8907100,1)
(935400,3)
(4316500,3)
(11309500,1)
(4164400,14)
(2607400,5)
(986800,3)
(1012900,2)
(9028600,4)
(9523600,1)
(535800,3)
(2386000,3)
(5975300,1)
(3836900,1)
(139800,6)
(9990800,1)
(1224400,12)
(24300,76)
(199200,1)
(1949600,2)
(2989100,1)
(2075500,38)
(9484000,1)
(9943000,1)
(540200,2)
(7395100,9)
(4441600,1)
(10017000,1)
(1762300,1)
(7296100,1)
(3940300,1)
(1220800,1)
(1772200,1)
(4981700,1)
(6927100,1)
(3103200,510)
(11177200,1)
(9003300,1)
(377400,17)
(8786600,36)
(4935800,1)
(991200,6)
(253100,8)
(8895500,1)
(3020400,1)
(4189700,9)
(10593100,1)
(1230700,1)
(1736200,2)
(4991600,1)
(8899100,4)
(9122100,1)
(5618900,1)
(3247300,1)
(7226800,1)
(2969300,2)
(6606700,1)
(8310300,1)
(4706200,4)
(9517300,1)
(9958400,2)
(4392100,15)
(8361700,1)
(8839700,1)
(4409200,8)
(8771200,10)
(6719200,2)
(5555900,1)
(1811800,2)
(9232900,1)
(4150900,2)
(3441700,1)
(3134800,1)
(3896300,2)
(6791200,1)
(8891900,1)
(10330200,1)
(3574000,47)
(644700,1)
(1111900,11)
(8583100,1)
(7860400,1)
(7000,11)
(9662200,1)
(9998000,1)
(9646000,1)
(7938800,1)
(5569400,2)
(674400,3)
(2481400,1)
(7434700,1)
(9880000,1)
(1378400,1)
(9485900,2)
(8315800,2)
(8527300,2)
(1457600,3)
(4514500,9)
(6818200,1)
(1940500,1)
(9287900,1)
(10205100,1)
(9153700,1)
(10667900,2)
(8933200,3)
(9470500,1)
(5805100,15)
(89200,2)
(7413000,1)
(10088200,1)
(680700,1)
(1210900,4)
(6553600,6)
(3607300,1)
(10003500,1)
(10573300,1)
(4846700,11)
(919200,13)
(9954800,1)
(8974700,2)
(4154500,2)
(2950300,15)
(2648900,3)
(7612900,2)
(10428400,1)
(10828000,1)
(10241100,1)
(7023300,1)
(5985200,1)
(8808100,1)
(8345500,2)
(278400,1)
(561900,15)
(10325800,1)
(258600,8)
(10048600,3)
(8296000,2)
(10018900,1)
(11043000,2)
(6745300,1)
(545700,7)
(2524600,2)
(10116000,1)
(9537100,1)
(2688500,1)
(6578900,1)
(10968500,1)
(10938800,1)
(10369000,1)
(9386900,1)
(5455000,1)
(11090800,1)
(2306800,1)
(6622900,1)
(9438100,1)
(5476700,1)
(3356200,64)
(3202200,1)
(9568700,1)
(5950000,1)
(9642400,1)
(10958600,1)
(1980100,160)
(9044800,1)
(5793500,1)
(3544300,2)
(8879300,1)
(11098000,1)
(10616500,1)
(10928900,1)
(10494100,1)
(9792800,1)
(8860300,1)
(4971800,1)
(65800,1)
(11153800,1)
(699700,2)
(1669100,1)
(2846900,1)
(9266200,2)
(10735300,1)
(4223800,2)
(9449900,2)
(3924100,1)
(8844100,17)
(10314000,1)
(4180600,1)
(7567000,2)
(10781200,2)
(85600,9)
(10163800,1)
(1119100,4)
(9013200,1)
(1067900,3)
(9829700,1)
(8335600,1)
(10335700,1)
(6735400,1)
(7033200,2)
(3554200,1)
(826500,1)
(2871100,11)
(10084600,1)
(10652500,1)
(9761200,3)
(3366100,1)
(2777600,2)
(3278900,5)
(3435400,1)
(7215000,6)
(3910600,10)
(624900,6)
(6705700,1)
(8414800,3)
(8994500,1)
(2382400,1)
(2633500,1)
(1161400,65)
(1841500,4)
(10319500,1)
(7458100,2)
(3429100,2)
(9503800,1)
(11236600,1)
(7470700,1)
(9682000,1)
(1681700,2)
(679900,11)
(654600,23)
(10098100,1)
(8830600,2)
(9830500,1)
(1447700,1)
(1353100,1)
(1333300,26)
(1280200,4)
(1809100,13)
(1497200,32)
(10078300,1)
(10132200,1)
(6527500,2)
(4579400,2)
(4627000,12)
(2712700,1)
(9903400,2)
(8814400,1)
(3071800,5)
(6666100,2)
(1660000,2)
(6179600,2)
(2089000,1)
(9697400,1)
(357600,1)
(10890100,1)
(9849500,2)
(6567100,2)
(4411900,14)
(5332600,4)
(753600,14)
(3851200,1)
(466500,3)
(2024100,1)
(8297900,1)
(3550600,3)
(8593000,2)
(5886200,4)
(1501600,36)
(3471400,2)
(9173500,1)
(10998200,1)
(1348700,3)
(4451500,1)
(6761500,1)
(920000,7)
(10642600,1)
(2267200,1)
(4793600,11)
(3223900,1)
(4643200,1)
(1487300,1)
(9454300,1)
(3970000,20)
(9300300,2)
(9385000,1)
(9705400,2)
(10090900,1)
(118100,201)
(5362300,1)
(9084400,1)
(9875600,1)
(6324000,5)
(60300,13)
(2257300,1)
(1110000,3)
(9908900,1)
(1610500,1)
(10464400,1)
(7438300,1)
(3377900,1)
(6499700,1)
(9725200,1)
(2435500,3)
(6776900,1)
(2431900,15)
(9844000,1)
(2559800,1)
(1566500,1)
(7824400,1)
(1285700,3)
(10438300,1)
(1675400,2)
(9786500,1)
(1541200,25)
(10741600,1)
(9428200,2)
(3569600,2)
(6646300,26)
(10533700,1)
(1900900,5)
(9088000,3)
(3985400,7)
(10470700,1)
(1526900,3)
(11296000,1)
(8938700,2)
(929100,2)
(9365200,1)
(2055700,40)
(10221300,1)
(1960300,1)
(8272600,1)
(4960000,1)
(4544200,1)
