(10032500,1)
(642100,4)
(9803700,1)
(10501400,1)
(11093700,1)
(8422100,1)
(8358300,1)
(10546500,1)
(5330000,1)
(4464300,7)
(7748100,2)
(10645500,1)
(6609600,2)
(11097300,1)
(3319500,2)
(6728400,5)
(8744400,1)
(8936100,2)
(4106000,132)
(2968600,4)
(11012600,1)
(8318700,2)
(8833500,4)
(4074600,10)
(10196400,4)
(3309600,9)
(10125200,1)
(10760700,1)
(4998100,21)
(1937100,2)
(9146700,1)
(2672400,1)
(9250100,1)
(11265600,1)
(9730800,1)
(8967700,1)
(10671600,1)
(2913600,1)
(6531200,16)
(11105300,1)
(2507700,1)
(9360900,2)
(10344900,1)
(8858800,2)
(2470800,1)
(1029300,1598)
(4460700,1)
(4147500,1)
(9625500,1)
(450400,2)
(1617000,2)
(5386900,1)
(10620200,1)
(3359100,3)
(17300,1)
(9942300,1)
(9192600,3)
(4450800,1)
(1288600,71)
(7101800,2)
(5331900,1)
(2870400,17)
(11214200,1)
(10057800,1)
(1638700,3)
(7629300,1)
(8906400,1)
(10597900,1)
(2786800,1)
(9916200,1)
(6780600,9)
(6799600,2)
(1698100,35)
(194900,602)
(6582600,1)
(9754200,1)
(8784000,1)
(1885900,2)
(1124700,1)
(10649100,4)
(1486600,8)
(5479600,2)
(10640000,1)
(11182800,1)
(9182700,1)
(10521200,1)
(7214300,27)
(1529800,10)
(2381700,3)
(9912600,1)
(9597700,1)
(1415400,5)
(2292600,7)
(2122400,1)
(10368300,1)
(10255800,1)
(9506700,1)
(4469800,4)
(1393900,6)
(3829900,3)
(5008800,1)
(548600,2)
(1174200,15)
(9344700,1)
(9566100,1)
(4558900,1)
(8803800,28)
(2023400,1)
(4958500,1)
(11115200,1)
(10131500,1)
(429800,1)
(7794000,3)
(1035600,1)
(48900,6)
(9779500,1)
(6926400,1)
(9522900,1)
(10467300,1)
(731200,3)
(10738200,3)
(7072100,4)
(9790200,1)
(617900,31)
(3340100,6)
(3033200,1)
(7093800,5)
(11077500,1)
(9260000,1)
(3369000,101)
(11200700,1)
(9067500,31)
(9447300,1)
(10609500,2)
(2557200,1)
(9295200,1)
(4513800,17)
(4943100,4)
(3502100,1)
(2938900,1)
(3163800,1)
(10833600,1)
(3428400,408)
(2705700,1)
(2588800,1)
(3968500,1)
(9740700,1)
(9983800,1)
(2262900,26)
(8338500,2)
(11006300,2)
(5469700,1)
(1524300,5)
(1643100,2)
(5058300,1)
(1880400,101)
(726800,54)
(1144500,14)
(3395100,1)
(7121600,5)
(10802000,1)
(9313100,2)
(11101700,1)
(1749000,3)
(4099900,8)
(193000,1)
(10453800,1)
(2423000,73)
(4933200,1)
(8734500,1)
(9676900,1)
(8997400,1)
(11239500,1)
(5891800,8)
(5824200,1)
(6714900,3)
(10770600,1)
(10358400,1)
(5948500,3)
(11260100,1)
(2064900,5)
(10260200,1)
(2958700,2)
(934700,59)
(4850400,4)
(297500,1)
(11219700,1)
(10498900,1)
(7260200,3)
(9368100,3)
(392900,44)
(3434700,27)
(2251100,2)
(479300,1)
(10659000,1)
(8026100,1)
(8823600,1)
(9022400,3)
(2173800,1)
(7501400,1)
(6188800,1)
(10926300,1)
(3300500,1)
(9269100,3)
(914900,13)
(11275500,1)
(10348500,2)
(10047900,1)
(10764300,1)
(4978300,2)
(3296100,77)
(7204400,1)
(287600,1)
(371200,1)
(2700,59)
(4875700,2)
(5766700,4)
(4408500,17)
(4984600,19)
(3928900,1)
(558500,145)
(8754300,1)
(9947800,1)
(10042400,1)
(9952200,2)
(3578800,5)
(9249300,1)
(9131300,1)
(10714800,1)
(3469900,7)
(10795900,1)
(8552700,1)
(568400,1)
(9987400,1)
(5361600,1)
(10868800,1)
(5792800,2)
(2984800,1)
(98400,27)
(9501200,1)
(9610100,2)
(8083800,1)
(9463500,1)
(9259200,1)
(10364700,1)
(1049100,15)
(4573200,8)
(1195900,20)
(1005900,2)
(9162900,1)
(2365500,1)
(11240300,1)
(1283100,24)
(954500,22)
(6770700,2)
(1618900,1)
(3484200,2)
(5490300,3)
(10542900,1)
(11036000,1)
(2839900,1)
(9477000,1)
(5782900,24)
(2963100,10)
(9516600,1)
(693500,1)
(9093600,3)
(9417600,1)
(1392000,1)
(8417700,2)
(4865800,5)
(6812000,2)
(3272700,1)
(2201600,1)
(8566200,1)
(3201500,2)
(950900,32)
(11204300,1)
(4173600,26)
(11250200,1)
(9026000,1)
(2974900,5)
(2256600,38)
(10443900,1)
(10774200,2)
(10858900,1)
(1688200,1)
(2043200,1)
(8898400,2)
(9863100,1)
(3870300,1)
(10374600,1)
(3984700,1)
(7630100,4)
(2502200,1)
(10219800,1)
(8813700,2)
(4300400,1)
(3460800,2)
(9105200,1)
(637700,3)
(1382100,1)
(1623300,1)
(1431600,4)
(8691300,2)
(3573300,9)
(3480600,22)
(5735100,1)
(232600,1)
(7453800,1)
(7368300,1)
(6888700,3)
(5954800,1)
(3064800,1)
(10894900,1)
(10354800,1)
(10823700,1)
(4553400,6)
(9552600,1)
(9576000,1)
(7402400,1)
(37100,2)
(5895400,4)
(11209800,1)
(5731500,1)
(989700,1)
(9937900,1)
(1491000,1)
(1603500,22)
(7270100,1)
(6255900,1)
(8546400,3)
(1859800,1)
(7374600,1)
(7285500,2)
(58800,1)
(3408600,3)
(10135100,1)
(4923300,21)
(1140900,3)
(10083900,1)
(10077600,1)
(8407800,2)
(3084600,1)
(10093800,1)
(9962100,1)
(9556200,1)
(5647900,1)
(7131500,2)
(602500,5)
(9115100,1)
(10477200,1)
(10208000,1)
(4064700,1)
(7239600,1)
(1869700,1)
(11083800,2)
(10176600,1)
(11176500,1)
(3231200,2)
(10883100,1)
(673700,67)
(9245700,1)
(7572600,1)
(4080900,1)
(4246500,1)
(4820700,1)
(1169800,1)
(10629300,1)
(4438200,1)
(1039200,5)
(1040000,1)
(7250300,1)
(10328700,1)
(489200,95)
(9498700,2)
(5809900,1)
(7483500,2)
(3938800,2)
(4692000,29)
(4849600,1)
(6867000,1)
(5771100,1)
(3252900,6)
(5517300,6)
(1874100,1)
(3517500,3)
(7562700,1)
(10186500,1)
(8922600,2)
(6754500,11)
(9799300,3)
(10997500,1)
(9823500,1)
(819500,2)
(1709400,4)
(1948900,1)
(9734400,1)
(1599100,2)
(8488900,1)
(9037800,7)
(10728300,1)
(9874900,2)
(9760500,1)
(10378200,1)
(1579300,10)
(11062100,1)
(5048400,1)
(10803900,1)
(10704900,1)
(3236700,2)
(3593100,4)
(10779700,1)
(1953300,1)
(1481100,1)
(4391400,3)
(10691400,1)
(10398000,1)
(3038700,1)
(1441500,3)
(10605900,2)
(7576200,1)
(9380700,2)
(11002700,1)
(7442000,1)
(3682200,1)
(6497100,11)
(7467300,2)
(5537100,1)
(9220400,1)
(9837000,1)
(10784100,1)
(8328600,1)
(1342500,18)
(4226700,1)
(4880100,1)
(9681300,1)
(1466800,12)
(9379900,5)
(3710000,1)
(9562500,57)
(5485900,6)
(11234000,1)
(153400,41)
(5513700,1)
(2003600,11)
(800500,1)
(10115300,1)
(8807400,30)
(1096900,3)
(10817400,2)
(5913300,1)
(5084400,1)
(8770500,43)
(10412300,1)
(8883000,1)
(8453700,1)
(9750600,1)
(8057700,1)
(5944900,1)
(10505000,1)
(6972300,3)
(1419000,19)
(4414800,6)
(9827100,1)
(11269200,1)
(11172900,1)
(9281700,3)
(11037900,1)
(9161000,1)
(11151200,1)
(9402200,1)
(8868700,1)
(4662300,2)
(2715600,2)
(9686800,2)
(11111600,1)
(10318800,2)
(4448100,2)
(10291800,2)
(984200,2)
(9453600,4)
(11313200,1)
(2523900,3)
(434200,1)
(1190400,16)
(6691500,17)
(5781000,1)
(7280000,2)
(9291600,1)
(2721900,1)
(792500,1)
(1520700,4)
(4705500,1)
(6576300,12)
(10145000,1)
(9675000,1)
(3349200,1)
(6163500,1)
(386600,6)
(9853200,1)
(8817300,2)
(9718200,4)
(7596000,1)
(1071600,2)
(11270000,1)
(8255700,2)
(5418300,1)
(969900,2)
(653900,6)
(9795700,5)
(10380900,1)
(10685100,2)
(4819900,1)
(8982000,1)
(4814400,1)
(715000,3)
(9720900,1)
(1590000,17)
(10181000,1)
(10249500,1)
(9374400,1)
(705100,2)
(3276300,6)
(3292500,1)
(1103000,14)
(8863200,3)
(2444700,11)
(5814300,2)
(7774200,1)
(5819800,1)
(1814700,1)
(10161200,1)
(10281900,1)
(8275500,1)
(2666100,1)
(2309700,1314)
(262300,12)
(3339300,1)
(9536400,4)
(10794000,1)
(3414900,1)
(9097200,6)
(3350000,1)
(2098200,2)
(5231000,1)
(10956000,1)
(7764300,1)
(1401900,2)
(8962200,1)
(1301000,2)
(11235900,1)
(6734700,1)
(8655300,1)
(495500,5)
(9390600,1)
(657500,16)
(5163600,1)
(1870500,6)
(6738300,4)
(11156700,1)
(10022600,1)
(216400,11)
(10220600,1)
(4048500,1)
(267800,3)
(9780300,4)
(10006400,1)
(3553500,1)
(1720100,2)
(632200,4)
(9620000,3)
(2395200,1)
(10827300,2)
(4211300,3)
(10046000,1)
(2923500,8)
(1397500,1)
(8374500,1)
(1356000,1)
(3361800,4)
(6505100,1)
(1751700,1)
(10101800,1)
(8399800,1)
(293900,4)
(9063900,1)
(1352400,4)
(8006300,3)
(11146800,1)
(10151300,1)
(7259400,1)
(5548900,2)
(850000,82)
(6724800,4)
(6823800,1)
(10893000,1)
(103900,1)
(6790500,2)
(7635600,2)
(7275600,1)
(10853400,2)
(1585600,3)
(9111500,1)
(3375300,11)
(188600,5)
(5300300,1)
(3622800,21)
(891500,7)
(979800,7)
(6744600,4)
(1059000,1)
(3454500,3)
(10269300,1)
(1710200,1)
(3345600,2)
(8873100,1)
(2460900,2)
(10789600,1)
(6774300,2)
(10675200,1)
(8884900,1)
(9749800,1)
(3933300,2)
(9354600,1)
(11210600,1)
(11285400,1)
(7087500,1)
(8983900,1)
(3563400,4)
(9151100,4)
(2828100,1)
(5830500,1)
(10244000,1)
(7432100,1)
(7473600,1)
(3329400,4)
(485600,2)
(9275400,1)
(9334800,4)
(2058600,8)
(3351900,3)
(10303400,1)
(10146900,1)
(9592200,1)
(1189600,1)
(4454400,1)
(895100,2)
(9261900,1)
(10432100,2)
(10639200,1)
(677300,40)
(3652500,2)
(2142200,3)
(1455000,67)
(7224200,1)
(7135100,1)
(7536600,1)
(3667900,40)
(11016200,1)
(5974600,1)
(11224100,1)
(11087400,1)
(9744300,1)
(5523600,2)
(10942500,1)
(3489700,3)
(1508100,118)
(7364700,3)
(1237200,1)
(10457400,1)
(1372200,4)
(63200,332)
(5563200,1)
(8878600,4)
(2626500,1)
(1540500,2)
(8718300,1)
(3391500,1)
(10224200,4)
(1958800,1)
(10280000,1)
(11289000,1)
(127300,10)
(1504500,18)
(6764400,5)
(2241200,1)
(5907000,1)
(10987600,1)
(11131400,1)
(5804400,23)
(3662400,1)
(2632800,1)
(9230300,23)
(8457300,2)
(4507500,1)
(4221200,11)
(6750900,1)
(9271800,1)
(8843400,2)
(10012700,1)
(4791000,1)
(9532800,1)
(1492900,4)
(4786600,1)
(928400,5)
(10285500,1)
(6813900,2)
(10566300,1)
(113800,65)
(2205200,7)
(10402400,1)
(2745300,1)
(3142100,2)
(839300,2)
(5440800,1)
(2236800,3)
(3745200,1)
(2791200,1)
(2814600,1)
(8749900,2)
(2824500,3)
(1895800,5)
(7328700,1)
(1555900,1)
(8260100,1)
(8685000,1)
(8600300,1)
(10182900,2)
(4523700,1)
(6562800,7)
(2682300,1)
(9600200,2)
(9629100,2)
(4948600,3)
(11121500,1)
(10234100,1)
(622300,2)
(9807300,1)
(11067600,1)
(10641900,1)
(6768000,2)
(1278700,3)
(8295300,1)
(10888600,1)
(4193400,19)
(2464500,9)
(3007100,1)
(9884800,6)
(4470600,1)
(8760600,2)
(10323200,1)
(3899200,9)
(5810700,1)
(7378200,1)
(5256300,4)
(2776900,1)
(6911000,8)
(10209900,1)
(2163900,2)
(8795800,1)
(7511300,1)
(2177400,2)
(1719300,1)
(1154400,6)
(10427700,1)
(4013300,9)
(10790400,1)
(2162000,2)
(10769800,2)
(1095000,2)
(4043000,1)
(1834500,1)
(1544100,24)
(9665100,1)
(3458100,1)
(7398000,4)
(8032400,7)
(2324000,28)
(6515000,4)
(444100,36)
(8323100,1)
(5943000,1)
(5984500,1)
(94800,1)
(10596000,1)
(202900,1)
(11229600,1)
(2494200,2)
(1500900,2)
(5371500,2)
(10572600,1)
(2840700,1)
(9967600,1)
(10962300,1)
(9229500,1)
(10156800,1)
(11026100,1)
(4198900,4)
(6615900,2)
(10016300,1)
(9125000,5)
(5908900,11)
(1591900,3)
(6758100,4)
(10052300,2)
(88500,4)
(958100,1)
(9843300,1)
(721300,2)
(3547200,1)
(414400,3)
(564800,14)
(420700,29)
(7067700,1)
(8681400,1)
(470200,1)
(10898500,1)
(102000,6)
(9219600,3)
(2007200,1)
(10506900,1)
(9691200,1)
(9661500,1)
(1864200,1)
(10758000,1)
(3907200,1)
(10992000,1)
(7457400,1)
(10952400,1)
(3221300,1)
(10265700,1)
(8582400,1)
(4197000,14)
(9587800,1)
(2527500,1)
(11291700,1)
(10442000,1)
(3913500,1)
(9285300,3)
(396500,1)
(1830900,1)
(8270000,1)
(10437600,1)
(222700,10)
(8303300,1)
(9848800,1)
(277700,2)
(11171000,1)
(10511300,1)
(4682100,2)
(6300,138)
(9817200,1)
(10526700,1)
(3998200,1)
(1534200,4)
(8847000,1)
(9873000,1)
(10390800,1)
(8750700,1)
(1700300,1)
(10487100,1)
(2349300,1)
(9121400,2)
(158900,8)
(9427500,2)
(10229700,1)
(7888600,1)
(8977600,2)
(9101600,1)
(9156600,4)
(1456900,15)
(9582300,1)
(2310500,6)
(9324900,1)
(667400,29)
(990500,8)
(27200,8)
(1570200,3)
(226300,9)
(10240400,1)
(3527400,2)
(3262800,3)
(10993900,1)
(1150800,15)
(9973900,1)
(5990800,1)
(4163700,1)
(1085100,1)
(3054900,1)
(3895600,1)
(10610300,1)
(2438400,4)
(7141400,1)
(9323000,1)
(10204400,1)
(10536600,1)
(1471200,1)
(9224000,1)
(2266500,4)
(10695000,1)
(11192700,1)
(8271900,1)
(3512000,4)
(1233600,1)
(6614000,4)
(198500,5)
(2903700,5)
(10754400,1)
(9645300,1)
(400900,6)
(8837100,5)
(1559500,23)
(9027900,1)
(3533700,2)
(10270100,1)
(5583000,1)
(9511100,1)
(11057700,1)
(3028800,5)
(9789400,1)
(1668400,1)
(78600,5)
(5616300,4)
(8926200,3)
(9141200,1)
(10399900,1)
(10394400,2)
(10082000,1)
(9006200,1)
(7269300,1)
(11281800,1)
(1725600,4)
(9770400,1)
(2088300,7)
(5112200,1)
(11052200,1)
(11303300,1)
(137200,1)
(3885700,72)
(5928700,2)
(8748000,1)
(3568900,4)
(6566400,1)
(7295400,2)
(4008900,3)
(8265600,1)
(4891900,33)
(282100,2)
(4938700,1)
(4418400,1)
(4007000,1)
(6625800,3)
(5761200,2)
(6078000,2)
(9042200,14)
(4187100,21)
(8827200,1)
(8630000,1)
(782600,1630)
(10067700,2)
(10916400,1)
(5588500,1)
(2899300,2)
(9473400,2)
(2820900,2)
(7437600,1)
(4870200,360)
(8764200,1)
(4088100,1)
(9240200,1)
(5553300,1)
(1730000,1)
(201000,24)
(10759900,1)
(292000,2)
(9651600,1)
(7036100,2)
(8333000,1)
(9641700,1)
(10541000,1)
(2350100,2)
(8912700,5)
(8279100,2)
(6932700,4)
(9521000,2)
(9399700,2)
(1180500,4)
(7640000,5)
(9204200,5)
(4440900,4)
(1293000,35)
(4276200,4)
(10576200,1)
(9639000,1)
(8848900,5)
(10696900,1)
(9993700,1)
(10799500,1)
(5786500,1)
(4903500,3)
(1332600,3)
(454000,1)
(7358400,1)
(11186400,1)
(1451400,1)
(3448200,2)
(9997300,1)
(1041900,3)
(1860600,1)
(8740800,1)
(2340200,7)
(206500,3)
(1510800,5)
(7620200,1)
(9858700,1)
(756500,1)
(590900,1)
(10740900,1)
(1164300,30)
(10333100,1)
(1061700,1)
(2335800,2)
(4709100,1)
(2563500,1)
(3583200,20)
(8785900,1)
(7758000,1)
(1607100,7)
(10200800,1)
(1227300,27)
(1294900,2)
(9087300,1)
(6685200,1)
(4241000,2)
(33500,33)
(5745000,1)
(9769600,1)
(994100,2)
(1184100,3)
(9467100,1)
(10946100,1)
(9422000,1)
(9443700,1)
(10957900,1)
(8042300,1)
(7566300,2)
(3890100,1)
(3470700,1)
(9378000,1)
(10967800,1)
(1445100,7)
(2084700,4)
(9433800,1)
(6353000,1)
(10422200,1)
(10582500,1)
(8972100,13)
(10625700,1)
(2361900,2)
(606100,18)
(9785800,2)
(11308800,1)
(10388100,1)
(5335500,1)
(3330200,3)
(10250300,1)
(7665300,1)
(5391300,1)
(3413000,1)
(9671400,1)
(10932600,1)
(2330300,1)
(10171100,1)
(10239600,1)
(5355300,1)
(4860300,11)
(7323200,1)
(10586100,1)
(1091400,1)
(9412100,4)
(7046000,4)
(6827400,1)
(2033300,1)
(11271900,1)
(2369100,3)
(8629200,2)
(10724700,1)
(10748100,1)
(3479800,2)
(4725300,1)
(9619200,1)
(1316400,2)
(8916300,5)
(2606700,12)
(455900,157)
(652000,1)
(9052100,1)
(2622900,1)
(10483500,1)
(10062200,1)
(10463700,1)
(9977500,3)
(6024900,1)
(9759700,1)
(6645600,2)
(6417900,1)
(5385000,4)
(10982100,1)
(4503900,1)
(8022500,1)
(2709300,12)
(8942400,1)
(68700,33)
(4839700,2)
(8536500,1)
(663800,1)
(1963200,9)
(5404800,1)
(2319600,1)
(10307000,1)
(10847100,1)
(9708300,1)
(9002600,1)
(9621900,1)
(8799400,11)
(1170600,4)
(9605700,2)
(4078200,1)
(10807500,1)
(7516800,1)
(810400,1)
(1849900,54)
(9235800,1)
(1306500,22)
(2183700,1)
(2765100,20)
(11032400,1)
(9308700,1)
(4107900,2)
(4122200,10)
(10750800,1)
(1923600,1)
(9833400,1)
(2276400,1)
(7234100,1)
(9926100,4)
(8334900,1)
(10744500,1)
(5424600,10)
(5003300,1)
(6847200,1)
(6789700,2)
(10556400,1)
(9898300,1)
(7291800,1)
(8894800,8)
(8902800,1)
(117400,4)
(9437400,1)
(6526800,11)
(9738000,1)
(2697700,2)
(10447500,1)
(6516900,2)
(1199500,8)
(1818300,12)
(10087500,1)
(2834400,1)
(10166700,1)
(212800,5)
(4183500,9)
(8105300,1)
(11245800,1)
(5899000,1)
(999600,7)
(10708500,1)
(8946000,1)
(4840500,1)
(7541000,1)
(4701900,3)
(6916500,3)
(4137600,37)
(8402300,1)
(163300,1)
(11230400,1)
(4132100,3)
(5889100,2)
(8780400,1)
(3215000,1)
(10651800,1)
(9265500,1)
(8493300,1)
(8609400,1)
(2636400,7)
(1943400,6)
(7417800,1)
(3053000,1)
(10406000,1)
(2844300,1)
(10703000,1)
(9176400,2)
(4297900,1)
(4895500,1)
(4994500,6)
(6572700,7)
(1312800,1)
(9047700,2)
(168800,13)
(2761500,1)
(11259300,1)
(4578700,1)
(6708600,1)
(4459900,1)
(10718400,2)
(2719200,1)
(2490600,10)
(1207500,2)
(4480500,1)
(5885500,3)
(10780500,1)
(4626300,22)
(404500,14)
(5751300,1)
(2771400,6)
(4890000,1)
(9338400,4)
(3474300,30)
(1435200,10)
(6619500,4)
(10531100,1)
(1973100,1)
(9200600,1)
(1560300,10)
(8412200,1)
(84900,8)
(133600,26)
(7546500,1)
(257900,66)
(865400,27)
(9655200,1)
(11141300,2)
(578300,1)
(9546300,1)
(1302900,4)
(10912800,1)
(3499600,2)
(8790300,12)
(5715300,72)
(8779600,3)
(6802100,1)
(918500,2)
(1202000,4)
(7105400,1)
(5808000,1)
(10245900,1)
(10109000,1)
(1549600,1)
(4231100,50)
(10384500,1)
(9239400,1)
(1628800,23)
(4697500,2)
(1019400,3)
(4804500,3)
(43400,34)
(8437500,3)
(9166500,3)
(8047800,1)
(1978600,1)
(8714700,1)
(9073800,1)
(10121600,1)
(10615800,1)
(4003400,1)
(9328500,1)
(4719000,23)
(1804800,1)
(10902900,1)
(53300,1)
(2102600,7)
(10279200,1)
(8620100,5)
(1983000,2)
(4495900,1)
(2890200,3)
(2735400,1)
(11125100,1)
(9348300,1)
(4143900,1)
(9186300,2)
(10493400,1)
(9384300,1)
(7042400,2)
(6586200,2)
(10299000,1)
(9878500,1)
(3088200,2)
(10922700,1)
(83000,1)
(861800,51)
(2953200,1)
(9932400,1)
(3903600,2)
(10407900,1)
(7289100,1)
(440500,1)
(4329300,44)
(1514400,2)
(772700,1)
(2601200,1)
(2127900,4)
(584600,11)
(8483400,1)
(2187300,5)
(5709000,1)
(10417800,1)
(1554000,3)
(9279000,2)
(9364500,1)
(10665300,1)
(3127800,1)
(7406000,1)
(9077400,1)
(1015800,4)
(9526500,2)
(9936000,1)
(11295300,1)
(10111700,1)
(616000,14)
(469400,1)
(4489600,4)
(4830600,1)
(4974700,1)
(1705800,9)
(1346100,6)
(10630100,2)
(7109000,3)
(7412300,2)
(10259400,1)
(2112500,1)
(7649100,1)
(8888500,1)
(10977700,1)
(4796500,5)
(9838900,1)
(9714600,1)
(419900,6)
(8769700,8)
(9972000,1)
(10097400,1)
(9868600,1)
(6748200,2)
(5480400,12)
(10497000,1)
(9542700,1)
(5038500,1)
(4206900,1)
(5578600,1)
(6208100,2)
(5320100,9)
(9012500,7)
(10857000,1)
(23600,147)
(8467200,1)
(1213800,15)
(5351700,19)
(4112300,3)
(3216900,58)
(6556500,25)
(4557000,4)
(9318600,1)
(47000,89)
(4844100,2)
(2948800,1)
(5484000,1)
(491900,17)
(345100,2)
(8993800,9)
(10343000,1)
(9631800,2)
(2480700,4)
(3112400,4)
(10002800,1)
(9739900,1)
(3355500,2)
(10105400,1)
(5980900,1)
(9057600,1)
(10036100,2)
(6912900,3)
(11073900,1)
(9493200,1)
(3994600,6)
(7443900,1)
(10734600,1)
(10873200,1)
(885200,3)
(9358200,1)
(11042300,1)
(4479700,1)
(391000,3)
(4834200,2)
(7125200,2)
(1984900,2)
(2994700,3)
(10026200,1)
(10552800,1)
(10843500,1)
(10655400,2)
(242500,344)
(9032300,1)
(10295400,1)
(944600,1)
(4672200,1)
(11279100,1)
(1715700,4)
(9457200,2)
(5662200,1)
(7962300,1)
(1658500,1)
(9303200,4)
(10072100,2)
(5018700,1)
(11022500,1)
(840100,9)
(1848000,21)
(9577900,2)
(6695100,3)
(5978200,1)
(9704700,1)
(8576100,2)
(6630200,33)
(3286200,11)
(4700000,1)
(1065300,10)
(2272800,15)
(4458000,2)
(8615700,1)
(11161100,1)
(9407700,2)
(4330100,1)
(7390800,7)
(7279200,2)
(9774000,4)
(9906300,1)
(528800,2)
(938300,5)
(786200,12)
(8291700,2)
(7427700,1)
(10313300,1)
(7281900,1)
(9483300,1)
(10289100,1)
(9423900,1)
(8289000,1)
(1518000,1)
(10837200,1)
(11196300,1)
(9214100,3)
(3567000,3)
(3266400,1)
(2282700,1)
(2522000,2)
(903100,1)
(9083700,12)
(1791300,1)
(711400,1)
(2468100,1)
(3988300,1)
(4913400,3)
(10192800,1)
(11136900,1)
(1387600,16)
(1530600,3)
(9136800,2)
(2028900,1)
(475700,1)
(3385200,17)
(2700200,1)
(11047800,1)
(10275600,2)
(8853300,1)
(376700,1)
(10592400,1)
(9922500,1)
(7255800,1)
(2474400,1)
(10936200,2)
(6901100,1)
(9615600,2)
(1580100,4)
(9225900,2)
(3700100,1)
(8957800,1)
(2662500,46)
(3381600,39)
(8932500,1)
(6817500,1)
(7740900,1)
(4687600,3)
(11220500,1)
(1421700,2)
(4262700,5)
(9062000,1)
(9209700,2)
(10681500,1)
(5434500,1)
(6936300,1)
(2320400,2)
(10141400,1)
(9016100,1)
(8610200,1)
(6873300,3)
(8952300,2)
(8987500,1)
(3310400,1)
(8774100,7)
(11249400,1)
(252400,35)
(10562700,2)
(9764100,1)
(5829700,3)
(2885800,28)
(5701800,8)
(4044900,1)
(5266200,1)
(2808300,8)
(647600,59)
(2838000,2)
(533200,2)
(9957700,1)
(11255700,1)
(6718500,2)
(627800,248)
(9572400,1)
(9488800,1)
(8348400,1)
(10972200,1)
(2197200,9)
(2078400,9)
(6551000,8)
(10210700,1)
(5568700,2)
(10863300,1)
(6784200,2)
(5474100,4)
(9389800,1)
(9210500,3)
(9609300,1)
(1781400,3)
(7057800,2)
(9724500,1)
(9728100,1)
(2978500,1)
(9696700,1)
(1051800,2)
(4494000,2)
(9478900,1)
(7394400,5)
(1519900,1)
(6868900,1)
(2720000,1)
(1030100,111)
(1684600,18)
(10604000,1)
(10878700,1)
(8344800,1)
(9635400,2)
(7718400,1)
(4502000,3)
(8285400,1)
(1850700,215)
(5860200,1)
(10661700,1)
(4371600,3)
(7883100,1)
(1411800,3)
(10619400,1)
(7380900,1)
(11166600,1)
(9888400,1)
(6833700,1)
(970700,2)
(1613400,5)
(9196200,1)
(3003500,28)
(2973000,20)
(10308900,1)
(1045500,13)
(6635700,8)
(10516800,1)
(9172800,4)
(10600400,1)
(2339400,1)
(10906500,1)
(2286300,1)
(4236600,6)
(10901000,1)
(8562600,1)
(9902700,1)
(10214300,2)
(6794100,21)
(8947900,5)
(2385300,7)
(10813800,1)
(7146900,2)
(3058500,4)
(746600,5)
(410800,4)
(9394200,1)
(13700,1)
(4216800,6)
(9813600,1)
(356900,1)
(9370800,1)
(9775900,1)
(3098100,30)
(439700,4)
(1000400,1)
(4396900,1)
(1179700,2)
(11072000,1)
(8789500,1)
(3523800,1)
(1496500,87)
(10635600,1)
(594500,1)
(9255600,1)
(4869400,1)
(9126900,7)
(8704800,1)
(1664800,21)
(3043100,1)
(9894700,2)
(11135000,1)
