(11248300,1)
(2789300,7)
(2291500,6)
(6472600,1)
(1538600,4)
(8986400,10)
(9629900,1)
(6559000,16)
(11025000,1)
(11179000,2)
(6707500,7)
(11260900,1)
(9545200,1)
(10816300,2)
(5567600,2)
(8842300,1)
(9531700,1)
(8921500,1)
(6905500,5)
(2308600,1)
(1489100,12)
(5200,10)
(5502700,15)
(10159300,1)
(3502900,1)
(10302300,1)
(12600,3)
(9456100,1)
(8773000,1)
(9353500,2)
(3105000,1)
(715800,7)
(4067200,1)
(8302200,1)
(11062900,1)
(1321600,1)
(6690400,17)
(2379800,1)
(5136400,2)
(7189000,2)
(10685900,1)
(11234800,1)
(4813300,1)
(5350600,2)
(9586700,1)
(963300,7)
(9446200,1)
(9541600,1)
(6727300,1)
(9561400,1)
(10139500,1)
(2369900,2)
(517800,70)
(10294300,1)
(5057200,1)
(10270900,1)
(9753100,1)
(1728100,3)
(3592000,1)
(10486000,1)
(5651200,1)
(10312200,1)
(8406700,1)
(2609200,1)
(6981100,1)
(735600,5)
(3057400,10)
(11280700,1)
(9076300,1)
(5880800,2)
(4973600,1)
(1554800,2)
(10367200,1)
(10931500,1)
(1226200,145)
(9497600,1)
(6798500,1)
(11120400,1)
(10515700,1)
(9161800,1)
(1799300,1)
(1580900,117)
(9052900,1)
(9412900,22)
(1503400,4)
(1095800,2)
(4186000,1)
(10100700,1)
(3259000,1)
(1499000,14)
(3275200,2)
(1838900,3)
(7129600,3)
(1414300,1)
(1657400,2)
(3488600,1)
(11036800,1)
(8294200,1)
(5927600,1)
(345900,6)
(5912200,1)
(10497800,1)
(7119700,2)
(3621700,5)
(116300,13)
(8472400,1)
(895900,1)
(10416700,1)
(438600,1)
(2105100,1)
(9104100,1)
(9302100,1)
(1419800,8)
(5605300,2)
(8941300,1)
(9135700,1)
(2864900,81)
(3433600,3)
(403400,10)
(9139300,2)
(8743300,1)
(5349800,1)
(814800,1)
(5973500,1)
(235100,1)
(2457100,2)
(10185400,2)
(1769600,1)
(1724500,4)
(3162700,1)
(8847800,3)
(11082700,1)
(3032100,1)
(6919000,2)
(2993600,2)
(36000,1)
(500,32)
(10476100,1)
(9155500,2)
(1738000,4)
(1607900,1)
(5953700,1)
(9519100,1)
(209000,4)
(3457000,1)
(1040800,6)
(9218500,3)
(7911700,1)
(741900,3)
(4868300,12)
(10664200,1)
(8664100,1)
(6628300,18)
(11312100,1)
(11191600,1)
(7072900,3)
(1301800,1)
(11129500,1)
(10056700,2)
(3131100,1)
(10299800,3)
(9826000,2)
(10353700,1)
(2368000,5)
(11181700,1)
(1236100,15)
(9378800,1)
(3053800,1)
(10525600,1)
(11203200,1)
(10794800,1)
(11150100,1)
(3493000,9)
(9986300,1)
(10737100,2)
(7877600,5)
(57700,2)
(11213100,1)
(10689500,1)
(11046700,1)
(2006100,4)
(7056700,1)
(10015200,1)
(3587600,1)
(2141100,2)
(9066400,1)
(2261800,21)
(2704600,2)
(8679500,1)
(11165500,1)
(10500300,1)
(9723400,2)
(553800,1)
(8832400,1)
(4833100,2)
(2888300,3)
(7066600,1)
(3141000,15)
(2770300,1)
(11066500,1)
(5755700,2)
(9096100,1)
(8466100,1)
(2390500,1)
(9228400,1)
(9086200,1)
(3328300,3)
(7280800,1)
(126200,4)
(7571500,2)
(1445900,1)
(97300,36)
(9707200,1)
(7051200,2)
(10234900,1)
(8774900,246)
(10086400,2)
(10618300,1)
(8822500,2)
(10586900,1)
(480900,188)
(8644300,1)
(2615500,1)
(527700,1)
(8001600,1)
(7535500,1)
(10727200,1)
(9982700,1)
(1698900,1)
(8268100,1)
(3251800,8)
(2453500,8)
(4714300,1)
(5380300,1)
(5413600,2)
(10541800,1)
(1858700,1)
(9363400,1)
(10654300,2)
(4447000,1)
(7497800,2)
(5902300,1)
(9001500,1)
(894000,3)
(4275100,10)
(2957600,8)
(1922500,1)
(93700,5)
(8931400,3)
(10268200,1)
(246900,4)
(10436500,1)
(2641600,1)
(4803400,1)
(10784900,1)
(10748900,1)
(4572100,19)
(3671200,3)
(8618200,1)
(6733600,4)
(9185200,7)
(10883900,1)
(2566000,2)
(9837800,1)
(4993400,1)
(2052000,9)
(547500,218)
(4106800,2)
(10393300,1)
(10119700,1)
(10747000,1)
(5656700,1)
(7228600,1)
(5552200,1)
(1392800,5)
(9863900,3)
(10432900,1)
(1957700,3)
(2536300,1)
(676200,5)
(4765700,1)
(5516200,1)
(6723700,17)
(2344600,1)
(484500,70)
(10347400,1)
(10238500,2)
(4473100,1)
(7307800,2)
(1004800,16)
(7071000,2)
(3152800,75)
(4399400,4)
(1044400,5)
(9294100,1)
(8323900,1)
(3546100,2)
(9822400,1)
(616800,1)
(9270700,1)
(5661100,1)
(10208800,1)
(11076400,1)
(8976500,2)
(6893900,6)
(4458800,23)
(3498500,1)
(10773100,1)
(10941400,1)
(52200,1)
(11294200,1)
(4182400,1)
(9832300,1)
(1868600,6)
(2795600,8)
(5389400,2)
(5823100,7)
(9628000,1)
(656400,1)
(973200,13)
(5231800,1)
(7274500,1)
(6812800,3)
(7234900,1)
(9748700,1)
(7337500,1)
(4136500,2)
(1030900,71)
(6743500,1)
(9640600,1)
(9931300,1)
(6703900,7)
(4098800,1)
(6832600,1)
(2093500,3)
(672600,10)
(1311700,3)
(10218700,1)
(10717300,2)
(2878400,9)
(9213000,1)
(8317600,4)
(2204100,2)
(1351300,4)
(4676600,1)
(6778700,1)
(10802800,1)
(10327600,1)
(1697000,1)
(2967500,1)
(10723600,1)
(11104200,1)
(9644200,1)
(9110400,1)
(9685700,1)
(8806300,1)
(9109600,2)
(2720800,1)
(7149400,3)
(2902600,1)
(9857600,1)
(10134000,2)
(10388900,2)
(1064200,10)
(9926900,1)
(5759300,2)
(3007900,18)
(7500300,3)
(4730500,1)
(9510000,1)
(10925200,1)
(83800,21)
(9921400,4)
(9660400,1)
(7155700,2)
(4043800,2)
(9472300,1)
(22500,3)
(4494800,3)
(3182500,1)
(4998900,2)
(7145800,1)
(9738800,1)
(2775800,1)
(2318500,25)
(9784700,2)
(4126600,1)
(10788500,1)
(11195200,1)
(6901900,6)
(3111300,2)
(9794600,1)
(197400,5)
(2022300,1)
(11284300,1)
(2314900,7)
(10487900,1)
(5749400,2)
(256800,19)
(9145600,1)
(9551500,3)
(10783000,1)
(9224800,1)
(8258200,1)
(10442800,1)
(10110600,1)
(8654200,1)
(9462400,2)
(9630700,2)
(1873000,3)
(4007800,4)
(5494700,7)
(3043900,2)
(8873900,2)
(9624400,2)
(2947700,3)
(9806200,1)
(1708300,1)
(8905300,4)
(3027700,1)
(9591100,1)
(10713700,3)
(8119600,2)
(407000,41)
(1642000,24)
(3390400,55)
(10363600,1)
(7258300,1)
(2057500,16)
(8826100,1)
(5027500,1)
(42300,1)
(8638000,8)
(3458900,1)
(9873800,1)
(2427400,346)
(9649700,1)
(5562100,2)
(3483100,1)
(9026800,1)
(9092500,1)
(739200,1)
(9664000,1)
(296400,1)
(182000,29)
(759000,2)
(5724100,2)
(72000,54)
(1335100,18)
(3360700,8)
(9535300,1)
(6614800,27)
(7124100,1)
(8867600,26)
(10992800,1)
(2162800,4)
(1594400,1)
(9862000,2)
(9764900,1)
(5390200,1)
(10976600,1)
(7398800,1)
(9905200,1)
(11135800,1)
(5884400,1)
(3582100,1)
(8322000,1)
(6608500,1)
(9680200,1)
(5484800,118)
(10223100,2)
(1590800,8)
(9005100,1)
(3245500,22)
(4947500,1)
(1212700,2)
(9703600,2)
(838200,1)
(10383400,1)
(10426600,2)
(1704700,6)
(1188500,2)
(10638100,1)
(3097000,1)
(8312100,1)
(10768700,1)
(11114100,1)
(122600,19)
(6561700,4)
(10826200,1)
(5334400,5)
(8966600,8)
(10753300,1)
(4176100,8)
(11228500,1)
(4791800,1)
(1759700,3)
(1485500,1)
(10650700,1)
(2906200,34)
(8462500,1)
(8794700,1)
(4854800,2)
(978700,2)
(152300,2)
(2817100,1)
(5795300,4)
(8685800,1)
(6897500,1)
(11096200,1)
(6822700,3)
(9467900,1)
(993000,3)
(6504000,1)
(9125800,1)
(6794900,1)
(1194800,1)
(9406600,1)
(8575000,1)
(8996300,2)
(1113700,2)
(10778600,2)
(10935100,1)
(3344500,6)
(11268100,1)
(2364400,1)
(9411000,3)
(3192400,1)
(1600,33)
(8561500,1)
(3172600,2)
(3577700,19)
(2676800,9)
(1827100,1)
(2532700,1)
(9165400,3)
(6887600,4)
(8576900,1)
(2413900,1)
(4231900,2)
(10456300,2)
(10031400,1)
(8703700,1)
(3494900,1)
(983100,4)
(9887300,1)
(6520200,1)
(5101200,1)
(7264600,2)
(2126800,1)
(1947800,30)
(889600,7)
(804900,1)
(573600,3)
(1356800,1)
(1341400,11)
(10181800,2)
(11130300,1)
(6207000,1)
(6680500,1)
(10535500,1)
(3281500,20)
(381900,1)
(11244700,2)
(9695600,1)
(5889900,1)
(9120300,5)
(5700700,8)
(1315300,26)
(10679600,1)
(2708200,2)
(9129400,1)
(652800,11)
(7530000,2)
(2562400,12)
(9743200,1)
(7529200,1)
(7092700,1)
(5370400,4)
(5557700,1)
(8260900,2)
(2042100,2)
(10669700,2)
(1937900,1)
(1663700,45)
(10699400,1)
(7539100,1)
(1606000,2)
(8421000,1)
(1381000,11)
(10284400,1)
(1361200,1)
(9650500,2)
(2156500,2)
(9758600,1)
(1184900,11)
(8778500,1)
(9258100,1)
(7086400,1)
(9972800,1)
(4230000,23)
(5734000,3)
(9191500,3)
(1305400,15)
(1202800,3)
(7586900,1)
(10847900,1)
(3739700,1)
(3042000,1)
(1460200,3)
(10398800,1)
(7431000,4)
(8946800,2)
(132500,2)
(5478500,20)
(7462600,1)
(5522500,1)
(1386500,3)
(7347400,1)
(6773200,11)
(5834900,4)
(6763300,1)
(11056600,1)
(1089500,1)
(2176300,10)
(6783100,1)
(10041300,1)
(10510200,2)
(3083500,46)
(4197800,3)
(1469300,5)
(6713800,2)
(9327400,2)
(9357100,1)
(2053900,1)
(8893700,16)
(1807300,2)
(9274300,1)
(2710900,4)
(10061100,2)
(1936000,1)
(9897200,1)
(11159200,1)
(4710700,1)
(8446300,1)
(5967200,1)
(10690300,1)
(4448900,1)
(4708000,1)
(10046800,1)
(16200,16)
(9250900,1)
(10862200,1)
(9368900,2)
(6911800,4)
(3334600,1)
(2803600,6)
(9130200,5)
(3556000,1)
(1143400,7)
(2032200,3)
(10981000,1)
(6747100,43)
(8608300,1)
(4977200,1)
(1133500,1)
(10377100,1)
(10191700,2)
(4957400,1)
(5359700,6)
(1983800,8)
(211700,2)
(3611800,2)
(8130300,2)
(6515800,1)
(9208600,1)
(3997100,1)
(3146500,1)
(10659800,2)
(4380400,1)
(11278000,1)
(8862100,1)
(4417300,35)
(11109700,1)
(8798300,10)
(3291400,1)
(1643900,5)
(5403700,1)
(11061000,1)
(490800,2)
(4296800,1)
(9659600,1)
(8270800,1)
(8935000,8)
(9713500,5)
(3235600,1)
(8244700,7)
(10135900,3)
(10001700,1)
(2501100,1)
(10165600,1)
(5526100,5)
(8812600,3)
(1823500,6)
(10025100,1)
(1034500,2)
(3516400,1)
(10373500,1)
(2799200,1)
(9596600,1)
(3927800,1)
(499900,1)
(5957300,1)
(10893800,1)
(2621800,30)
(10466200,1)
(5760100,1)
(9031200,1)
(7191700,3)
(9941200,2)
(1346900,2)
(6768800,20)
(2380600,3)
(5587400,16)
(8707300,20)
(10096300,1)
(10446400,1)
(7575100,1)
(2898200,6)
(10648000,1)
(1450300,3)
(4646900,1)
(6737200,4)
(8333800,1)
(9961000,1)
(4799000,17)
(1018300,1)
(10343800,3)
(8689400,1)
(8545300,1)
(10549000,1)
(7406800,1)
(9511900,1)
(10531900,2)
(2780200,3)
(5770000,1)
(3916000,1)
(11264500,1)
(7520100,1)
(3389600,9)
(6915400,5)
(10882000,1)
(8347300,1)
(10996400,1)
(1667300,1)
(7290700,2)
(5833000,2)
(5890700,2)
(423200,236)
(943500,2)
(2661400,1)
(1079600,1)
(1060600,3)
(5611600,1)
(2417500,2)
(6519400,1)
(9802600,1)
(9260800,1)
(10966700,1)
(11290600,1)
(1588100,1)
(9610900,1)
(4692800,2)
(8353600,1)
(8337400,1)
(1014700,1)
(6258400,1)
(10545400,1)
(10571500,1)
(4795400,17)
(9284200,1)
(10806400,1)
(10628200,1)
(6801000,1)
(10670500,2)
(11110500,1)
(4215700,5)
(6935200,1)
(9046600,1)
(5987000,4)
(907500,1)
(4898000,7)
(9151900,3)
(32400,7)
(4953800,5)
(8925100,3)
(5320900,1)
(4807000,1)
(682500,8)
(359400,1)
(5720500,3)
(1080400,3)
(2111400,4)
(9289700,2)
(10763200,1)
(157800,5)
(8956700,1)
(3760300,3)
(7976600,1)
(112700,103)
(9234700,1)
(10332000,5)
(10401300,3)
(9482200,3)
(11155600,1)
(8836000,3)
(6603000,2)
(7254700,3)
(4943900,5)
(8857700,1)
(9337300,1)
(9992600,1)
(10175500,1)
(3384100,23)
(2097100,1)
(2186200,6)
(9728900,1)
(8248300,25)
(9951100,2)
(10695800,1)
(795000,4)
(913800,2)
(9576800,1)
(4152700,3)
(11051100,1)
(1543000,2)
(7114200,3)
(10758800,1)
(593400,8)
(7289900,1)
(10901800,1)
(8367100,1)
(2077300,9)
(2666900,6)
(6689600,1)
(413300,8)
(10124100,2)
(1578200,2)
(5360500,7)
(9307600,1)
(7312200,5)
(8768600,1)
(8915200,2)
(1232500,20)
(4512700,2)
(10254700,1)
(10021500,7)
(7674100,1)
(10452700,1)
(10288000,1)
(67600,1)
(1714600,1)
(8630800,1)
(10258300,3)
(8109700,4)
(9290500,1)
(9487700,1)
(9159100,1)
(6505900,1)
(261200,1)
(6753400,1)
(3340900,1)
(7509400,2)
(2334700,1)
(11100600,1)
(6793000,2)
(10280800,1)
(10707400,1)
(6126400,1)
(8046700,2)
(9618100,3)
(4225600,2)
(6816400,12)
(4546000,1)
(10005300,1)
(4582000,2)
(1103800,1)
(11274400,1)
(7882000,1)
(3402000,3)
(5473000,3)
(5537900,1)
(4369700,2)
(10120500,1)
(2963900,8)
(3350800,15)
(10946900,1)
(2498600,3)
(9422800,2)
(6842500,1)
(10195300,1)
(6565300,1)
(3002400,1)
(2063800,1)
(8837900,19)
(9654100,1)
(1780300,10)
(10530000,1)
(10684000,1)
(3215800,3)
(785100,1)
(9604600,1)
(9842200,1)
(10608400,2)
(1283900,1)
(3437200,1)
(2942200,5)
(10674100,1)
(9343600,1)
(2629000,3)
(11140200,1)
(10733500,1)
(9827900,1)
(6530100,2)
(8883800,1)
(9299600,1)
(8290600,5)
(6539200,111)
(850800,6)
(998500,8)
(8535400,2)
(11026900,1)
(9175300,2)
(9150000,3)
(957000,1)
(10798400,1)
(9699200,1)
(2696600,1)
(1848800,70)
(2468900,1)
(10812700,1)
(5854700,2)
(1687100,6)
(4987100,3)
(10411200,1)
(9016900,2)
(3176200,1)
(4587500,15)
(3615400,187)
(6644500,12)
(6525700,7)
(9264400,1)
(3354400,1)
(9717100,1)
(10505800,1)
(8452600,1)
(2833300,5)
(631100,4)
(7432900,1)
(87400,5)
(375600,17)
(9051000,1)
(10462600,1)
(9280600,1)
(3878300,1)
(443000,16)
(4547900,1)
(102800,58)
(6857900,1)
(292800,11)
(705900,3)
(10140300,1)
(2245600,1)
(9312000,1)
(6925300,1)
(9398600,3)
(10971100,1)
(606900,2)
(9100500,1)
(9634300,1)
(11279900,1)
(10909000,1)
(7036900,1)
(10509400,1)
(2790100,1)
(10322100,1)
(183900,5)
(4498400,24)
(2686700,1)
(8872000,2)
(2121300,3)
(8401200,1)
(6509500,4)
(1491800,18)
(4744000,2)
(9477800,1)
(9847700,5)
(10832500,1)
(10169200,1)
(408900,2)
(4390300,7)
(9727000,1)
(1048000,2)
(1070500,38)
(4818800,1)
(3230100,2)
(1434100,1)
(765300,1)
(4593800,1)
(5043700,5)
(9976400,1)
(9119500,6)
(1673600,12)
(3719900,30)
(6757000,3)
(7110600,5)
(10035000,1)
(9529000,1)
(6510300,1)
(9966500,1)
(2493100,1)
(3417400,1)
(1376600,2)
(9670300,1)
(2463400,7)
(11149300,1)
(3379700,4)
(9521800,1)
(9614500,1)
(9169000,1)
(9733300,1)
(1843300,12)
(11072800,1)
(2389700,10)
(10233000,2)
(10189000,1)
(7604800,2)
(7284400,1)
(1740700,1)
(5983400,1)
(47800,1)
(428700,3)
(10921600,1)
(6529300,1)
(136100,20)
(8181700,1)
(9763000,1)
(2765900,3)
(6826300,1)
(2200500,14)
(7982900,1)
(73900,1)
(11171800,1)
(10852300,1)
(3453400,2)
(5512600,2)
(8982800,18)
(1598000,1)
(10248400,1)
(5399300,1)
(3380500,1)
(5803300,1)
(10575100,1)
(3501000,1)
(6634600,1)
(10307800,2)
(7472500,1)
(2115000,1)
(9620800,3)
(11125900,1)
(1972000,1)
(1973900,1)
(444900,1)
(1054300,3)
(6991000,3)
(4552300,4)
(1647500,1)
(10036900,2)
(2838800,4)
(9011400,2)
(4245400,2)
(379200,1)
(611300,35)
(5943800,1)
(10630900,1)
(2922400,168)
(1246000,1)
(9665900,1)
(9669500,1)
(2631700,1)
(3750400,1)
(7041300,1)
(3348100,1)
(1382900,35)
(11139400,1)
(621200,63)
(1764100,1)
(106400,4)
(251300,1)
(2526400,3)
(10150200,1)
(1366700,13)
(3552400,1)
(902000,13)
(7353700,1)
(1513300,3)
(1410700,3)
(10519300,1)
(5536000,1)
(9383200,1)
(1222600,44)
(10278100,2)
(2303100,2)
(10551700,1)
(11041200,1)
(2635300,1)
(1612300,1)
(9436300,11)
(266700,18)
(2779400,2)
(3937700,1)
(10846000,1)
(9279800,1)
(7883900,2)
(8784800,2)
(241400,3)
(2447200,2)
(994900,10)
(697900,1)
(10472500,1)
(6595000,2)
(11124000,1)
(1148900,44)
(8299700,2)
(7139500,1)
(4838600,2)
(646500,5)
(4389500,6)
(433100,45)
(7169200,1)
(10539100,1)
(3942100,3)
(2516500,2)
(10228600,1)
(1677200,16)
(10822600,1)
(2047600,1)
(5474900,2)
(1926100,3)
(1028200,1)
(11086300,1)
(9679400,1)
(10011600,1)
(1533100,3)
(9565000,1)
(10066600,1)
(9883700,1)
(7452700,1)
(9373300,1)
(1720900,1)
(9515500,8)
(1331500,18)
(2073700,4)
(9901600,1)
(9181600,1)
(1069700,6)
(749100,2)
(2350900,2)
(1599900,3)
(3166300,3)
(7670500,3)
(10290700,1)
(7367200,1)
(6037300,1)
(3358000,1)
(6648100,2)
(10634500,1)
(8175400,1)
(4002300,1)
(5791700,1)
(1518800,22)
(2952100,1)
(201800,61)
(7096300,3)
(8758700,1)
(37900,13)
(2473300,1)
(2718100,1)
(5740300,3)
(854400,1)
(3473200,1)
(3098900,73)
(1424200,1)
(4235500,1)
(9313900,2)
(494400,8)
(9608200,1)
(3681100,2)
(6555400,9)
(7031400,1)
(1790200,1)
(7288000,1)
(9401100,1)
(8596700,1)
(5379500,6)
(11185300,1)
(4146400,2)
(5385800,1)
(3906100,1)
(10387000,1)
(3318400,6)
(10333900,1)
(9812500,1)
(2239300,2)
(7826200,1)
(11031300,1)
(6571600,1)
(8264500,1)
(9041100,47)
(339600,1)
(8383300,1)
(3593900,2)
(8936900,1)
(9056500,1)
(9416500,1)
(5364100,1)
(9021300,1)
(4403800,29)
(474600,2)
(11160000,1)
(5765600,1)
(9072700,1)
(9082600,1)
(1495400,1)
(9893600,3)
(10092700,1)
(10337500,2)
(899500,50)
(3478700,1)
(4350700,3)
(729300,17)
(5671000,1)
(11021400,1)
(225200,2)
(1617800,1)
(10986500,1)
(3271600,3)
(1803700,1)
(4696400,9)
(1749800,1)
(4997000,1)
(10703800,1)
(10213200,1)
(8951200,1)
(10956800,1)
(8901700,1)
(3512800,4)
(1916200,1)
(4942000,1)
(221600,22)
(10565200,3)
(824700,1)
(9915100,1)
(10406800,1)
(8972900,13)
(2370700,1)
(5719700,2)
(10244800,1)
(1444000,16)
(8911600,14)
(4890800,1)
(3324700,1)
(10596800,1)
(1837000,9)
(4864700,4)
(937200,30)
(3917900,1)
(5710600,1)
(9015000,17)
(5636900,1)
(8307700,1)
(7456300,1)
(3818900,1)
(10082800,1)
(8278000,1)
(9195100,3)
(4200300,2)
(286500,5243)
(9115900,1)
(10431000,1)
(11302200,1)
(8571400,2)
(9388700,1)
(9268000,3)
(5369600,1)
(2827000,2)
(10170000,1)
(1257800,3)
(10680400,1)
(9877400,1)
(9788300,1)
(1779500,6)
(2259100,1)
(10624600,1)
(9171700,1)
(10114200,1)
(9254500,1)
(9203100,1)
(9238300,1)
(5330800,2)
(4468700,1)
(3239200,1)
(563700,1)
(7357300,1)
(9442600,2)
(9852100,1)
(4251700,1)
(10317700,1)
(10982900,1)
(4769300,1)
(10951300,1)
(6604900,42)
(9555100,1)
(7436500,3)
(9347200,1)
(9140100,1)
(719400,1)
(601400,6)
(1439600,6)
(5775500,1)
(874200,1)
(1774000,1)
(1906300,1)
(4077100,7)
(5771900,1)
(4407400,1)
(4536100,1)
(8289800,4)
(3912400,1)
(1734400,6)
(1163200,18)
(2101500,32)
(4681000,1)
(1813600,5)
(1853200,2)
(9778400,1)
(8877500,3)
(10160100,3)
(10051200,1)
(4823200,104)
(9149200,2)
(4983500,1)
(7134000,1)
(11015100,1)
(9936800,1)
(740000,7)
(11208700,1)
(8887400,3)
(10660600,4)
(1287500,1)
(696000,33)
(10129600,1)
(10872100,1)
(9432700,3)
(9675800,1)
(7608400,1)
(859900,1)
(11270800,1)
(1508900,14)
(2714500,1)
(1309000,8)
(4192300,13)
(8961100,33)
(7383400,1)
(869800,6)
(11299700,1)
(3142900,4)
(4209400,2)
(10482400,1)
(418800,3)
(5597300,1)
(3265300,4)
(6540000,2)
(10836100,1)
(395400,7)
(3067300,1)
(11011500,1)
(4384000,1)
(11238400,1)
(2884700,21)
(7717300,9)
(5933900,4)
(9248200,1)
(8852200,1)
(10492300,1)
(4162600,3)
(9867500,1)
(522200,2)
(6638200,9)
(385500,17)
(10644400,4)
(380000,2)
(2828900,1)
(5098700,1)
(10961200,1)
(10857800,1)
(5709800,6)
(9505600,11)
(8816200,23)
(10203300,1)
(7549000,1)
(9393100,1)
(2399600,16)
(3838700,3)
(2823400,1)
(6699500,1)
(10104300,2)
(8327500,1)
(2360800,2)
(77500,95)
(11307700,1)
(4220100,1)
(2619100,5)
(10585000,1)
(9956600,1)
(1059800,2)
(4526200,12)
(10555300,1)
(3562300,1)
(3884600,1)
(730100,21)
(10179100,1)
(9962900,1)
(10171900,1)
(8393200,3)
(1833400,1)
(9244600,1)
(3833200,1)
(8675900,1)
(6802900,2)
(9571300,3)
(3063700,1)
(2433700,1)
(1584500,7)
(1977500,21)
(9689300,1)
(3359900,14)
(10911700,1)
(2067400,12)
(2764000,4)
(1952200,1)
(8788400,2)
(10640800,1)
(2973800,6)
(3395900,1)
(10264600,1)
(3557900,1)
(5735900,2)
(10421100,1)
(5417200,1)
(2324800,2)
(9492100,1)
(4937600,6)
(4750300,1)
(10520100,1)
(1345000,10)
(662700,9)
(9509200,2)
(2116900,10)
(10071000,3)
(8363500,2)
(3087100,46)
(11145700,1)
(5672900,1)
(2240100,3)
(205400,1)
(1455800,25)
(10274500,1)
(9426400,1)
(2423800,2)
(5730400,7)
(4239100,3)
(879700,4)
(1627700,1)
(4625200,3)
(1874900,1)
(8802700,4)
(7213200,1)
(4720600,3)
(7486000,1)
(9269900,1)
(9925000,1)
(3394000,39)
(3255400,2)
(4666700,4)
(7634500,1)
(10109800,1)
(11001600,1)
(5714200,1)
(10591300,2)
(3799100,1)
(9036700,5)
(9581200,1)
(7061100,1)
(8650600,1)
(10357300,1)
(10604800,1)
(11175400,1)
(11119600,1)
(2610000,1)
(10145800,1)
(4047400,2)
(10130400,1)
(6892000,4)
(641000,4)
(8992700,1)
(7377100,3)
(11161900,1)
(11223000,1)
(947100,17)
(1795700,2)
(11092600,1)
(2136700,2)
(10743400,1)
(1507000,28)
(10289900,4)
(2605600,2)
(4719800,1)
(6758900,8)
(8411100,1)
(1775900,3)
(3261700,1)
(6618400,16)
(9639800,1)
(6575200,3)
(6788600,3)
(10581400,2)
(9214900,1)
(10149400,2)
(9114000,1)
(7690300,1)
(11218600,1)
(2348200,2)
(8897300,53)
(10905400,1)
(2151000,15)
(9911500,1)
(10529200,1)
(10887500,1)
(4671100,2)
(4577600,1)
(8713600,2)
(10649900,1)
(9333700,1)
(1216300,3)
(9525400,1)
(1024600,2)
(6585100,1)
(11169100,1)
(5463100,1)
(1683500,5)
(1090300,7)
(11254600,1)
(9323800,2)
(3219400,12)
(958900,2)
(62100,5)
(4413700,9)
(10877600,1)
(10915300,1)
(5593700,1)
(6694000,30)
(4463200,1)
(3532600,2)
(3156400,2)
(725700,3)
(1602400,2)
(10614700,1)
(8565100,2)
(5745800,4)
(4229200,13)
(4502800,4)
(10076500,1)
(8398700,1)
(10155700,1)
(5572000,1)
(7561600,1)
(9690100,1)
(626700,51)
(9500100,4)
(751800,1)
(2249200,1)
(399000,1)
(605000,2)
(10867700,1)
(1173100,2)
(704000,1)
(7806400,1)
(3898100,1)
(8727100,1)
(7411200,3)
(2027800,1)
(3407500,4)
(9452500,1)
(10945000,1)
(11258200,1)
(844500,9)
(2281600,2)
(1987400,30)
(666300,7)
(7046800,1)
(2255500,1)
(9317500,2)
(4210200,3)
(9566900,2)
(9774800,1)
(8748800,3)
(3526300,2)
(6670600,1)
(9816100,1)
(8971000,1)
(2328400,2)
(10842400,1)
(11289800,1)
(9768500,1)
(4073500,1)
(2894600,1)
(2087200,4)
(5818700,1)
(7783000,1)
(10072900,2)
(1449500,1)
(8591200,1)
(9996200,1)
(9062800,1)
(5615200,1)
(1325200,1)
(10897400,1)
(4484900,1)
(11005200,2)
(2592100,1)
(9798200,7)
(8763100,2)
(3759500,7)
(11224900,1)
(1528700,2)
(9367000,1)
(5083300,1)
(9466000,1)
(8717200,1)
(2759600,1)
