(10659500,1)
(1010800,2)
(6628000,2)
(5646500,1)
(4211800,1)
(2334400,1)
(3023800,1)
(454500,559)
(9323500,6)
(5745500,1)
(3304600,1)
(22200,270)
(7610800,11)
(2338000,1)
(7333600,1)
(10931200,1)
(9728600,1)
(9171400,1)
(11249900,1)
(9056200,1)
(11149000,1)
(1090000,7)
(9535000,3)
(10358900,1)
(6863900,1)
(1607600,2)
(9734900,1)
(1315000,14)
(11119300,1)
(1099100,1)
(745200,5)
(1803400,1)
(10754900,1)
(3413500,6)
(4172200,2)
(1008100,10)
(9097700,1)
(11307400,1)
(10873700,1)
(5314300,1)
(5730100,1)
(2714200,1)
(11196800,1)
(10363300,1)
(2888000,1)
(8873600,2)
(5389100,1)
(4300900,1)
(403100,4)
(1755800,5)
(1060300,7)
(8986100,1)
(9139000,6)
(7052800,2)
(4043500,6)
(2380300,8)
(9847400,1)
(709200,1)
(3200100,3)
(7383100,1)
(9161500,4)
(6510000,2)
(4631200,5)
(7798100,1)
(9634000,1)
(10812400,1)
(11100300,1)
(10774700,1)
(7394900,1)
(4902100,1)
(4407100,2)
(2057200,1)
(10145500,1)
(8898900,1)
(9799800,1)
(1212400,1)
(1906000,37)
(6832300,1)
(8887100,3)
(573300,11)
(10401000,1)
(10887200,1)
(9275900,1)
(626400,1)
(6852100,1)
(7378700,2)
(3923900,1)
(8867300,3)
(9467600,1)
(1843000,1)
(10105900,1)
(8847500,1)
(93400,47)
(1947500,28)
(10006900,1)
(1558100,1)
(11016700,1)
(927000,5)
(6521800,4)
(2880800,1)
(10195000,2)
(11290300,1)
(3542200,1)
(2390200,1)
(10353400,1)
(10996100,1)
(8832100,16)
(226800,26)
(6566900,9)
(6887300,7)
(2132800,1)
(8857400,6)
(5379200,1)
(4058900,4)
(9092200,1)
(5334100,4)
(9596300,1)
(8798000,1)
(1844900,60)
(7191400,1)
(2933900,1)
(5037100,1)
(11161600,1)
(3532300,1)
(8916800,1)
(2364100,1)
(5047000,17)
(1693100,1)
(10867400,1)
(1688700,9)
(10036600,1)
(10665800,2)
(8422600,1)
(7026700,1)
(3947300,2)
(122300,224)
(4324300,1)
(9833900,3)
(9916700,1)
(10624300,1)
(10214800,1)
(7259900,1)
(7412800,1)
(7482100,1)
(1004500,2)
(2339900,1)
(2022000,2)
(2027500,1)
(83500,4)
(1386200,49)
(5048900,3)
(2255200,1)
(8802400,4)
(6467900,1)
(8110200,1)
(1148600,1)
(1579800,2)
(1907900,1)
(4219000,3)
(4577300,3)
(729000,150)
(10806100,1)
(2854700,1)
(10847600,1)
(2636900,6)
(2781800,1)
(10140000,1)
(9758300,1)
(9986000,8)
(8812300,4)
(8571100,2)
(5889600,3)
(1779200,4)
(9660100,1)
(9764600,1)
(5494400,3)
(1590500,7)
(6816100,1)
(10946600,1)
(1376300,3)
(6561400,24)
(9511600,1)
(830700,32)
(1449200,2)
(2769200,3)
(1868300,1)
(3354100,17)
(450900,96)
(10317400,1)
(10748600,1)
(3506200,10)
(10956500,1)
(2983400,1)
(8842000,1)
(444600,38)
(593100,1)
(9234400,2)
(2474900,1)
(11260600,1)
(1194500,3)
(907200,3)
(8685500,1)
(2067100,10)
(5418800,1)
(9299300,2)
(9259700,2)
(5903900,1)
(3370300,1)
(8901400,10)
(9649400,1)
(1372700,1)
(7422700,1)
(4710400,3)
(3112900,1)
(9473900,2)
(7119400,4)
(6753100,417)
(10343500,1)
(4517900,1)
(11046400,1)
(43900,800)
(2296700,4)
(6279800,1)
(1455500,2)
(10452400,1)
(8582900,1)
(10535200,1)
(6509200,1)
(8373100,2)
(9873500,1)
(10135600,3)
(563400,1)
(11186900,1)
(319500,2)
(10378700,1)
(5858000,2)
(10383100,1)
(10680100,1)
(6893600,1)
(10966400,1)
(10519000,1)
(2967200,2)
(10982600,1)
(6827900,2)
(9778100,1)
(4385600,3)
(4023700,2)
(10462300,1)
(1346600,1)
(1174700,15)
(9609800,1)
(7893500,1)
(9837500,1)
(9260500,1)
(1791800,1)
(2395700,1)
(7531600,1)
(10986200,1)
(4329800,1)
(8347000,2)
(9001200,3)
(7500000,1)
(9269600,1)
(4750000,1)
(984700,3)
(9505300,2)
(2878100,1)
(2770000,1)
(1034200,1)
(7260700,1)
(10185100,1)
(10125700,2)
(10446100,1)
(5765300,1)
(6122500,1)
(10640500,1)
(1998900,1)
(10691900,1)
(5739200,1)
(5755400,5)
(5370100,9)
(11036500,1)
(8566700,1)
(9006700,1)
(200,4)
(4933700,1)
(1528400,1)
(9610600,1)
(2437000,1)
(2765600,34)
(2330800,31)
(5662700,2)
(10555000,1)
(10269800,2)
(2116600,1)
(468000,1)
(2977100,1)
(2251600,27)
(9497300,1)
(2631400,1)
(7446100,1)
(494100,3)
(9571000,1)
(10254400,1)
(4532200,1)
(2324500,3)
(11279600,1)
(3067000,1)
(5563700,15)
(844200,1)
(8303800,5)
(3428900,13)
(2239000,1)
(3522400,1)
(7289600,2)
(484200,12)
(2522500,29)
(10161700,2)
(1643600,1)
(9218200,11)
(339300,1)
(8353300,1)
(5978700,14)
(6901600,2)
(2641300,3)
(731700,4)
(6794600,1)
(6565000,33)
(6812500,2)
(252900,2)
(10525300,1)
(4291000,1)
(7097900,3)
(10853900,1)
(3219100,3)
(10897100,1)
(9708800,1)
(10467800,1)
(8707000,1)
(1538300,3)
(5360200,1)
(9883400,1)
(3417100,2)
(10062700,4)
(11129200,1)
(2537900,1)
(870300,13)
(9337000,1)
(2007700,19)
(9942800,1)
(11042800,1)
(5700400,1)
(741600,1)
(7492000,2)
(10191400,2)
(4474700,4)
(10327300,1)
(10337200,2)
(47500,67)
(4978800,7)
(3098600,1)
(1823200,1)
(6608200,1)
(3474800,3)
(10394900,1)
(9768200,1)
(791100,2)
(5007400,1)
(10270600,1)
(10571200,1)
(12300,13)
(408600,3)
(968500,1)
(7817900,7)
(1049600,2)
(9343300,2)
(9317200,1)
(1917800,4)
(9363100,2)
(10753000,1)
(11110200,1)
(8713300,1)
(8457800,1)
(6555100,1)
(8620600,1)
(6634300,13)
(2281300,1)
(4988700,1)
(3567500,2)
(1508600,50)
(3215500,1)
(11066200,1)
(7264300,6)
(7758500,1)
(9774500,1)
(8680000,1)
(8723200,1)
(622800,51)
(9145300,1)
(9072400,7)
(10031100,1)
(2389400,3)
(193500,15)
(2200200,3)
(10877300,1)
(4993100,1)
(849700,1)
(3583700,1)
(9863600,2)
(5796900,1)
(6571300,1)
(9011100,1)
(11270500,1)
(10738700,1)
(10357000,3)
(700100,137)
(10650400,1)
(9546800,1)
(4209100,6)
(3241600,1)
(10120200,1)
(438300,10)
(2775500,4)
(10501900,1)
(9447800,2)
(7784600,1)
(10477700,1)
(4417000,11)
(4803100,2)
(4522300,2)
(7086100,2)
(4192000,2)
(1828700,6)
(8313700,2)
(4709600,2)
(5611300,37)
(9307300,2)
(9402700,1)
(2417200,14)
(8966300,1)
(10129300,2)
(10347100,3)
(381600,7)
(2438900,1)
(4860800,11)
(10402900,1)
(903600,2)
(8774600,3)
(719100,1)
(8416300,2)
(395100,3)
(6519100,1)
(10586600,1)
(10294000,1)
(5458400,3)
(2187800,1)
(9679100,1)
(6644200,1)
(7036600,3)
(1420300,28)
(10941100,1)
(10224700,1)
(10416400,1)
(1750300,7)
(5864300,1)
(3502600,1)
(10515400,2)
(8897000,1)
(11026600,1)
(9952700,2)
(4696100,1)
(8644000,1)
(10280500,1)
(10139200,1)
(9997800,1)
(10521700,1)
(10016800,1)
(9681800,3)
(3478400,1)
(11139100,1)
(320300,2)
(7041000,2)
(9972500,3)
(4765400,1)
(9956300,1)
(4438700,2)
(8893400,1)
(9250600,4)
(2349800,2)
(6630700,6)
(17800,3)
(10689200,1)
(2328100,1)
(8406400,1)
(4003900,1)
(10171600,1)
(7541500,1)
(1769300,2)
(8363200,2)
(10492000,2)
(4152400,2)
(1336700,2)
(9378500,1)
(9032800,1)
(10790900,2)
(10596500,1)
(1744000,3)
(601100,1)
(10303900,1)
(3255100,4)
(8863700,1)
(2488400,3)
(4814900,1)
(9822100,1)
(3162400,1)
(10718900,1)
(2735900,1)
(1729700,2)
(9640300,1)
(10203000,4)
(8264200,2)
(3537800,1)
(9675500,2)
(9129100,1)
(3453100,1)
(2562100,14)
(10086100,6)
(547200,51)
(11141800,1)
(9695300,1)
(3334300,1)
(5616800,3)
(8837600,7)
(6073000,5)
(11228200,1)
(197100,1)
(3458600,1)
(8630500,1)
(153900,304)
(5953400,1)
(3621400,26)
(4167800,1)
(7432600,1)
(1613900,4)
(1673300,2)
(4221700,1)
(5880500,1)
(1704400,4)
(10076200,1)
(10916900,1)
(5349500,1)
(1055900,2)
(6806200,1)
(2122900,2)
(10837700,1)
(6748700,7)
(10728800,1)
(5808500,3)
(9280300,1)
(879400,13)
(6941200,10)
(9770900,1)
(9624100,1)
(3369500,1)
(10284100,1)
(5522200,1)
(4813000,1)
(9406300,1)
(6774800,1)
(7228300,1)
(4502500,1)
(286200,19)
(10816000,1)
(1190900,2)
(3899700,9)
(241100,8)
(512000,4)
(7254400,3)
(10151800,1)
(3349700,1)
(666000,43)
(266400,18)
(2808800,2)
(6883700,6)
(11208400,1)
(5380000,11)
(7566800,1)
(8333500,1)
(9238000,1)
(5710300,3)
(292500,96)
(2433400,4)
(7691900,1)
(2399300,7)
(2177900,1)
(11230900,1)
(1415900,1)
(1305100,5)
(6581200,2)
(2884400,53)
(2205700,1)
(9582800,1)
(10723300,1)
(4390000,3)
(2635000,7)
(6629900,33)
(9733000,1)
(8368700,1)
(667900,14)
(9671900,1)
(9208300,4)
(4795100,1)
(10204900,1)
(948700,4)
(6733300,1)
(9962600,1)
(10743100,1)
(8260600,1)
(2265100,7)
(6203100,1)
(3360400,135)
(10259900,2)
(9780800,1)
(1714300,2)
(616500,15)
(6640600,1)
(5391800,3)
(3261400,1)
(1795400,1)
(9901300,1)
(9303700,1)
(2340700,157)
(9165100,4)
(6685700,6)
(2484800,1)
(7545100,1)
(10905100,1)
(5480900,11)
(8976200,3)
(7608100,3)
(8941000,1)
(3047200,10)
(9807800,1)
(10295900,1)
(7816000,1)
(9022900,3)
(9788000,1)
(8323600,2)
(10442500,1)
(5271100,1)
(10936700,1)
(9462100,2)
(2002200,1)
(9794300,1)
(7592900,2)
(8972600,6)
(4869900,4)
(1647200,3)
(3330700,2)
(8446000,1)
(5828300,1)
(10620700,1)
(10842100,4)
(147600,1)
(4225300,21)
(4563800,2)
(10228300,2)
(385200,1)
(490500,81)
(652500,2)
(10604500,1)
(3636800,1)
(3488300,1)
(11234500,1)
(7196900,1)
(2136400,1)
(4567400,10)
(2291200,2)
(9082300,1)
(7509100,1)
(11238100,1)
(9125500,1)
(10690000,1)
(8728700,1)
(8936600,18)
(2526100,5)
(1070200,2)
(11285900,1)
(1848500,10)
(9186800,1)
(10717000,2)
(7115800,4)
(1922200,2)
(9119200,1)
(9436000,1)
(964900,1)
(9110100,1)
(9817700,1)
(9685400,7)
(4391900,5)
(9358700,1)
(1095500,1)
(8733100,2)
(5927300,6)
(963000,5)
(1164800,3)
(9531400,1)
(4458500,2)
(9176900,1)
(5735600,5)
(3573800,1)
(10660300,1)
(1445600,24)
(4197500,69)
(9926600,1)
(9670000,1)
(2209300,70)
(53800,1)
(9279500,2)
(1351000,1)
(2785400,1)
(10109500,1)
(3395600,1)
(1069400,1)
(9689000,7)
(9893300,1)
(4672700,5)
(8689100,1)
(1668900,6)
(2899800,6)
(7234600,1)
(2902300,1)
(8608000,2)
(32100,1)
(5281000,1)
(4973300,1)
(10703500,1)
(1039700,1)
(5126200,1)
(9619700,2)
(7104000,2)
(11155300,1)
(4864400,1)
(1356500,1)
(9240700,6)
(10264300,2)
(4739300,1)
(8946500,20)
(3122800,3)
(9046300,2)
(1079300,3)
(636300,6)
(5740000,4)
(9614200,1)
(2646800,5)
(9394700,1)
(2874500,3)
(9536900,1)
(3088700,1)
(7062700,2)
(10141900,1)
(5791400,2)
(10393000,2)
(2063500,1)
(3390100,2)
(3907700,1)
(4983200,2)
(9843800,1)
(10511800,1)
(4468400,1)
(11006800,1)
(11254300,1)
(11248000,1)
(9270400,1)
(5407000,5)
(11214700,1)
(9264100,1)
(9501700,2)
(1154900,1)
(7452400,1)
(1678800,1)
(1813300,2)
(413000,1)
(3116500,1)
(1419500,5)
(10005000,1)
(7046500,6)
(3927500,1)
(5583500,1)
(9239900,13)
(9214600,5)
(1178300,1)
(840600,6)
(42000,9)
(4478300,2)
(8843900,5)
(2833000,1)
(9244300,1)
(9650200,1)
(9655700,1)
(9946400,1)
(10608100,4)
(3998700,1)
(8807900,1)
(3126400,5)
(7620700,1)
(4389200,16)
(10482100,1)
(10556900,1)
(10240900,2)
(11092300,1)
(1623800,14)
(1075700,1)
(8788100,20)
(10388600,1)
(4235200,3)
(8691800,1)
(9254200,1)
(9016600,1)
(11031000,1)
(6713500,1)
(1710700,1)
(6337300,1)
(9639500,1)
(4002000,1)
(10649600,1)
(9932900,1)
(11284000,1)
(1594100,1)
(2838500,5)
(10046500,1)
(3957200,1)
(5172100,3)
(3587300,1)
(9384800,1)
(10798100,1)
(10422700,1)
(2686400,2)
(9748400,1)
(1698600,3)
(5498000,3)
(8794400,2)
(3296600,1)
(10614400,1)
(11264200,1)
(958600,6)
(5890400,3)
(4098500,2)
(10764800,1)
(4241500,2)
(978400,11)
(1518500,1)
(10368800,1)
(2320900,1)
(4318000,2)
(1503100,97)
(1667000,1)
(6857600,1)
(1765700,9)
(2344300,61)
(10629800,1)
(1657100,20)
(10432600,1)
(2093200,2)
(8997900,2)
(5709500,1)
(7105900,8)
(8962700,31)
(1781900,9)
(6505600,1)
(8224600,4)
(2834900,1)
(10581100,1)
(6614500,6)
(11082400,1)
(10082500,1)
(5597000,2)
(6707200,34)
(3136300,2)
(8942900,2)
(8780900,1)
(2286800,1)
(2709800,3)
(2864600,1)
(1739600,4)
(2823100,1)
(6778400,1)
(928900,5)
(10497500,1)
(9196700,1)
(10333600,1)
(5840900,6)
(9713200,1)
(2241700,10)
(3318100,4)
(8619800,1)
(276300,1)
(2427100,5)
(11181400,1)
(1168400,1)
(9659300,3)
(2557700,1)
(682200,5)
(1414000,6)
(1227800,17)
(11086000,1)
(272700,3)
(4527800,1)
(9718700,1)
(9388400,1)
(7604500,12)
(6157700,1)
(10610800,1)
(8604400,1)
(8259800,1)
(9827600,1)
(2111100,1)
(8472100,1)
(10159000,2)
(10634200,2)
(1550900,1)
(3547700,1)
(2037400,3)
(4177700,1)
(9976100,1)
(4193900,16)
(10436200,1)
(9620500,3)
(4573700,2)
(3993200,1)
(9992300,2)
(1091900,32)
(9987900,1)
(4844600,3)
(10784600,1)
(7398500,2)
(2275000,1)
(5537600,1)
(6822400,2)
(9723100,1)
(1429400,23)
(9105700,1)
(10541500,1)
(2473000,1)
(3380200,9)
(8778200,367)
(10011300,1)
(7576700,1)
(63700,3)
(10561300,1)
(3281200,20)
(9062500,1)
(11120100,2)
(11289500,1)
(11125600,1)
(10092400,1)
(2463100,7)
(5725700,5)
(2498300,1)
(5947100,1)
(11280400,1)
(10313800,1)
(1283600,9)
(9566600,1)
(1485200,1)
(3448700,2)
(1884500,5)
(9348800,1)
(10857500,1)
(7295900,2)
(1198100,2)
(9457700,1)
(1247600,1)
(10863800,1)
(4112800,2)
(10654000,1)
(10072600,2)
(10307500,2)
(9576500,4)
(9368600,2)
(9036400,4)
(9738500,1)
(8906900,3)
(157500,1)
(2152600,27)
(1570700,1)
(8718800,1)
(933300,3)
(10545100,1)
(2033800,2)
(889300,36)
(3209200,1)
(1217900,4)
(8883500,1)
(3902200,4)
(7764800,1)
(7996100,1)
(7551400,1)
(8289500,1)
(8996000,1)
(10290400,1)
(8551300,1)
(755100,2)
(677800,1)
(10001400,1)
(2172400,15)
(1957400,3)
(1222300,50)
(1089200,1)
(3205600,1)
(9052600,1)
(2704300,1)
(9931000,1)
(10794500,1)
(1029800,5)
(8911300,6)
(6618100,12)
(10248100,1)
(10457900,1)
(117900,39)
(5438600,1)
(4553900,11)
(3310900,5)
(687700,2)
(4700500,1)
(1459100,1)
(9442300,5)
(10487600,1)
(5542000,2)
(132200,4)
(4403500,1)
(1880900,1)
(11224600,1)
(11087900,1)
(9120000,4)
(2359700,6)
(448200,1)
(10373200,1)
(7619900,1)
(10976300,1)
(3641200,1)
(10827800,1)
(10768400,1)
(9412600,3)
(8270500,2)
(9290200,1)
(2506300,1)
(11185000,1)
(10052800,5)
(11062600,1)
(8248000,1)
(9832000,1)
(3210000,2)
(10802500,2)
(102500,2)
(8462200,1)
(262800,500)
(10531600,2)
(9551200,2)
(8921200,1)
(6926900,1)
(9853700,2)
(6800,11)
(9802300,1)
(2221900,6)
(1770100,6)
(4889700,5)
(4834700,1)
(6511900,1)
(10893500,1)
(489700,6)
(10758500,1)
(1937600,42)
(1858400,1)
(9906800,1)
(5771600,1)
(1297100,4)
(2870900,1)
(6531700,1)
(9285800,1)
(418500,1)
(9076000,9)
(11056300,1)
(10279700,1)
(2370400,1)
(5474600,24)
(8609900,2)
(2661100,5)
(2998800,1)
(10669400,1)
(300500,2)
(9556700,1)
(9353200,2)
(7670200,1)
(256500,7)
(10852000,1)
(8452300,1)
(2083300,696)
(11299400,1)
(3719600,1)
(2261500,70)
(10244500,1)
(4848200,1)
(3552100,2)
(3291100,2)
(3251500,1)
(9665600,1)
(7284100,2)
(4106500,61)
(3443200,1)
(10398500,1)
(11269700,1)
(8317300,2)
(7806100,1)
(10456000,2)
(11171500,2)
(998200,2)
(3884300,2)
(9888900,3)
(9374900,1)
(282600,3)
(2692700,2)
(11109400,1)
(11105800,1)
(5359400,7)
(10591000,1)
(10097900,1)
(3385700,4)
(4715900,2)
(10196900,1)
(10679300,2)
(2789000,3)
(77200,7)
(5063200,3)
(9131800,1)
(9911200,1)
(2101200,1)
(355500,2)
(4917500,2)
(1184600,4)
(1780000,24)
(10576700,2)
(11011200,1)
(1807000,1)
(2672900,1)
(4686200,10)
(6877400,4)
(3340600,2)
(9220900,1)
(1301500,2)
(9561100,6)
(9887000,1)
(10155400,1)
(642600,3)
(10100400,1)
(5715800,7)
(4146100,1)
(1874600,2)
(7290400,1)
(37600,12)
(10675700,1)
(9966200,1)
(9398300,1)
(3172300,2)
(2532400,40)
(6515500,1)
(2078900,3)
(1206100,1)
(1014400,4)
(6897200,1)
(3073300,2)
(9181300,1)
(1568000,35)
(9109300,1)
(1564400,5)
(4547600,1)
(7618000,1)
(6695600,6)
(11135500,1)
(6723400,10)
(7754900,1)
(10707100,2)
(10234600,1)
(7525300,1)
(9541300,3)
(9744800,1)
(3438800,3)
(9857300,1)
(9135400,1)
(9936500,2)
(11001300,1)
(8645900,2)
(1311400,1)
(10992500,1)
(9525100,2)
(8827700,38)
(5413300,2)
(10509100,1)
(4785200,1)
(1943900,6)
(10274200,1)
(6280600,1)
(7092400,5)
(11191300,1)
(9877100,1)
(10056400,1)
(1838600,1)
(10592900,1)
(11274100,1)
(9898800,2)
(10551400,1)
(1548200,2)
(1293500,232)
(3593600,8)
(3221800,8)
(9327100,1)
(87100,2)
(5468300,2)
(3922000,15)
(8541400,1)
(3344200,3)
(4725800,1)
(7279700,1)
(8274100,1)
(4868000,5)
(9982400,1)
(2719700,5)
(4231600,2)
(2494700,14)
(9077900,1)
(1617500,2)
(2771900,3)
(3557600,1)
(1326800,2)
(3142600,1)
(2889900,2)
(7472200,1)
(10685600,1)
(8610700,1)
(67300,20)
(8790800,1)
(10110300,1)
(1709900,4)
(8905000,9)
(7327300,2)
(3057100,1)
(10822300,1)
(173700,2)
(10911400,1)
(391500,20)
(1321300,66)
(8982500,3)
(2468600,4)
(1430200,1)
(499600,26)
(1799000,1)
(9087800,5)
(913500,7)
(9572900,2)
(2868200,1)
(10104000,1)
(10130100,1)
(11076100,1)
(8992400,1)
(4365800,3)
(10250800,1)
(1987100,1)
(9432400,1)
(11115700,1)
(1440100,2)
(10238200,1)
(1927700,1)
(9635900,1)
(106100,7)
(9155200,1)
(567000,4)
(4557500,1)
(1471700,5)
(5879700,1)
(8768300,1)
(10302000,1)
(6639800,2)
(8748500,4)
(4063300,5)
(7130100,1)
(9141700,1)
(4870700,3)
(8675600,3)
(766900,1)
(1977200,12)
(11021100,1)
(2676500,42)
(3512500,1)
(7269800,1)
(4296500,4)
(4953500,1)
(7649600,2)
(10500000,1)
(11250700,1)
(11097800,1)
(994600,1)
(9416200,1)
(3359600,6)
(9477500,1)
(611000,1)
(10618000,1)
(251000,13)
(4899600,2)
(9703300,1)
(598600,4)
(10644100,2)
(10817900,1)
(3562000,5)
(523800,27)
(9515200,1)
(9021000,1)
(1451900,4)
(1514900,36)
(8046400,1)
(10778300,1)
(57400,1)
(4880600,1)
(10041000,2)
(9274000,1)
(1544600,54)
(4913900,4)
(10566800,1)
(11130000,1)
(8467700,2)
(8806000,1)
(7614400,1)
(6768500,2)
(2314600,2)
(9784400,1)
(4858100,1)
(10208500,1)
(10655900,1)
(2907800,2)
(899200,19)
(1316900,1)
(11165200,1)
(7204900,1)
(2166100,4)
(1331200,1)
(646200,2)
(1683200,2)
(116000,2288)
(8497400,1)
(3245200,5)
(8299400,1351)
(10505500,1)
(9426100,1)
(11259800,1)
(10619900,2)
(537300,1)
(10733200,1)
(11175100,1)
(1287200,51)
(375300,1)
(2621500,4)
(7373200,1)
(8799900,2)
(5587100,2)
(6529000,3)
(10299500,1)
(5884100,9)
(221300,1)
(10832200,1)
(142100,8)
(1300,216)
(9493700,2)
(3167900,4)
(8877200,2)
(8290300,1)
(2625100,3)
(6525400,1)
(112400,65)
(10260700,2)
(1450000,12)
(527400,8)
(6699200,6)
(9867200,1)
(201500,2)
(6921400,2)
(1589700,20)
(10926800,1)
(8956400,8)
(6586700,5)
(10115800,1)
(7139200,3)
(5017300,2)
(1932100,1)
(11052700,1)
(4187600,35)
(11240800,1)
(2369600,7)
(1024300,3)
(5013700,1)
(8784500,3)
(7358900,2)
(3229000,3)
(6784700,5)
(5478200,7)
(1574300,68)
(1963700,94)
(1020700,2)
(1202500,23)
(11303800,1)
(9789900,1)
(1439300,6)
(4310800,1)
(6826000,1)
(10951000,1)
(1352900,2)
(6758600,2)
(10175200,1)
(8743000,1)
(4007500,2)
(3403600,2)
(7353400,1)
(4652900,1)
(10713400,1)
(2073400,2)
(1602100,1)
(7467800,2)
(8629700,3)
(9224500,3)
(8614300,1)
(5973200,1)
(2947400,1)
(5598900,1)
(4047100,1)
(4838300,2)
(10042900,1)
(8695400,2)
(3912100,2)
(3271300,2)
(9812200,1)
(1065800,1)
(10883600,1)
(1491500,2)
(9604300,1)
(9483800,1)
(5490800,3)
(8744900,1)
(3874400,2)
(8931100,3)
(7951000,4)
(6931300,1)
(11244400,1)
(9373000,2)
(6798200,2)
(9452200,1)
(2953700,2)
(8535100,1)
(5803000,30)
(4215400,8)
(9600700,1)
(9629600,1)
(2963600,1)
(10181500,1)
(10149100,1)
(9691700,6)
(6535300,12)
(7135600,2)
(7505500,1)
(10639700,1)
(5567300,1)
(3027400,3)
(9121900,1)
(9289400,1)
(10096000,2)
(8398400,1)
(10921300,1)
(10119400,2)
(4943600,8)
(9100200,1)
(7456000,1)
(4583600,1)
(735300,1)
(7031100,1)
(10962800,1)
(2318200,3)
(9295700,5)
(10493900,1)
(5729300,1)
(236700,1)
(11151700,1)
(1584200,6)
(8952800,1)
(10600900,1)
(9042700,1)
(2791700,3)
(10972700,1)
(10699100,1)
(4073200,2)
(10165300,2)
(10258000,1)
(9151600,1)
(9754700,1)
(8853800,1)
(7218400,1)
(10218400,1)
(3894200,3)
(7323700,1)
(9472000,1)
(6624400,7)
(1237700,8)
(1366400,3)
(8402800,2)
(9487400,1)
(11072500,1)
(414900,13)
(5408900,1)
(2779100,1)
(9437900,2)
(10323700,2)
(11131900,1)
(480600,3)
(1158500,1)
(6727000,1)
(9115600,1)
(8926700,1)
(9228100,1)
(6788300,3)
(9333400,1)
(8337100,2)
(1554500,1)
(9249800,1)
(97000,15)
(5350300,1)
(10788200,2)
(7690000,1)
(8307400,1)
(9669200,1)
(824400,169)
(1894400,1)
(9066100,2)
(7457900,2)
(7066300,1)
(10630600,1)
(3498200,8)
(8592800,1)
(3265000,1)
(2927600,1)
(4626800,28)
(10289600,1)
(10412800,1)
(3286700,5)
(8412700,1)
(9592700,2)
(1899900,6)
(5781500,1)
(2423500,9)
(5381900,1)
(296100,10)
(11204800,1)
(10670200,1)
(3527900,1)
(9645800,1)
(4682600,1)
(5601400,6)
(3156100,1)
(10952900,1)
(7294000,2)
(10695500,1)
(606600,8)
(8576600,1)
(7416400,1)
(7497500,1)
(187200,29)
(890100,3)
(6728900,3)
(7357000,1)
(3166000,3)
(1833100,2)
(6862000,3)
(4719500,3)
(1143100,12)
(7837700,2)
(8817800,10)
(10066300,41)
(9521500,5)
(4359500,3)
(4013800,1)
(7436200,1)
(127800,18)
(5943500,20)
(9175000,1)
(8295800,1)
(10026700,1)
(8764700,11)
(9191200,5)
(5517800,4)
(10406500,1)
(11313700,1)
(9313600,2)
(10021200,1)
(7591000,1)
(11145400,1)
(10426300,1)
(9422500,1)
(10901500,1)
(2912200,1)
(2360500,4)
(11295800,1)
(3389300,2)
(216900,7)
(9790700,1)
(1513000,4)
(10472200,1)
(9204700,1)
(953100,41)
(10915000,1)
(8822200,40)
(6551500,1)
(5874200,1)
(3033700,9)
(7072600,3)
(6743200,2)
(4182100,8)
(9026500,7)
(9586400,1)
(7402900,1)
(9338900,1)
(1216000,2)
(11218300,1)
(4454900,1)
(3433300,25)
(4937300,1)
(11032900,1)
(1734100,3)
(9230800,2)
(9630400,1)
(8119300,3)
