(10247100,1)
(8575600,1)
(11294800,1)
(3936400,1)
(5803900,1)
(5516800,6)
(7613400,1)
(9482800,1)
(10268800,1)
(285200,4)
(6929500,2)
(9357700,1)
(2505300,5)
(1339300,1)
(790100,3)
(9688000,2)
(3363000,18)
(10405500,1)
(9019200,1)
(720800,1)
(11039100,1)
(369900,1)
(11159800,1)
(9684400,2)
(9233400,2)
(1090900,13)
(4956100,9)
(3176800,1)
(265400,55)
(11273100,1)
(6919600,1)
(4685200,2)
(11227200,1)
(10801500,3)
(10816900,1)
(9263100,3)
(629000,82)
(9788900,1)
(10805100,1)
(101500,19)
(4378300,2)
(7530600,1)
(9377500,1)
(2141700,2)
(10753900,1)
(1489700,79)
(3562900,1)
(9169600,4)
(5487100,1)
(56400,8)
(9690700,1)
(671300,11)
(10633200,1)
(1956400,6)
(4551000,1)
(2062500,4)
(9941800,2)
(3234300,3)
(9472900,2)
(1054900,1)
(8603400,2)
(2072400,3)
(9570000,1)
(3837400,38)
(9393700,1)
(9886000,1)
(6628900,32)
(4853500,3)
(1636300,2)
(3269500,3)
(4794100,3)
(210400,3)
(10392000,1)
(10955500,1)
(1375300,1)
(10975300,1)
(5042400,1)
(2493700,9)
(3649300,1)
(7549600,3)
(9737500,1)
(9258700,3)
(6940200,6)
(10372200,1)
(8544000,1)
(5265700,1)
(10382100,1)
(10949200,1)
(2129100,1)
(7674700,1)
(10435200,1)
(5833600,4)
(9401700,1)
(10055400,1)
(3171300,2)
(1942900,1)
(7233600,1)
(1183600,1)
(10103000,1)
(8694400,1)
(9909400,1)
(6617100,2)
(691100,2)
(2956300,2)
(447200,1)
(9337900,1)
(1774600,5)
(1601100,2)
(10607100,1)
(10851000,1)
(8935600,2)
(9589000,1)
(10425300,1)
(9732000,1)
(1911300,1)
(2847400,1)
(2303700,2)
(9540300,1)
(8872600,3)
(2011100,2)
(7159900,2)
(66300,12)
(6826900,3)
(4057900,1)
(8783500,6)
(1788100,3)
(7500900,1)
(4166800,25)
(8441400,2)
(3092100,9)
(9039000,3)
(4318900,2)
(9689900,1)
(9793300,1)
(1802400,1)
(10613400,1)
(3166900,2)
(9322500,3)
(9227100,1)
(9981400,1)
(597600,1)
(1778200,1)
(9510600,1)
(1319500,9)
(9045300,1)
(838800,12)
(5770600,1)
(9405300,1)
(6712500,8)
(3625900,12)
(11223600,1)
(10253400,1)
(9415200,2)
(1567000,12)
(10257000,2)
(4823800,1)
(6909700,1)
(3412500,2)
(8643000,1)
(8322600,3)
(6599200,22)
(7179700,1)
(9603300,1)
(1703400,1)
(36600,1)
(10900500,1)
(6694600,1)
(4214400,11)
(4843600,7)
(4691500,4)
(2946400,1)
(26700,3)
(4812000,1)
(10352400,1)
(5888600,1)
(666900,8)
(1470700,43)
(9530400,1)
(8336100,1)
(10326300,1)
(9900300,2)
(7342500,1)
(4121700,4)
(1916800,3)
(2125500,2)
(605600,6)
(7278700,1)
(10773700,1)
(11049000,1)
(1084600,9)
(3997700,1)
(10945600,1)
(10415400,1)
(8929300,27)
(9306300,9)
(8773600,325)
(6565900,36)
(1738600,5)
(186200,1)
(10831200,1)
(730700,3)
(8298400,1)
(1023300,2)
(10217400,1)
(9500700,1)
(7935700,1)
(240100,11)
(8797000,2)
(9284800,1)
(3398200,1)
(526400,5)
(1827700,22)
(4171200,9)
(3295600,10)
(5556400,1)
(1309600,1)
(3264000,2)
(997200,29)
(9549400,1)
(146600,5)
(11195800,1)
(2477500,4)
(10301000,1)
(8904000,2)
(4833700,1)
(4234200,1)
(1469900,2)
(8415300,2)
(10160700,1)
(9569200,1)
(2323500,17)
(1832100,12)
(2515200,1)
(4972300,5)
(9174000,1)
(4566400,1)
(10005900,1)
(9591700,1)
(9294700,1)
(10959100,1)
(10496500,1)
(11091300,1)
(1982500,3)
(7059000,2)
(10293000,1)
(2962600,1)
(9298300,1)
(11149900,1)
(11278600,1)
(5463700,3)
(4042500,3)
(239300,33)
(9821100,1)
(9461100,1)
(3161400,3)
(10316400,2)
(10935700,1)
(1507600,6)
(3032700,1)
(1527400,2)
(3422400,1)
(2131800,6)
(9633000,1)
(10961800,1)
(7000400,1)
(7504500,1)
(6627000,1)
(176300,2)
(5477200,1)
(9387400,1)
(10096900,1)
(1557100,1107)
(9029100,1)
(10233600,1)
(10170600,1)
(1408600,2)
(6805200,4)
(9985000,3)
(11051700,1)
(2596300,14)
(9441300,1)
(7051800,1)
(4789700,1)
(10051800,2)
(9975100,1)
(3145200,1)
(8910300,1)
(2764600,1)
(3240600,2)
(9065100,1)
(5047900,1)
(11189500,1)
(9575500,1)
(3121800,5)
(3911100,1)
(10930200,1)
(7892500,1)
(7816900,2)
(116900,5)
(4249600,1)
(2659300,14)
(10144500,1)
(8302800,1)
(9154200,1)
(8940000,1)
(10767400,1)
(7288600,1)
(7815000,2)
(10492900,1)
(9836500,1)
(5552800,1)
(10164300,1)
(8409000,1)
(11190300,1)
(2289400,1)
(9237000,3)
(645200,11)
(6815100,4)
(10357900,1)
(2708800,2)
(9139900,3)
(1043100,76)
(7753900,1)
(10688200,1)
(6716100,1)
(5912800,2)
(1418500,2)
(6613500,1)
(8949100,2)
(1434700,1)
(251900,7)
(9787000,1)
(5374600,3)
(9961600,1)
(2837500,1)
(4863400,1)
(10965400,1)
(10049100,1)
(9207300,1)
(488700,2)
(3463900,1)
(1053000,1)
(10377700,1)
(5779700,1)
(9882400,14)
(4942600,12)
(9613200,1)
(7227300,5)
(3665500,4)
(9203700,3)
(5987600,3)
(10059000,14)
(10243500,1)
(9519700,1)
(271700,1)
(6727900,1)
(9159700,3)
(131200,9)
(10777300,1)
(4629400,1)
(8743900,1)
(3119100,1)
(10174200,1)
(2536900,5)
(6643200,1)
(546200,4)
(3230700,1)
(9965200,2)
(6726000,1)
(6580200,1)
(3046200,6)
(10294900,1)
(9061500,2)
(10148100,1)
(1494100,1)
(8581900,1)
(9722100,2)
(4625800,20)
(10393900,1)
(10283100,2)
(8930100,1)
(4857100,3)
(10929400,1)
(11243400,1)
(3327000,5)
(9031800,1)
(3042600,3)
(9929200,1)
(631700,2)
(8985100,1)
(4224300,1)
(10336200,1)
(1553500,42)
(9091200,3)
(6579400,2)
(10716000,2)
(10876300,1)
(8919400,1)
(4192900,23)
(10061700,2)
(6924000,1)
(92400,15)
(4813900,1)
(11160600,1)
(10579300,1)
(625400,2)
(235700,1)
(9919300,1)
(437300,27)
(2561100,100)
(9628600,1)
(9767200,1)
(11316300,1)
(8787100,12)
(9175900,1)
(8071500,1)
(2976100,2)
(1330200,1)
(9668200,2)
(9332400,2)
(3196600,1)
(10199500,1)
(9238900,2)
(3265900,2)
(76200,2)
(2681800,1)
(2452200,7)
(5714800,1)
(5285500,1)
(3402600,10)
(8545900,8)
(8306400,1)
(5270100,1)
(10491000,1)
(1468000,1)
(8939200,6)
(3115500,2)
(10194000,1)
(2780800,16)
(1563400,1)
(10826800,1)
(10590000,1)
(4046100,3)
(724400,8)
(136700,5)
(7590000,1)
(1921200,1)
(963900,5)
(8332500,1)
(10981600,1)
(10397500,1)
(4516900,188)
(2788000,2)
(10081500,1)
(4982200,2)
(2092200,2)
(10025700,2)
(7049100,1)
(10904100,1)
(1926700,1)
(5399900,2)
(1743000,1)
(5562700,1)
(4012800,1)
(2343300,1)
(7575700,1)
(9071400,1)
(833300,12)
(10411800,1)
(552500,1)
(2313600,6)
(8268700,1)
(10925800,1)
(2624100,23)
(9035400,4)
(7095000,1)
(5402400,3)
(6528000,2)
(11203800,1)
(9160500,2)
(8312700,1)
(8831100,1)
(1315900,3)
(3358600,9)
(4671700,3)
(10486600,1)
(542600,1)
(2982400,4)
(3353100,32)
(1448200,3)
(4230600,1)
(9149800,1)
(10732200,4)
(780200,4)
(10519900,1)
(5620200,2)
(9278500,1)
(744200,3)
(10603500,1)
(433700,1)
(457100,6)
(2511600,20)
(4665400,1)
(6698200,4)
(681200,4)
(9190200,1)
(5894900,1)
(9670900,1)
(3635800,6)
(6882700,4)
(2695300,1)
(8856400,1)
(3546700,1)
(9986900,1)
(483200,2)
(5505000,1)
(9555700,1)
(2238000,4)
(1221300,1)
(6549700,2)
(2109300,26)
(2259700,5)
(10190400,2)
(2021000,8)
(1626400,1)
(7253400,2)
(9436900,2)
(5827300,2)
(3280200,1)
(2394700,1)
(5760700,1)
(10529800,1)
(10797100,3)
(2794300,1)
(9223500,1)
(8674600,1)
(3883300,2)
(5724700,1)
(8273100,1)
(9021900,1)
(4531200,1)
(10456900,1)
(10520700,1)
(3388300,6)
(11150700,1)
(250000,5)
(5384500,1)
(11164200,1)
(10757500,1)
(2501700,2)
(2467600,98)
(156500,1)
(8846500,1)
(9571900,1)
(3328900,5)
(5473600,5)
(10747600,1)
(1837600,1)
(10589200,1)
(1677800,1)
(9476500,1)
(9288400,2)
(10815000,1)
(6585700,21)
(9124500,1)
(11025600,1)
(8886100,1)
(4417900,1)
(96000,9)
(8896000,9)
(1622800,1)
(8425200,1)
(2121900,1)
(7555900,1)
(9763600,1)
(9138000,1)
(9595300,1)
(7550400,5)
(3285700,10)
(219500,13)
(572300,31)
(9352200,1)
(1499600,80)
(11302800,1)
(1853800,1)
(11096800,1)
(8362200,4)
(2422500,1)
(2250600,2)
(249200,2)
(11029200,1)
(9581800,2)
(6892600,2)
(7108500,6)
(9471000,1)
(10886200,1)
(2204700,3)
(9733900,1)
(1764700,2)
(11071500,1)
(9504300,1)
(2006700,1)
(10004000,1)
(8920200,3)
(4255900,4)
(5708500,2)
(10783600,1)
(6925900,5)
(10618900,2)
(8777200,5)
(2630400,1)
(11217300,1)
(4977800,1)
(8367700,1)
(4402500,24)
(9199300,6)
(3511500,1)
(8763700,2)
(1286200,4)
(6787300,4)
(7393900,2)
(10540500,1)
(10421700,1)
(11005800,1)
(9520500,1)
(952100,12)
(6688300,8)
(10202000,1)
(2337000,2)
(6590100,1)
(7534200,4)
(4111800,17)
(9753700,1)
(2082300,4)
(10184100,1)
(6504600,2)
(7787200,1)
(1666000,3)
(4807600,1)
(2338900,1)
(592100,12)
(775800,7)
(6935800,1)
(3462000,1)
(8852800,1)
(9991300,3)
(9435000,5)
(8717800,1)
(2368600,1)
(9638500,1)
(4473700,3)
(10510800,1)
(2412600,1)
(2378500,5)
(8892400,1)
(10312800,1)
(9383800,2)
(9195700,2)
(3343200,5)
(16800,60)
(11015700,1)
(9862600,2)
(4219900,5)
(10306500,1)
(6763900,2)
(11207400,1)
(10623300,1)
(779400,3)
(4457500,5)
(9842800,1)
(8915800,2)
(4562800,1)
(10678300,1)
(7075200,1)
(8401800,2)
(2619700,2)
(8961700,1)
(1351900,3)
(2275900,1)
(2689000,15)
(894600,4)
(4279300,3)
(6524400,28)
(11140800,1)
(6570300,2)
(8263200,1)
(9579100,3)
(6115200,1)
(2843800,1)
(641600,524)
(11247000,1)
(1454500,10)
(407600,6)
(399600,7)
(11031900,1)
(6529900,1)
(4483600,2)
(5062200,4)
(11041800,1)
(6002700,2)
(11298400,1)
(1355500,3)
(10419000,1)
(10752000,1)
(3214500,7)
(10302900,1)
(8876200,1)
(8753800,1)
(9367600,1)
(3586300,1)
(10356000,1)
(2442300,1)
(8842900,2)
(2363100,1)
(2887000,1)
(10763800,1)
(2997800,5)
(5493400,35)
(8955400,1)
(655100,2)
(6801600,3)
(8945500,1)
(8925700,1)
(3087700,134)
(10690900,1)
(10518000,1)
(10445100,1)
(8798900,5)
(8509900,2)
(3067900,1)
(1723200,4)
(443600,10)
(9876100,4)
(789300,41)
(3110000,1)
(610000,42)
(1656100,1)
(10039200,1)
(5759900,1)
(9674500,1)
(6797200,2)
(5364700,1)
(9832900,1)
(7061700,14)
(7400000,2)
(621800,2)
(10591900,1)
(522800,5)
(9702300,1)
(4218000,6)
(463400,79)
(9342300,1)
(7055400,1)
(8253300,5)
(1310400,9)
(2145300,4)
(562400,82)
(2883400,23)
(11128200,1)
(9134400,3)
(10919500,1)
(5501400,1)
(41000,2)
(6914100,4)
(9128100,11)
(10085100,1)
(8909500,1)
(6377800,1)
(2402700,2)
(11045400,2)
(8816800,1)
(3728500,1)
(9496300,1)
(3893200,1)
(1282600,1)
(196100,117)
(9041700,1)
(6930300,9)
(3610500,1)
(511000,2)
(3062400,26)
(9051600,1)
(9312600,4)
(10140900,1)
(4265800,1)
(6773800,1)
(9492700,1)
(2398300,2)
(6514500,1)
(2863600,1)
(10035600,2)
(3279400,33)
(10189600,1)
(1976200,1)
(1754800,7)
(2521500,1)
(10940100,3)
(1812300,3)
(9856300,1)
(1226800,24)
(9550200,2)
(1201500,1)
(9897800,1)
(9811200,1)
(7585600,1)
(1936600,4)
(5799500,1)
(6633300,2)
(9545800,1)
(2497300,1)
(8035500,1)
(3097600,68)
(10821300,1)
(9801300,1)
(983700,2)
(412000,1)
(7377700,1)
(1798000,1)
(2473900,1)
(4582600,1)
(4511400,1)
(2665600,5)
(8278600,1)
(8971600,7)
(10717900,5)
(9846400,1)
(3921000,3)
(1314000,44)
(2472000,5)
(6904200,2)
(2171400,13)
(4254000,1)
(1197100,8)
(2645800,2)
(8836600,6)
(1502100,21)
(4586200,3)
(9189400,2)
(9925600,4)
(11030000,1)
(1847500,1)
(3111900,1)
(6722400,2)
(9783400,1)
(10698100,1)
(11306400,1)
(10712400,1)
(2348800,2)
(11179600,1)
(2790700,1)
(8897900,1)
(86100,5)
(10400000,1)
(7223700,2)
(8589100,1)
(1768300,1)
(8550300,1)
(5259400,1)
(8668300,2)
(11258800,1)
(5521200,1)
(6560400,7)
(9955300,1)
(10555900,1)
(5992000,50)
(10227300,2)
(10010300,1)
(4181100,2)
(10664800,1)
(10737700,1)
(912500,2)
(10179700,1)
(10920300,1)
(2610600,1)
(2260500,5)
(973800,1)
(2097700,1)
(962000,3)
(1799900,3)
(6411900,1)
(4220700,3)
(9826600,2)
(11055300,1)
(10539700,1)
(9397300,1)
(11263200,1)
(7520700,1)
(10362300,1)
(10580100,1)
(1568900,1)
(10991500,1)
(2270400,1)
(5600400,1)
(9104700,1)
(4639300,1)
(10273200,3)
(3186700,1)
(9009300,13)
(2214600,1)
(5972200,1)
(1588700,20)
(5789600,1)
(2966200,4)
(7035600,1)
(42900,44)
(6777400,1)
(10841100,1)
(665000,3)
(2279500,2)
(7138200,1)
(582200,1)
(1807900,2)
(6518100,1)
(9273000,1)
(11130900,1)
(10455000,1)
(1794400,1)
(4453900,1)
(10158000,1)
(10862800,2)
(7678300,1)
(714500,1)
(1142100,2)
(9910200,1)
(8372100,1)
(6793600,1)
(5417800,20)
(2718700,1)
(2290200,2)
(10466800,1)
(9905800,1)
(1790800,1)
(11061600,1)
(9971500,2)
(9431400,6)
(9076900,1)
(2307300,8)
(11065200,1)
(4576300,1)
(6554100,2)
(1490500,24)
(4374700,1)
(9253200,7)
(269000,3)
(567900,5)
(8862700,28)
(259100,3)
(6510900,11)
(2457700,1)
(1167400,1)
(11138100,1)
(11283000,1)
(922400,15)
(7326300,12)
(1381600,1)
(11124600,1)
(4505100,1)
(5582500,2)
(3056100,1)
(344600,2)
(3576400,25)
(10258900,1)
(11288500,1)
(31100,8)
(8996900,1)
(11300,352)
(9529600,1)
(10694500,2)
(11134500,1)
(11081400,1)
(7777300,1)
(126800,6)
(4620300,1)
(843200,28)
(1458100,1)
(11009400,1)
(10020200,1)
(295100,1)
(402100,3)
(7752000,1)
(4515000,2)
(927900,34)
(2151600,1)
(5738200,3)
(9694300,1)
(2436000,1)
(3922900,2)
(3348700,2)
(5526700,2)
(9362100,1)
(7727800,1)
(9949000,1)
(1897000,1)
(9887900,3)
(7486600,1)
(10684600,1)
(10500900,1)
(2685400,30)
(5390800,15)
(10846600,2)
(2026500,7)
(8085000,1)
(4847200,1)
(8905900,7)
(967500,1)
(2274000,2)
(6233700,1)
(2175000,2)
(3992200,1)
(8732100,2)
(10045500,2)
(1304100,4)
(2614200,1)
(5380900,1)
(1074700,6)
(9678100,1)
(4412400,31)
(9664600,2)
(4675300,1)
(10971700,1)
(10207500,1)
(6861000,1)
(11312700,1)
(2135400,7)
(9217200,1)
(11180400,1)
(2832000,1)
(10213800,1)
(1094500,2)
(9514200,6)
(2768200,2)
(3384700,31)
(8981500,2)
(9347800,1)
(7257000,1)
(10643100,1)
(10114800,1)
(11154300,1)
(2317200,1)
(7419000,1)
(11253300,1)
(9411600,1)
(10530600,1)
(111400,7)
(1682200,4)
(1048600,5)
(10278700,1)
(651500,5)
(9816700,1)
(8559400,1)
(9945400,3)
(7876300,4)
(2635900,1)
(10154400,3)
(10298500,1)
(1444600,1)
(1578800,3)
(4764400,9)
(1098100,2)
(3006600,1)
(9020000,1)
(3289300,1)
(11086900,1)
(7456900,1)
(8975200,3)
(10892500,1)
(9185800,4)
(8540400,1)
(1064800,12)
(11148000,1)
(10648600,1)
(9400,8)
(9915700,1)
(5295400,1)
(10836700,1)
(8421600,1)
(10727800,1)
(7466800,1)
(72600,1)
(10451400,1)
(11237100,1)
(1822200,29)
(7539700,1)
(734300,9)
(8826700,17)
(9831000,1)
(7065300,1)
(1017000,1)
(1231200,169)
(566000,96)
(9213600,1)
(7118400,1)
(4406100,1)
(1013400,2)
(516500,2)
(6783700,2)
(4156900,4)
(5412300,1)
(937800,105)
(9055200,1)
(2649400,15)
(5348500,1)
(3526900,1)
(10019400,2)
(8316300,1)
(1972600,29)
(9075000,2)
(4275700,2)
(10387600,1)
(9524100,2)
(9935500,1)
(10134600,2)
(506600,77)
(8690800,1911)
(1296100,1)
(10951900,1)
(1901400,6)
(2032800,3)
(2655700,1)
(898200,3)
(7104900,4)
(7263300,4)
(9559300,1)
(10544100,1)
(1667900,3)
(5006400,4)
(1642600,3)
(3011000,54)
(7411800,1)
(10915900,1)
(5597900,3)
(7570200,1)
(10104900,1)
(4883200,1)
(9000200,2)
(380600,6)
(7273200,2)
(6866500,1)
(3659200,2)
(2487400,5)
(2285800,1)
(9509800,1)
(7559500,1)
(9466600,2)
(7595500,2)
(5057800,1)
(10431600,1)
(10852900,1)
(11010200,1)
(785700,17)
(3125400,3)
(10322700,2)
(10653000,1)
(4291900,1)
(8570100,2)
(2703300,1)
(7124700,6)
(52800,1760)
(10180500,1)
(9015600,3)
(2066100,8)
(10575700,1)
(1780900,38)
(5615800,1)
(6939400,1)
(10654900,1)
(4115400,10)
(10866400,1)
(8247000,2)
(7510800,1)
(3926500,1)
(9451200,2)
(8806900,2)
(1335700,6)
(9179500,1)
(6603600,1)
(5883100,4)
(9446800,7)
(3323400,1)
(7939300,2)
(6508200,6)
(9243300,2)
(8397400,1)
(3299200,5)
(7030100,2)
(10674700,1)
(10223700,1)
(3210900,4)
(696600,1)
(11233500,1)
(8466700,1)
(6900600,1)
(7045500,1)
(10514400,1)
(7618900,1)
(370700,12)
(5936200,11)
(3066000,15)
(615500,3)
(3592600,5)
(9010100,1)
(7283100,1)
(1276300,1)
(10939300,1)
(5962300,3)
(6732300,11)
(3022800,1)
(275300,1)
(11199400,1)
(9120900,5)
(10910400,1)
(10524300,1)
(11169700,1)
(1898900,2)
(11035500,1)
(10914000,1)
(9456700,1)
(10793500,2)
(7565800,1)
(7150800,4)
(4536700,1)
(8811300,2)
(8688100,1)
(364400,1)
(10124700,1)
(9658300,1)
(600100,55)
(4270200,2)
(3901200,8)
(3016500,6)
(6856600,2)
(10872700,1)
(6910500,1)
(10742100,1)
(2660100,413)
(9608800,1)
(8560200,1)
(9130800,2)
(10476700,1)
(10950000,1)
(9920100,1)
(2888900,1)
(2437900,1)
(4452000,1)
(7580100,1)
(215900,1)
(7397500,1)
(9727600,1)
(1517500,5)
(8555800,7)
(9373900,3)
(7367800,3)
(9680800,1)
(2299300,8)
(9806800,3)
(1438300,10)
(2254200,1)
(9707800,1)
(2280300,2)
(82500,12)
(5794000,2)
(390500,1)
(6589300,7)
(6638800,3)
(10409100,3)
(10559500,1)
(11185900,1)
(8190300,1)
(6862900,2)
(9108300,2)
(9118200,1)
(9096700,2)
(9634900,1)
(9654700,1)
(7154400,1)
(2087800,5)
(5299000,1)
(3483700,1)
(11174100,1)
(10108500,1)
(8991400,1)
(932300,1)
(9336000,1)
(6886300,5)
(9005700,2)
(1266400,1)
(10569400,1)
(11184000,1)
(5406000,6)
(2620500,85)
(8357800,1)
(10882600,1)
(8995000,1)
(10534200,2)
(4026300,22)
(1543600,14)
(9866200,2)
(5703000,2)
(3452100,2)
(9939100,1)
(6135000,1)
(9644800,1)
(7491000,3)
(7514400,1)
(7401900,1)
(6293100,1)
(2056200,1)
(10332600,1)
(10658500,1)
(9585400,1)
(619100,117)
(3596200,4)
(10504500,1)
(10342500,4)
(10040000,1)
(10554000,1)
(10985200,1)
(5795900,2)
(8767300,2)
(11000300,1)
(2713200,2)
(11075100,1)
(5358400,1)
(9144300,7)
(4196500,2)
(8866300,13)
(21200,5495)
(379800,1)
(1537300,3)
(11114700,3)
(10706100,1)
(3100100,6)
(2639500,1)
(3661900,7)
(10722300,1)
(10585600,1)
(6559600,3)
(8045400,1)
(4210800,1)
(2629600,1)
(6575800,2)
(5255800,1)
(10628800,1)
(6569500,1)
(10481100,1)
(3224400,4)
(2833900,1)
(7294900,2)
(9326100,1)
(3307200,3)
(6539800,7)
(10065300,1)
(1513900,7)
(6223800,1)
(10095000,2)
(10071600,4)
(2770900,1)
(7114800,2)
(1512000,11)
(4353000,1)
(3572800,10)
(10288600,1)
(8539600,1)
(9712200,2)
(739800,6)
(4997600,4)
(261800,20)
(7174200,1)
(957600,1)
(1215000,1)
(9421500,1)
(8411700,4)
(5536600,1)
(676800,20)
(9425100,11)
(4250400,1)
(427400,7)
(4635700,1)
(10787200,1)
(9798800,1)
(8476600,1)
(1843900,11)
(3457600,3)
(4442100,1)
(1986100,1)
(10638700,2)
(4155000,2)
(11118300,1)
(9951700,1)
(1371700,49)
(1817800,205)
(10346100,1)
(5354800,1)
(1573300,1)
(10441500,1)
(4703100,2)
(9316200,1)
(4323300,1)
(9164100,4)
(11248900,1)
(8900400,1)
(5901000,5)
(5744500,1)
(3898700,1)
(10237200,1)
(10030100,1)
(7293000,1)
(2076000,33)
(3640200,1)
(728000,1)
(754100,67)
(5260200,1)
(10009500,1)
(2155200,386)
(1479800,4)
(1952800,2)
(1867300,5)
(225800,11)
(9114600,1)
(11144400,1)
(7362300,1)
(10549600,2)
(10969000,1)
(3609700,1)
(1359100,1)
(1292500,27)
(9180300,2)
(868500,4)
(9086800,15)
(1320300,11)
(7421700,1)
(9534000,1)
(8664700,1)
(1547200,1)
(1414900,1)
(4572700,8)
(1806000,2)
(10599100,1)
(9648400,3)
(4002900,1)
(10401900,1)
(9892300,2)
(10000400,1)
(10159900,1)
(4868900,3)
(10595500,1)
(4493500,1)
(11213700,1)
(9777100,1)
(11170500,1)
(916100,1)
(8882500,2)
(6825000,8)
(62700,3)
(11085000,3)
(8805000,1)
(8951800,8)
(5952400,1)
(7519900,1)
(902600,3)
(4259500,1)
(7471200,1)
(2812200,1)
(6737800,5)
(6121500,1)
(4718500,2)
(417500,1)
(1007100,7)
(11104800,1)
(1068400,4)
(1205100,59)
(384200,213)
(5718400,1)
(9539500,2)
(2001200,1)
(1450900,3)
(7268800,2)
(4888700,1)
(9150600,1)
(8326200,1)
(635300,2)
(10461300,1)
(6550500,3)
(115000,1)
(3368500,35)
(10811400,1)
(4229800,1)
(10909600,2)
(3204600,9)
(7405500,1)
(7481100,1)
(9699800,1)
(200500,42)
(8346000,1)
(3987800,1)
(4962400,1)
(7496500,1)
(2784400,1)
(11108400,1)
(3691600,1)
(4240500,3)
(4186600,9)
(1345600,18)
(3155100,1)
(8757400,2)
(2789900,2)
(4946200,25)
(4416000,2)
(6757600,8)
(6534300,4)
(501100,3)
(3303600,2)
(9757300,2)
(4526800,10)
(7372200,2)
(4191000,45)
(220300,6)
(2022900,1)
(10150800,1)
(338300,1)
(9618700,1)
(1088200,5)
(324800,1)
(9623100,1)
(10041900,1)
(9486400,1)
(8801400,115)
(9025500,3)
(6607200,19)
(10138200,1)
(4708600,1)
(10565800,1)
(3141600,2)
(3556600,3)
(8793400,93)
(1966300,67)
(4952500,1)
(10128300,1)
(8941900,1)
(1672300,6)
(2388400,2)
(6678400,1)
(2432400,1)
(8841000,13)
(152900,784)
(5982100,4)
(740600,2)
(5807500,51)
(3333300,2)
(9773500,1)
(4145100,1)
(4135200,2)
(11268700,1)
(3270300,3)
(661400,3)
(1873600,3)
(4328800,5)
(5734600,5)
(7607100,1)
(9872500,2)
(1687700,5)
(97900,183)
(10029300,1)
(9717700,1)
(4669000,5)
(3406200,6)
(6706200,7)
(8706000,1)
(3932800,1)
(5675200,1)
(9140700,1)
(7529800,2)
(10263300,1)
(9302700,4)
(9535900,1)
(4992100,3)
(1616500,2)
(2208300,2)
(2036400,6)
(10169800,2)
(10203900,1)
(46500,676)
(10471200,8)
(3906700,2)
(1533700,22)
(6301100,1)
(9170400,1)
(10702500,1)
(10195900,1)
(8959000,3)
(3151500,1)
(6684700,3)
(10570200,1)
(729900,2)
(5764300,1)
(9931900,2)
(1391500,8)
(1593100,3)
(10075200,1)
(5758000,2)
(10508100,1)
(5432100,1)
(1177300,1)
(6831300,2)
(10091400,1)
(9268600,1)
(5388100,1)
(8965300,1)
(9565600,6)
(3001100,1)
(1606600,25)
(4082100,3)
(6083800,1)
(10367800,1)
(6767500,2)
(229400,4)
(4447600,1)
(1748500,1)
(9274900,1)
(10995100,1)
(4713000,3)
(1173700,3)
(4799600,1)
(10856500,1)
(2738500,1)
(2483800,1)
(2972500,1)
(4390900,1)
(9248800,1)
(10668400,2)
(389700,3)
(413900,1)
(5898500,1)
(1262800,23)
(9996800,1)
(1662400,3)
(11019300,2)
(10015800,1)
(10617000,1)
(9852700,1)
(6747700,1)
(9743800,1)
(291500,8)
(5398000,2)
(828900,3)
(8821200,1)
(1842000,1)
(328400,1)
(4244100,1)
(1484200,15)
(9560100,1)
(7387600,3)
(4109100,1)
(4285600,1)
(4867000,8)
(11284900,1)
(8727700,1)
(10896100,1)
(6752100,2)
(10560300,1)
(9372000,8)
(8595400,1)
(11020100,1)
(9081300,1)
(3220800,1)
(2406300,3)
(5774200,1)
(10550400,1)
(3109200,2)
(3105600,1)
