(10407700,1)
(9729800,2)
(1154200,1)
(10265500,1)
(9853000,1)
(1312600,1)
(7250100,1)
(11152900,1)
(4626100,18)
(7093600,1)
(2090800,21)
(1688000,3)
(1124500,12)
(1446800,88)
(9704500,1)
(10006200,1)
(8582200,2)
(5361400,2)
(9600000,1)
(10042200,8)
(934500,15)
(10906300,2)
(1719100,7)
(4391200,1)
(8764000,1)
(1613200,6)
(5859200,1)
(2404900,1)
(5420800,2)
(11027800,1)
(1199300,86)
(11063800,1)
(11235700,1)
(10724500,1)
(9042000,4)
(1670900,2)
(9739700,1)
(10240200,1)
(2319400,7)
(9775700,1)
(10511100,1)
(6427600,2)
(9350800,1)
(9369800,2)
(10858700,1)
(10083700,1)
(8926000,3)
(8987300,1)
(9348100,2)
(10012500,2)
(8146600,1)
(10734400,1)
(5662000,6)
(6827200,2)
(9142900,1)
(2855900,1)
(9493000,1)
(9215800,1)
(590700,1)
(1238900,39)
(7407700,2)
(9239200,1)
(8303100,1)
(8848700,1)
(1005700,1)
(5968100,1)
(8453500,1)
(5563000,1)
(2484100,1)
(9196000,1)
(2122200,1)
(10186300,1)
(293700,6)
(9285100,2)
(11172700,1)
(9724300,1)
(9131100,1)
(3309400,166)
(9172600,1)
(8350900,1)
(6422100,1)
(10833400,1)
(7259200,2)
(1899200,1)
(43200,2)
(10536400,2)
(9182500,1)
(2697500,2)
(627600,22)
(5371300,4)
(9927800,1)
(8813500,1)
(440300,129)
(3568700,1)
(4978100,1)
(113600,1)
(523100,9)
(8744200,1)
(10121400,1)
(10493200,1)
(8769500,412)
(9027700,1)
(5543200,3)
(10176400,1)
(10230300,3)
(28900,3)
(9655000,1)
(2829800,1)
(3434500,34)
(1540300,1)
(3438100,1)
(5588300,2)
(10987400,1)
(2537200,1)
(1761400,1)
(10754200,1)
(8235700,1)
(7295200,1)
(2958500,4)
(11156500,1)
(1393700,1)
(5222800,1)
(10235800,1)
(7204200,1)
(4420900,1)
(10101600,3)
(8898200,1)
(9755900,1)
(17100,1)
(2205000,1)
(10225900,3)
(1560100,1)
(10245700,1)
(11314900,1)
(5038300,2)
(10026000,1)
(11067400,1)
(8324800,1)
(11057500,1)
(10894700,1)
(481800,14)
(33300,13)
(9902500,1)
(938100,1)
(63000,23)
(2804500,2)
(8605600,2)
(10209700,1)
(7675000,4)
(1189400,2)
(2523700,1)
(9522700,1)
(1579100,1)
(5792600,1)
(3375100,4)
(9394000,4)
(133400,1)
(10799300,1)
(673500,3)
(3023100,1)
(1535900,11)
(465600,1)
(2241000,2)
(1237000,3)
(8868500,1)
(11017900,1)
(9710800,1)
(7073800,1)
(3385000,11)
(9635200,3)
(8843200,2)
(599800,1)
(3341800,3)
(7477000,1)
(10166500,1)
(267600,204)
(2656000,2)
(10552600,2)
(9314800,1)
(7483300,1)
(11121300,1)
(9791900,2)
(1514200,60)
(4934900,9)
(2677700,9)
(6587900,2)
(1383800,1)
(9012300,1)
(222500,1)
(1015600,4)
(1248800,1)
(11313000,1)
(9562300,1)
(3885500,3)
(4404700,1)
(9101400,2)
(10125000,1)
(5376800,1)
(272000,1)
(9542500,1)
(4933000,1)
(1530400,20)
(9338200,1)
(3300300,1)
(1213600,5)
(9577700,1)
(6795800,2)
(8447200,1)
(5970800,1)
(10853200,1)
(1903600,1)
(4999800,1)
(10641700,1)
(6619300,1)
(1150600,8)
(9379700,1)
(1700100,1)
(10749800,1)
(10676900,1)
(3517300,6)
(1149800,12)
(2013300,2)
(1725400,2)
(1294700,4)
(2479700,1)
(5386700,5)
(731000,1)
(1555700,1)
(2948600,4)
(4064500,6)
(6378100,1)
(8739800,1)
(6833500,1)
(2474200,3)
(11219500,1)
(1025500,9)
(8037700,1)
(58600,3)
(6898400,6)
(8562400,1)
(10681300,1)
(716700,19)
(9983600,1)
(103700,1)
(6526600,48)
(9017800,5)
(10073800,1)
(262100,2)
(8681200,1)
(9843100,1)
(4474000,3)
(2008900,1)
(2814400,5)
(7443700,1)
(10774000,1)
(184800,6)
(3094300,6)
(9162700,2)
(9220200,1)
(5499200,9)
(10255600,1)
(3391300,6)
(11083600,1)
(11239300,1)
(3173500,1)
(2800900,1)
(2725300,1)
(3231000,1)
(1729000,2)
(1486400,2)
(10344700,1)
(8275300,2)
(4875500,1)
(10691200,1)
(10443700,1)
(9152800,2)
(9318400,1)
(6629200,10)
(8937800,1)
(2043000,5)
(1104700,2)
(2325700,1)
(9942100,1)
(9526300,1)
(776100,1)
(851700,2)
(8468900,2)
(1948700,14)
(1654700,1)
(9557900,1)
(5984300,3)
(9532600,1)
(9898100,1)
(4850200,1)
(10047700,1)
(584400,2)
(4517200,1)
(5113900,1)
(10739900,1)
(4444300,1)
(8600100,1)
(11210400,1)
(1174000,2)
(2414800,1)
(11251900,1)
(8720800,1)
(5568500,1)
(7597700,1)
(2054800,1)
(2974700,1)
(10775900,1)
(1864000,1)
(2033100,1)
(1431400,28)
(10759700,1)
(10936000,1)
(683400,1)
(533000,3)
(8686700,1)
(9067300,1)
(9057400,1)
(1336000,1)
(6691300,7)
(8927900,1)
(8042100,1)
(9358000,3)
(5391100,1)
(6718300,1)
(9912400,2)
(6635500,7)
(6790300,5)
(2058400,1)
(10360900,1)
(918300,3)
(1559300,2)
(11192500,1)
(2098000,1)
(9389600,2)
(4193200,24)
(4177000,1)
(667200,1)
(11002500,1)
(9878300,1)
(8858600,1)
(9087100,1)
(1608800,2)
(2262700,2)
(9204000,1)
(1332400,2)
(1091200,1)
(11214000,1)
(9708100,1)
(7516600,2)
(4371400,1)
(10295200,1)
(2395000,3)
(2824300,1)
(485400,93)
(1227100,2)
(10313100,1)
(10275400,1)
(8691100,1)
(8823400,1)
(2292400,2)
(4153600,1)
(2719000,3)
(4948400,1)
(6117400,1)
(10062000,1)
(2117800,4)
(1618700,1)
(7260000,1)
(5881700,2)
(6615700,7)
(5008600,1)
(10619200,1)
(10635400,1)
(9833200,1)
(2494000,1)
(2339200,1)
(3381400,51)
(10027900,1)
(10696700,1)
(2088100,29)
(9304900,1)
(6576100,2)
(4523500,7)
(6853300,2)
(3459800,1)
(10993700,1)
(1699800,19)
(1804600,1)
(10873000,1)
(940800,1)
(10473400,1)
(3547000,9)
(11047600,1)
(954300,6)
(4018600,1)
(503300,4)
(4122000,2)
(1709200,6)
(4008700,10)
(2064700,1)
(429600,2)
(2320200,1)
(10566100,1)
(10977500,1)
(10249300,2)
(127100,14)
(11166400,1)
(6807400,1)
(6883000,2)
(5533300,1)
(11073700,1)
(252200,19)
(11146600,1)
(1765000,94)
(9993500,1)
(6556300,10)
(959800,7)
(8152900,1)
(10942300,1)
(9671200,1)
(9818900,2)
(5776400,1)
(10136800,1)
(2084500,23)
(5439800,2)
(2907100,4)
(3345400,1)
(9963800,1)
(6799400,1)
(212600,15)
(11016000,1)
(9032100,1)
(8942200,7)
(8838800,6)
(8902600,6)
(10162900,3)
(2048500,1)
(2964800,2)
(7868600,9)
(10111500,1)
(5408200,1)
(216200,5)
(11182600,1)
(10592200,1)
(9779300,1)
(4123900,1)
(7962100,1)
(10785800,1)
(10807300,1)
(11240100,1)
(4527100,1)
(3355300,4)
(9803500,1)
(787900,2)
(9478700,2)
(10219600,1)
(10196200,3)
(6750700,1)
(9176200,2)
(2889200,48)
(9463300,3)
(7224000,1)
(969700,1)
(11176300,1)
(6906400,1)
(4994300,1)
(9002400,1)
(6318700,1)
(10621900,1)
(10863100,1)
(964200,2)
(4958300,4)
(2310300,6)
(10146700,1)
(6038200,1)
(10817200,1)
(10303200,1)
(9186100,1)
(9754000,2)
(1791100,2)
(8552500,7)
(11012400,2)
(974100,1)
(11209600,1)
(7621900,1)
(10378000,1)
(9686600,1)
(6813700,2)
(7734400,1)
(2808100,22)
(7394200,1)
(7609300,5)
(9083500,1)
(2850400,1)
(2636200,1)
(2968400,1)
(10874900,1)
(2458000,2)
(989500,5)
(3594800,8)
(283800,2)
(1664600,1)
(4475900,2)
(3102300,18)
(3133900,1)
(10394200,1)
(1357700,1)
(8864900,1)
(7275400,3)
(3054700,1)
(4701700,7)
(6759800,1)
(9457000,1)
(420500,16)
(9359900,1)
(698800,3)
(9666800,2)
(5173300,1)
(9512800,1)
(4386800,6)
(3112200,1)
(4074400,1)
(2622700,1)
(5871800,7)
(1045300,1)
(8220300,1)
(558300,4)
(1684400,3)
(7121400,1)
(1839800,1)
(3489500,1)
(273900,3)
(1284800,35)
(400700,4)
(5489300,1)
(1144300,3)
(4895300,1)
(2890000,19)
(11308600,1)
(78400,5)
(580800,2)
(1623100,2)
(9427300,1)
(9022200,5)
(9868400,1)
(10655200,1)
(4329100,2)
(11131200,1)
(10789400,2)
(677100,15)
(449400,216)
(4163500,1)
(9360700,1)
(7399700,1)
(11215900,1)
(3746900,1)
(4573000,1)
(6724600,1)
(8807200,1)
(68500,12)
(891300,2)
(8973800,1)
(4133800,1)
(1288400,20)
(8308600,1)
(9838700,1)
(3474100,3)
(4558700,13)
(3089900,1)
(3440800,1)
(9813400,1)
(10803700,1)
(10057600,1)
(206300,5)
(376500,583)
(10192600,1)
(4938500,1)
(11101500,2)
(11116900,1)
(495300,3)
(3070900,1)
(4414600,1)
(3499400,2)
(8676800,2)
(9552400,2)
(10744300,1)
(8785700,202)
(6770500,5)
(7610100,1)
(143300,42)
(8609200,1)
(1519700,1)
(11042100,1)
(766200,3)
(9917900,1)
(9597500,3)
(4143700,2)
(637500,1)
(4438000,2)
(10467100,2)
(7067500,1)
(8457100,1)
(2480500,14)
(9037600,9)
(396300,1)
(9977300,4)
(10412100,1)
(1988300,2)
(5331700,3)
(10957700,1)
(9136600,1)
(8592100,1)
(2444500,2)
(6902800,1)
(5003100,1)
(11220300,1)
(1680800,1)
(6780400,1)
(10281700,1)
(8710900,1)
(1529600,3)
(10605700,1)
(3484000,2)
(9259000,1)
(5479400,32)
(2246500,1)
(3460600,1)
(544800,1)
(1603300,8)
(7556200,2)
(9997100,1)
(1589000,1)
(4538900,1)
(10437400,1)
(11186200,1)
(10002600,1)
(10488800,2)
(8983700,1)
(366600,6)
(5490100,1)
(10572400,1)
(9097000,1)
(470000,6)
(455700,24)
(4507300,1)
(10922500,1)
(8728000,11)
(5875400,1)
(9417400,1)
(2107900,9)
(4396700,2)
(5800600,3)
(8261800,1)
(11245600,1)
(8364400,1)
(8344600,1)
(7269100,1)
(4048300,4)
(4201200,2)
(8790100,2)
(9932200,1)
(9760300,1)
(11303100,1)
(4584800,1)
(8412000,1)
(2300400,3)
(2450800,2)
(1504300,56)
(1927000,2)
(9947600,2)
(9785600,1)
(732900,3)
(1278500,4)
(1829900,22)
(914700,159)
(10379900,1)
(287400,7)
(8912500,5)
(8295100,7)
(9063700,1)
(10718200,1)
(3479600,14)
(5335300,3)
(6926200,1)
(8467000,1)
(4028500,1)
(1352200,59)
(5667500,2)
(8577800,1)
(3088000,10)
(9126700,4)
(8853100,4)
(4188800,42)
(5860000,3)
(7358200,1)
(9848600,1)
(841800,3)
(9166300,2)
(13500,3)
(10374400,1)
(2709100,1)
(1849700,40)
(6843400,1)
(2335600,3)
(4860100,5)
(7390600,3)
(9384100,4)
(9799100,1)
(752700,1)
(10522900,1)
(8354500,2)
(7324900,1)
(9245500,1)
(9255400,1)
(10308700,1)
(7063900,3)
(9344500,1)
(1591700,2)
(1545800,26)
(3980900,1)
(8567900,1)
(4574900,1)
(7360900,1)
(8878400,2)
(5602600,1)
(3044800,2)
(11259100,1)
(7176400,2)
(2252800,5)
(10016100,2)
(1870300,10)
(4503700,56)
(9506500,2)
(2998100,1)
(9403900,1)
(6562600,4)
(865200,7)
(188400,2)
(7457200,3)
(9501000,5)
(3899000,5)
(3928700,4)
(10156600,1)
(1456700,5)
(930900,5)
(8665000,1)
(11126800,1)
(9251800,2)
(1441300,24)
(10639000,1)
(10708300,1)
(11275300,1)
(1071400,16)
(9073600,1)
(1859600,25)
(1372000,4)
(8587700,1)
(6823600,1)
(4786400,2)
(11285200,1)
(10916200,1)
(9156400,1)
(9468800,1)
(8251900,1)
(1377500,16)
(9105000,1)
(10610100,1)
(2771200,2)
(2870200,3)
(2711800,1)
(3735100,2)
(10323000,2)
(622100,16)
(1055200,2)
(10501200,1)
(5895200,2)
(9106900,1)
(1010100,5)
(7209700,21)
(4112100,1)
(10105200,1)
(6572500,1)
(10779500,1)
(4796300,1)
(10671400,2)
(9987200,3)
(3276100,3)
(10521000,1)
(5267900,2)
(7328500,1)
(4216600,4)
(3503800,3)
(198300,110)
(2632600,1)
(9631600,2)
(5673800,4)
(8566000,1)
(9261700,3)
(9967400,1)
(4553200,2)
(7902700,1)
(237900,4)
(2391400,2)
(9884600,2)
(9413800,1)
(48700,361)
(6516700,1)
(8765900,2)
(419700,2)
(382800,29)
(3584900,1)
(4024900,17)
(8827000,7)
(10967600,1)
(10582300,1)
(9874700,1)
(8795600,1)
(8922400,2)
(1175900,1)
(9770200,1)
(10843300,1)
(4178900,1)
(10542700,1)
(10556200,1)
(10728100,1)
(11250000,1)
(3845900,8)
(10587800,1)
(6894800,1)
(1169600,1)
(7200600,3)
(7546300,4)
(1781200,31)
(5964500,3)
(8269000,1)
(2672200,12)
(10097200,3)
(9894500,1)
(4835900,1)
(11141100,1)
(8770300,2)
(9854900,2)
(726600,2)
(4830400,2)
(11265400,1)
(4381300,1)
(10962100,1)
(9200400,1)
(10457200,1)
(7473400,1)
(4568600,1)
(10478900,1)
(10161000,1)
(1818100,1)
(2359000,4)
(4697300,1)
(9458900,3)
(10577900,2)
(3448000,2)
(2517400,4)
(1928900,1)
(4078000,3)
(10651600,1)
(6779600,1)
(2266300,8)
(4820500,1)
(9656900,1)
(3167200,1)
(38800,462)
(528600,14)
(5594600,2)
(5958200,1)
(1741600,2)
(1524100,4)
(10764100,1)
(301700,8)
(5891600,39)
(1658300,2)
(4673900,1)
(11225800,1)
(3246400,2)
(2667800,1)
(1322500,11)
(5616100,30)
(10597700,1)
(9205900,1)
(2341900,15)
(4117600,19)
(9593900,1)
(10532800,1)
(10498700,1)
(617700,270)
(1076900,2)
(4430800,1)
(5464000,1)
(10271800,1)
(8963900,1)
(10477000,1)
(6620100,2)
(10483300,1)
(10368100,1)
(3018700,1)
(3236500,3)
(4173400,8)
(2132100,1)
(3895400,3)
(1179500,2)
(2329300,74)
(471900,1)
(3292300,1)
(9324700,2)
(8704600,1)
(4908800,2)
(2028700,1)
(4683800,2)
(6685000,2)
(9828800,1)
(9453400,1)
(9691000,1)
(4222900,1)
(7572400,1)
(8516500,1)
(7780300,1)
(98200,5)
(3998000,1)
(404300,1)
(9399500,2)
(10279000,1)
(2792900,4)
(10463500,1)
(84700,87)
(10433800,1)
(10358200,1)
(9370600,1)
(9473200,1)
(11204100,1)
(8803600,1)
(2533600,2)
(2023200,2)
(1539500,2)
(10384300,1)
(2885600,2)
(2830600,5)
(11111400,2)
(10738000,1)
(8734300,3)
(4080700,1038)
(8358100,3)
(7582300,1)
(8348200,2)
(10760500,1)
(2068300,3)
(7136800,1)
(8271700,1)
(10453600,1)
(2642500,4)
(9241900,1)
(4198700,1)
(11200500,2)
(8437300,2)
(11032200,1)
(107300,3)
(9750400,1)
(3490300,1)
(9888200,1)
(9937700,1)
(9209500,3)
(10037800,1)
(3414700,1)
(1471000,1)
(8291500,1)
(6884900,1)
(10609300,2)
(4361500,1)
(746400,7)
(9567800,2)
(10665100,1)
(257700,2)
(439500,3)
(8993600,1)
(10087300,1)
(5523400,2)
(4246300,1)
(8105100,1)
(7566100,1)
(10260000,1)
(2766800,1)
(9615400,2)
(10827100,1)
(6740800,3)
(247800,2)
(10417600,1)
(9053800,1)
(9098900,3)
(435900,4)
(9230100,1)
(10324900,1)
(3454300,2)
(7052100,2)
(6708400,1)
(1710000,7)
(2206900,1)
(3543400,1)
(2304000,4)
(11249200,1)
(10370800,1)
(2183500,2)
(810200,1)
(11022300,1)
(7576000,1)
(9494900,1)
(5804200,2)
(11229400,1)
(1451200,32)
(8374300,3)
(7402200,1)
(5503600,1)
(10600200,1)
(908400,25)
(10427500,1)
(2137600,2)
(8833300,1)
(8022300,1)
(2460700,4)
(9916000,1)
(10704700,2)
(7615600,1)
(4870000,4)
(7285300,1)
(10750600,1)
(1306300,3)
(7379900,1)
(11052000,1)
(1705600,7)
(6912700,1)
(657300,2)
(7433800,3)
(8997200,1)
(8947700,9)
(3286000,5)
(589900,2)
(9121200,1)
(1581800,7)
(9730600,1)
(742800,1)
(10838900,1)
(6774100,1)
(2776700,1)
(10200600,1)
(11162800,1)
(4974500,1)
(5495600,2)
(9271600,1)
(6388000,2)
(1000200,2)
(3553300,1)
(10526500,1)
(2626300,1)
(5578400,6)
(4252600,2)
(2459900,1)
(9625300,1)
(8402100,1)
(1415200,1)
(1243300,1)
(10506700,2)
(1326100,40)
(6566200,8)
(5418100,5)
(513200,1)
(8245600,1)
(9681100,1)
(9601900,1)
(11291500,1)
(1496300,3)
(5829500,1)
(5721400,2)
(5796200,1)
(8229400,1)
(4262500,1)
(7427500,1)
(3677600,2)
(10328500,1)
(8863000,2)
(3266200,1)
(9740500,2)
(10770400,1)
(10898300,1)
(1421500,1)
(6173200,2)
(10063900,1)
(10932400,1)
(10220400,1)
(3058300,1)
(5725000,1)
(8597600,4)
(3907000,1)
(1223500,5)
(194700,3)
(3329200,1)
(1019200,7)
(9744100,4)
(10952200,1)
(9780100,1)
(9516400,5)
(10022400,1)
(9795500,1)
(6532900,1)
(5381200,4)
(2361700,1)
(6600300,12)
(1031800,1)
(10077400,1)
(1569200,7)
(4013100,3)
(4157200,2)
(10334800,2)
(5517100,4)
(8399600,1)
(1061500,12)
(2819900,11)
(6625600,4)
(7125000,6)
(5351500,1)
(7057600,2)
(1086800,7)
(849000,1)
(594300,1)
(9006000,1)
(9328300,2)
(64900,20)
(4365100,1)
(9235600,2)
(1316200,10)
(9291400,1)
(1258700,1)
(4840300,1)
(1347800,1)
(9957500,3)
(8754100,1)
(3943000,2)
(4687400,1)
(10740700,1)
(11261800,1)
(6803800,1)
(8916100,1)
(8368000,1)
(424100,1)
(10151100,1)
(10364500,1)
(1534000,2)
(2810800,5)
(10250100,1)
(10926100,1)
(7906300,1)
(9225700,1)
(1638500,6)
(4677500,4)
(10947800,1)
(10338400,1)
(9572200,1)
(10631800,1)
(9645100,2)
(5731300,2)
(7042200,24)
(1021900,3)
(1907200,2)
(4984400,29)
(9265300,1)
(445800,2)
(10224000,1)
(2044900,39)
(1020000,11)
(8957600,1)
(9402000,1)
(2500,1)
(1796600,1)
(5772800,1)
(9546100,1)
(4954700,1)
(6728200,2)
(10912600,1)
(2236600,7)
(8967500,7)
(5979900,5)
(1633000,5)
(10214100,1)
(5553100,1)
(8775800,3)
(9692900,2)
(9210300,1)
(7261900,891)
(10813600,1)
(2440900,4)
(1565600,9)
(1185800,1)
(2879300,2)
(9582100,1)
(9407500,1)
(7323000,1)
(9116800,1)
(9611800,1)
(11151000,1)
(2276200,5)
(10884800,1)
(1978400,4)
(2502000,2)
(10686800,1)
(7368100,53)
(2563300,77)
(1387400,11)
(11271700,1)
(875100,2)
(5485700,3)
(9790000,1)
(10625500,2)
(772500,1)
(8884700,1)
(2177200,1)
(10204200,2)
(2527300,2)
(8629000,1)
(1096700,5)
(3999900,1)
(10172800,1)
(7521000,1)
(5430700,3)
(5715100,1)
(10422000,1)
(5994200,1)
(386400,16)
(5024800,1)
(5355100,1)
(5819600,3)
(2612800,1)
(2127700,2)
(9047500,2)
(6749900,1)
(9823300,1)
(3598400,2)
(3084400,1)
(10720900,1)
(4439900,14)
(6738100,1)
(6605800,1)
(7803700,5)
(1844200,1696)
(1160500,1)
(10848800,3)
(242300,3)
(711200,52)
(9275200,5)
(5475800,4)
(7817200,1)
(10730800,1)
(11097100,1)
(1510600,188)
(1041700,4)
(9229300,2)
(7380700,5)
(8749700,2)
(9364300,1)
(7639000,1)
(10182700,1)
(9556000,3)
(2895500,1)
(336900,1)
(653700,156)
(2721700,3)
(5480200,1)
(564600,12)
(3485900,1)
(9141000,8)
(9295000,1)
(9609100,1)
(11053900,1)
(7281700,1)
(6888500,2)
(6592300,1)
(9197900,9)
(4183300,1)
(3810700,1)
(1170400,12)
(9720700,1)
(232400,3)
(2102400,6)
(226100,6)
(9437200,2)
(11037700,1)
(5830300,1)
(9219400,1)
(9146500,2)
(6754300,4)
(4490200,2)
(3068200,1)
(8740600,1)
(2256400,1)
(9769400,2)
(9807100,1)
(1195700,4)
(10126900,2)
(9536200,1)
(9700900,1)
(3117700,17)
(430400,1)
(10973900,1)
(1875800,3)
(2381500,5)
(10714600,1)
(7878500,1)
(6100,25)
(10402200,1)
(11196100,1)
(9605500,4)
(3201300,29)
(3495800,1)
(4891700,10)
(9093400,1)
(7447300,1)
(1436900,4)
(3647900,5)
(2007000,1)
(8906200,1)
(2715400,3)
(3351700,3)
(5849300,1)
(3153700,15)
(2340000,3)
(2272600,1)
(2242900,4)
(4693700,2)
(3903400,3)
(3216700,2)
(881400,1)
(6609400,7)
(4469600,2)
(1766900,15)
(9621700,1)
(8334700,1)
(202700,10)
(491700,357)
(1715500,18)
(1120900,1)
(10902700,1)
(3320100,1)
(4885400,1)
(2365300,5)
(9953900,1)
(10661500,1)
(9734200,1)
(1051600,24)
(11093500,1)
(1854100,4)
(4464100,2)
(10983800,1)
(11230200,1)
(10380700,1)
(2201400,1)
(3578600,4)
(10210500,2)
(6748000,16)
(5726900,1)
(5824000,2)
(1140700,4)
(896800,1)
(4079900,2)
(9952000,1)
(2470600,1)
(1500700,21)
(8318500,1)
(1268600,1)
(2701900,7)
(10348300,1)
(1509800,86)
(8977400,1)
(8932300,1)
(7291600,2)
(1850500,11)
(5736800,36)
(782400,8)
(924600,2)
(4543300,3)
(9334600,3)
(410600,12)
(985900,8)
(3386900,10)
(3232900,1)
(4819700,1)
(1820800,2)
(11115000,1)
(6506800,1)
(5974400,3)
(11006100,1)
(1081300,4)
(8047600,2)
(1159700,1)
(9249100,4)
(3469700,1)
(10067500,2)
(4137400,44)
(8799200,7)
(8696600,1)
(2786600,1)
(10615600,1)
(9789200,1)
(663600,1)
(11295100,3)
(762600,1)
(4829600,1)
(9395900,3)
(9447100,1)
(10131300,2)
(10888400,1)
(786000,1)
(4944800,4)
(6760600,7)
(10285300,1)
(10516600,1)
(3262600,9)
(6704800,17)
(3636100,1)
(10795700,1)
(9296900,1)
(1476500,3)
(1776800,1)
(1731700,1)
(10423900,1)
(534900,475)
(2558900,1)
(2286100,6)
(1190200,9)
(2839700,1)
(4533400,17)
(2112300,1)
(8779400,1)
(1039000,7)
(10399700,1)
(4642300,1)
(10269100,1)
(607800,1)
(9443500,6)
(2078200,4)
(602300,36)
(633900,1)
(4672000,1)
(3563200,1)
(10997300,2)
(8380600,1)
(7196200,4)
(4351600,1)
(9714400,1)
(9587600,1)
(5756600,1)
(8789300,1)
(8417500,1)
(2296000,1)
(4325500,2)
(9077200,1)
(1482800,2)
(9483100,1)
(1958600,1)
(10239400,1)
(6932500,1)
(11087200,1)
(9651400,2)
(10769600,2)
(1964900,3)
(9502900,5)
(2606500,1)
(10546300,1)
(6942400,1)
(10052100,1)
(5058100,1)
(6631900,14)
(4449800,1)
(3527200,3)
(949900,1)
(4834000,11)
(10390600,1)
(7255600,1)
(6044500,1)
(9890900,1)
(6789500,1)
(5741200,5)
(8225800,1)
(7526500,2)
(1824400,1)
(9592000,1)
(5598200,1)
(8255500,1)
(9374200,2)
(8635300,1)
(6858800,2)
(7037800,2)
(1203700,6)
(11255500,1)
(9676700,1)
(2418400,1)
(10115100,1)
(1755100,2)
(236000,8)
(2692000,25)
(4276000,1)
(3028600,1)
(9922300,3)
(2513800,10)
(8828900,16)
(9498500,1)
(23400,429)
(10675000,1)
(7478900,1)
(3008800,1)
(9281500,1)
(8962000,2)
(4804300,1)
(9007900,1)
(2601000,1)
(10291600,1)
(10937900,1)
(10629100,1)
(3033000,32)
(7062000,1)
(5127400,1)
(6764200,1)
(950700,1)
(4003200,1)
(2662300,24)
(570900,1)
(138900,1)
(7378000,4)
(9423700,1)
(9303000,1)
(9765800,2)
(1694300,1)
(3297800,1)
(9340900,1)
(8313000,1)
(3315700,1)
(9973700,2)
(450200,48)
(11077300,1)
(7453600,1)
(3325600,1)
(3349000,9)
(3163600,3)
(9488600,3)
(1963000,8)
(9817000,1)
(4226500,9)
(8328400,1)
(9858500,1)
(8621800,2)
(4814200,1)
(10389800,1)
(3361600,5)
(4450600,1)
(1953100,1)
(4970900,1)
(10868600,1)
(10823500,1)
(6582400,1)
(8874800,2)
(5869100,1)
(9864800,1)
(979600,8)
(3221100,2)
(10780300,3)
(10972000,1)
(1668200,37)
(3988100,1)
(10318600,2)
(706800,2)
(11105100,1)
(9619000,1)
(3331900,66)
(7172800,2)
(643800,2)
(10354600,1)
(8314900,2)
(6730900,1)
(3573100,1)
(3470500,1)
(995800,9)
(8888300,14)
(9906100,2)
(2978300,1)
(3548900,1)
(7279000,3)
(7032300,2)
(721100,3)
(9749600,1)
(4470400,1)
(9641500,1)
(8894600,4)
(10878500,1)
(2503900,1)
(10562500,1)
(6784000,1)
(9043900,16)
(1984700,2)
(10093600,1)
(5584700,1)
(9192400,1)
(9661300,2)
(11136700,1)
(1585400,3)
(5944700,4)
(2396900,7)
(6916300,12)
(6863200,2)
(3272500,1)
(10790200,1)
(10620000,1)
(10261900,1)
(9390400,3)
(1342300,1)
(9759500,1)
(8817100,2)
(9111300,2)
(10645300,1)
(148800,1)
(10141200,1)
(10032300,1)
(3933100,57)
(2899100,7)
(8780200,19)
(11281600,1)
(9380500,1)
(9433600,1)
(3339100,1)
(10576000,1)
(647400,2)
(10837000,1)
(6714700,2)
(2142000,1)
(984000,1)
(9308500,1)
(6696800,1)
(6936100,24)
(1550200,3)
(508800,3)
(9696500,1)
(6645400,1)
(9719900,1)
(5761000,1)
(8952100,1)
(10447300,1)
(1435000,2)
(10259200,8)
(11269000,1)
(10229500,1)
