(8414400,1)
(1360900,1)
(1501200,52)
(5353900,11)
(10850100,1)
(8830200,8)
(2263200,4)
(8721300,2)
(6885400,5)
(109700,3)
(1427500,1)
(982800,3)
(7236300,1)
(10726900,2)
(6820500,1)
(8236200,1)
(2248900,2)
(6875500,1)
(10429900,1)
(9637600,2)
(10725000,1)
(8950900,10)
(3991300,1)
(9849100,1)
(3559300,3)
(748800,43)
(8715000,1)
(9918400,4)
(7489300,1)
(10321800,1)
(10305600,1)
(3367600,1)
(10796200,1)
(5217000,1)
(9677200,3)
(5337700,2)
(2086900,1)
(10440600,1)
(9960700,1)
(4585300,23)
(10198600,1)
(9914800,1)
(1582300,15)
(4882300,2)
(5377300,2)
(11117400,1)
(2258800,11)
(3144300,9)
(3500700,3)
(9875200,1)
(2925700,10)
(10079800,1)
(9752800,1)
(10970800,1)
(10099600,1)
(5585200,1)
(10652100,1)
(10252500,1)
(11050800,1)
(3482800,20)
(4535800,1)
(9995900,1)
(8331600,1)
(5124300,1)
(3065100,14)
(7439800,1)
(4170300,1)
(4935400,1)
(1629100,1)
(9301800,1)
(2466700,4)
(1522900,4)
(8839300,14)
(9188500,1)
(8810400,1)
(1239400,1)
(946800,7)
(8809600,2)
(10829500,1)
(10331700,1)
(669600,7)
(9786100,1)
(7287700,2)
(664100,2)
(145700,1)
(1716000,1)
(1172800,4)
(10193100,1)
(5515900,1)
(406700,4)
(1691200,1)
(6637900,8)
(9392800,1)
(4981300,1)
(3278500,1)
(6948400,2)
(10731300,1)
(95100,173)
(9455800,1)
(3509800,1)
(10028400,6)
(5747200,1)
(9683500,1)
(4509700,1)
(10297600,1)
(7418100,3)
(7315500,1)
(3405300,1)
(9903000,1)
(8829400,1)
(9183000,1)
(4539400,1)
(2712300,2)
(1631800,7)
(1661500,1)
(10705200,1)
(7386700,2)
(6731400,1)
(1783600,3)
(1422000,1)
(4976900,1)
(9653800,2)
(9612300,1)
(11003000,1)
(7527000,3)
(9133500,1)
(4387300,2)
(596700,1)
(55500,177)
(8246100,2)
(2481000,1)
(11127300,1)
(1151100,6)
(9508900,1)
(5737300,43)
(11287600,1)
(8568400,1)
(1156600,7)
(10564900,1)
(11256000,1)
(7226400,4)
(3140700,5)
(4342200,1)
(4496200,1)
(10602600,1)
(4628500,2)
(9825700,2)
(11212800,1)
(11058000,1)
(1872700,2)
(7408200,4)
(11222700,1)
(10673800,1)
(5723800,1)
(5571700,2)
(7099600,1)
(3939100,3)
(531800,1)
(7381200,1)
(9470100,3)
(707300,35)
(1620000,6)
(10800600,1)
(3217200,12)
(2900400,1)
(10928500,1)
(10627900,1)
(8444100,2)
(1862800,1)
(11202900,1)
(4258600,2)
(9756400,1)
(11123700,1)
(5009100,1)
(5452900,1)
(6796300,1)
(10990600,1)
(2421600,3)
(5935300,2)
(10612500,1)
(1722300,2)
(3322500,46)
(8855500,2)
(337400,1)
(9762700,1)
(2185900,1)
(10418100,1)
(1773700,1)
(10178800,1)
(3897800,1)
(10153500,1)
(897300,733)
(4213500,1)
(11099500,1)
(2091300,1)
(10048200,1)
(1797100,1)
(9647500,1)
(5514000,1)
(7420800,1)
(8861800,1)
(8311800,1)
(509300,1)
(6735000,1)
(8578300,2)
(1240200,2)
(1379900,4)
(6574900,1)
(4190100,46)
(377000,5)
(10008600,2)
(679500,11)
(10266000,1)
(2140800,6)
(10163400,2)
(10469500,1)
(9944500,2)
(2005800,60)
(2777200,1)
(7351500,2)
(1955500,8)
(1742100,24)
(10439800,1)
(5996600,3)
(51900,178)
(5416900,10)
(4207200,2)
(9315300,1)
(1057600,41)
(2451300,2)
(10578400,1)
(1062000,6)
(10756600,1)
(1389800,1)
(4397200,1)
(3520500,1)
(3010100,6)
(1851000,72)
(2886100,1)
(2623200,3)
(9335100,1)
(3945400,1)
(11168800,1)
(10206600,1)
(6272400,1)
(9544900,2)
(6616200,3)
(1971700,9)
(9716800,1)
(9564700,1)
(11315400,1)
(654200,3)
(1831200,1)
(638000,9)
(5278300,1)
(8616000,3)
(9168700,2)
(9040800,1)
(4179400,6)
(8865400,4)
(9578200,3)
(936900,2)
(5496100,1)
(10300100,2)
(15900,194)
(1712400,1)
(8835700,2)
(905300,1)
(290600,1)
(10420800,1)
(388800,1)
(3051600,4)
(2866300,3)
(9202800,1)
(9687100,1)
(3025500,1)
(9706900,1)
(6598300,15)
(837900,1)
(2955400,10)
(10574800,1)
(10840200,1)
(61800,147)
(7499200,2)
(9980500,1)
(4638400,1)
(10891600,1)
(218600,5)
(69000,27)
(7533300,1)
(4169500,7)
(992700,1)
(10924900,1)
(5981200,4)
(561500,6)
(9607900,1)
(1146700,10)
(4955200,43)
(3680800,1)
(10786300,1)
(1935700,8)
(6578500,17)
(49200,1)
(604700,111)
(788400,1)
(161900,10)
(3930000,1)
(10292100,1)
(9950800,1)
(91500,1)
(3539500,1)
(10721400,1)
(3767200,1)
(5476300,5)
(7282200,3)
(4892200,12)
(6889000,1)
(8400900,1)
(2560200,4)
(6602700,6)
(9079600,2)
(8325300,1)
(4041600,11)
(620900,310)
(10117500,1)
(8500,30)
(5175700,1)
(1914000,7)
(2071500,2)
(6626100,2)
(9840000,1)
(1801500,1)
(2680900,2)
(9746500,1)
(10839400,5)
(2882500,2)
(9137100,2)
(3035400,18)
(11311800,1)
(4900200,1)
(5352000,28)
(784800,1)
(2061600,3)
(10859200,1)
(2316300,12)
(9038100,2)
(6715200,16)
(3555700,2)
(1245700,1)
(8410800,1)
(9940900,2)
(203200,12)
(1261900,1)
(7428000,1)
(4233300,3)
(9376600,1)
(3431400,1)
(1260000,1)
(10361400,1)
(213100,1)
(3128100,15)
(9594400,1)
(915200,15)
(8553000,1)
(727100,673)
(10355100,1)
(9212700,1)
(2041800,2)
(6879100,3)
(10869100,1)
(3909400,1)
(10647700,1)
(7449700,1)
(6800700,1)
(8194900,1)
(10034700,2)
(1651600,2)
(618200,70)
(10287700,1)
(9485500,1)
(8038200,1)
(7292100,2)
(9984100,5)
(4919200,1)
(3717700,1)
(9491800,3)
(10490100,1)
(4852600,1)
(3415200,1)
(7321800,1)
(6881800,3)
(5031600,8)
(40100,482)
(9460200,1)
(1323000,4)
(11178700,1)
(9970600,1)
(4788800,1)
(4326000,1)
(1016100,2)
(9439600,1)
(10222800,1)
(10376800,1)
(10879000,1)
(5822800,8)
(3575500,1)
(160000,2)
(2514300,1)
(4451100,10)
(5664400,1)
(4996700,1)
(9958000,2)
(10563000,2)
(9523200,1)
(20300,2)
(6804300,3)
(6938500,2)
(1767400,5)
(5852500,1)
(6824100,3)
(4466500,1)
(1577900,2)
(8663800,2)
(6558700,13)
(9070500,1)
(4842700,1)
(5801100,1)
(1022400,1)
(1521000,3)
(8044500,1)
(422900,45)
(9099400,2)
(6923100,1)
(7117500,1)
(9028200,1)
(9598000,5)
(4821000,1)
(6697300,2)
(7366900,1)
(8881600,1)
(9999500,2)
(9693400,4)
(129500,3)
(3886000,5)
(9325200,7)
(4909300,1)
(11157000,1)
(9297400,1)
(1006200,5)
(525500,14)
(4717600,1)
(5892100,1)
(10310000,1)
(7038300,28)
(10277800,1)
(8796100,1)
(9341400,1)
(1675000,42)
(10687300,1)
(2508000,2)
(7944700,1)
(8424300,1)
(2519800,1)
(2159800,1)
(3086800,1)
(10064400,1)
(7376800,1)
(5456500,1)
(11158900,1)
(9440400,5)
(4921900,1)
(5357500,1)
(10792600,1)
(1249300,1)
(10994200,2)
(1655200,1)
(9632100,2)
(9736600,1)
(1483300,2)
(9830100,6)
(2243400,2)
(5035200,1)
(11008500,1)
(10485700,1)
(9424200,1)
(2445000,2)
(9351300,2)
(10761000,1)
(2688100,5)
(5411400,6)
(3223500,65)
(2025600,2)
(8450400,1)
(3397300,4)
(7891600,3)
(294200,28)
(9851800,1)
(1821300,6)
(9643900,1)
(7267900,3)
(9127200,1)
(1275400,2)
(10527000,1)
(2595400,12)
(9060600,4)
(1929400,4)
(10855600,1)
(5603100,2)
(9178600,1)
(10381200,1)
(6865600,1)
(9085900,1)
(11044500,1)
(1457200,7)
(10014900,1)
(1279000,4)
(591200,182)
(3021900,1)
(3510600,1)
(8677300,1)
(1846600,10)
(8792500,1)
(6632400,4)
(6792700,2)
(1334800,4)
(1417600,1)
(9163200,1)
(1816900,11)
(8804100,16)
(11262300,1)
(2184000,1)
(8984200,31)
(456200,13)
(1546300,1)
(2284900,2)
(10809700,1)
(9103800,7)
(971000,4)
(3316200,1)
(378900,5)
(3347800,2)
(9034500,1)
(3029100,1)
(7558600,1)
(9148900,1)
(3199300,2)
(11216400,1)
(4461000,1)
(9726700,1)
(1961800,42)
(4679900,1)
(11024700,2)
(9904900,1)
(1012500,3)
(3492700,1)
(10107600,1)
(5763400,1)
(8859100,18)
(1610100,1)
(2476600,2)
(3401700,11)
(2717800,2)
(1067500,8)
(2510700,4)
(5169400,1)
(9004800,1)
(411100,1)
(8914900,2)
(9396400,1)
(3436900,1)
(7602600,1)
(11048100,2)
(6913200,2)
(4248700,2)
(6855700,1)
(10391100,1)
(5243100,2)
(7050900,2)
(7454100,1)
(2346000,1)
(6513600,2)
(3628600,2)
(9008400,32)
(3238900,1)
(1204200,2)
(4421400,2)
(10024800,1)
(10810500,1)
(6928600,1)
(2207400,42)
(4939000,3)
(1866400,3)
(8990500,1)
(1344700,1)
(7563000,2)
(2965300,3)
(680300,4)
(7044600,2)
(9064200,1)
(2055300,2)
(2836600,2)
(6527100,25)
(30200,1)
(175400,8)
(1965400,2)
(5694100,1)
(3560100,1)
(8602500,2)
(5061300,3)
(842300,1)
(6179200,1)
(8470200,1)
(9503400,1)
(1841100,1)
(3104700,2)
(5472700,1)
(8183100,1)
(179000,1)
(670400,1)
(10978000,1)
(8153400,1)
(8315400,2)
(8356900,2)
(10211000,1)
(4415100,4)
(4545700,1)
(11300000,1)
(1196200,1)
(3935500,26)
(10677400,1)
(10157100,1)
(9386500,3)
(7979900,2)
(3179500,6)
(9622200,1)
(3524100,1)
(9871600,1)
(1115100,1)
(2896000,2)
(2482900,1)
(4510500,2)
(1763800,1)
(1852900,39)
(10861900,1)
(2045400,10)
(10934800,1)
(9891400,7)
(11137200,1)
(2253300,1)
(9430500,1)
(2441400,1)
(10365000,1)
(14000,3)
(4411500,19)
(2699900,4)
(8814000,2)
(3585400,1)
(4140600,19)
(6830400,15)
(11095900,1)
(9381000,1)
(9469300,8)
(9346900,1)
(9969800,1)
(4524000,2)
(2051700,1)
(3421500,1)
(5535700,2)
(9548500,1)
(6814200,6)
(7584700,7)
(1930200,3)
(9954400,1)
(4876000,2)
(8558500,1)
(10143600,1)
(6908800,2)
(7252500,11)
(8820300,6)
(3383800,14)
(2085000,4)
(2664700,7)
(1665100,1)
(10772800,1)
(6721500,3)
(9543000,1)
(9819400,1)
(6751200,7)
(2939200,15)
(9948100,1)
(9861700,1)
(9580900,1)
(11292000,1)
(3910200,22)
(3931900,18)
(10824000,2)
(234800,36)
(4680700,1)
(4011900,2)
(4961500,2)
(9272100,1)
(10553100,1)
(3591700,1)
(2336100,4)
(8766400,1258)
(10657600,2)
(9839200,1)
(9606000,2)
(11242500,1)
(11040900,1)
(11069800,1)
(9044400,10)
(3009300,2)
(4492600,10)
(9721200,1)
(1793500,3)
(9226200,1)
(9766300,1)
(7329000,1)
(9198400,1)
(9059800,1)
(9792400,1)
(2816800,4)
(9829300,1)
(2357800,3)
(2826700,1)
(4560000,1)
(7048200,5)
(3045300,1)
(11232600,1)
(2773600,3)
(2030000,1)
(976500,1)
(1318600,45)
(6834000,1)
(9974200,1)
(5363800,2)
(1423900,2)
(5707600,2)
(7068000,3)
(1951900,1)
(10543200,1)
(5561800,6)
(11282100,1)
(738900,1)
(9080400,1)
(6741300,13)
(3377500,1)
(2118300,2)
(11277700,1)
(3149800,1)
(1747600,1)
(529100,1)
(826100,2)
(3905800,2)
(6538900,1)
(7113900,1)
(7391100,1)
(9450300,1)
(921500,5)
(9247900,3)
(10449700,1)
(8980600,1)
(75300,1)
(2108400,1)
(10084200,2)
(9627700,1)
(7824000,3)
(10736800,1)
(10762900,1)
(4561900,1)
(8800500,1)
(11173200,1)
(497700,5)
(9194800,1)
(10454100,1)
(3486400,9)
(7756600,1)
(19500,11)
(9657400,1)
(1686800,4)
(10470300,1)
(4118100,1)
(5712000,3)
(8885200,2)
(8262300,1)
(1308700,7)
(5812900,1)
(10825900,1)
(5000000,4)
(2035500,2)
(5056900,1)
(10979900,1)
(5332200,14)
(2698000,2)
(11193000,1)
(8419900,3)
(10212900,1)
(10741200,1)
(5555500,4)
(8267800,1)
(4199200,1)
(299700,3)
(9820200,1)
(10060800,1)
(185300,2)
(3920100,2)
(7574800,1)
(2128200,3)
(9069700,2)
(7266000,2)
(2787100,1)
(10386700,1)
(1909600,1)
(10480200,1)
(9865300,2)
(8701500,2)
(1576000,114)
(2603400,1)
(2846500,41)
(7090500,2)
(8003000,1)
(10464000,1)
(9410700,1)
(7060800,1)
(436400,5)
(10113900,1)
(8366800,1)
(4699700,1)
(4150500,60)
(1437400,136)
(4520400,2)
(2763700,9)
(4278400,3)
(6860100,4)
(6933000,3)
(4129900,4)
(8004900,7)
(5144100,1)
(7782700,1)
(3174000,1)
(8918500,1)
(3096700,13)
(2148000,1)
(10984300,1)
(1488800,72)
(3294700,1)
(3925600,17)
(224900,14)
(1141200,180)
(6537000,2)
(5387200,52)
(11004900,1)
(1032300,5)
(1447300,3)
(1463500,1)
(8355000,2)
(4519600,1)
(10606200,1)
(4227000,1)
(10968100,1)
(1200600,2)
(11094000,1)
(6849400,1)
(5581600,3)
(3298300,6)
(9599900,2)
(9805900,1)
(3114600,1)
(9345000,2)
(2456800,7)
(421000,1)
(6891700,1)
(1600200,3)
(1214100,28)
(10751100,1)
(9107400,1)
(7642200,3)
(10018500,1)
(7606200,1)
(7809700,1)
(9216300,16)
(9246000,1)
(7054500,1)
(4910100,1)
(5551900,3)
(644300,1522)
(1380700,1)
(6533400,1)
(6612600,3)
(9479200,2)
(7297600,5)
(8903100,2)
(2138100,40)
(11059900,1)
(10345200,2)
(139400,22)
(8293900,2)
(302200,28)
(2959000,1)
(1753900,15)
(1959100,1)
(9642000,1)
(11079700,1)
(9731100,1)
(9382900,1)
(8875300,1)
(9701400,1)
(2559400,4)
(10776400,1)
(7814100,4)
(223000,4)
(901700,6)
(10974400,1)
(1619200,1)
(7424400,80)
(1037800,7)
(689400,8)
(9419800,2)
(8928400,1)
(3996800,1)
(3387400,5)
(9257800,1)
(130300,4)
(7173300,1)
(5466400,3)
(10999700,1)
(6588400,1)
(5931700,1)
(9617800,5)
(8958100,1)
(10450500,1)
(9841900,1)
(11236200,1)
(8335200,1)
(8964400,1)
(1811400,1)
(10835800,1)
(7198600,1)
(6736900,1)
(1281700,3)
(1635400,1)
(10766500,1)
(10693600,1)
(5778800,1)
(10089700,1)
(5591500,2)
(9800400,1)
(10242600,1)
(3753700,1)
(10371300,1)
(515600,3)
(4180200,3)
(8469400,4)
(7503600,2)
(4722000,1)
(1364500,2)
(10262400,1)
(39300,1)
(10885300,1)
(2278600,1)
(9143400,2)
(11246100,1)
(10804200,1)
(2461200,2)
(743300,2)
(9741000,1)
(9797900,1)
(2124600,10)
(10070700,1)
(649800,3)
(8292000,1)
(10715100,1)
(6786400,1)
(2170500,1)
(3039000,1)
(1328500,10)
(7069900,17)
(5595100,2)
(1230300,1)
(10434300,1)
(4446700,1)
(1609300,3)
(71700,11)
(8948200,1)
(9449500,1)
(10503600,1)
(1285300,2)
(2174100,1)
(10701600,1)
(3175900,1)
(8938300,2)
(9429700,1)
(4571800,1)
(10050900,1)
(545300,2)
(8277700,2)
(398700,1)
(4712100,7)
(29400,9)
(2347900,2)
(10465900,1)
(10396600,1)
(1615600,3)
(640700,4)
(873900,10)
(7677400,15)
(10598200,1)
(3534000,1)
(10819600,1)
(9554800,1)
(8786200,2)
(2648500,4)
(1605700,3)
(1265500,1)
(9305400,9)
(4877900,4)
(5525800,1)
(8960800,1)
(248300,13)
(2654800,1)
(3000,4)
(5945200,18)
(1498700,97)
(10489300,1)
(10168900,2)
(3550200,2)
(7147200,1)
(3372000,2)
(10588300,1)
(2904000,1)
(8999600,1)
(8924800,6)
(432800,188)
(2995000,1)
(9533100,4)
(2618800,1)
(10923000,1)
(3020000,2)
(10410900,1)
(2393800,1)
(10256100,1)
(9896900,1)
(10528900,1)
(120400,8)
(9772600,2)
(125900,1)
(996300,2)
(3336000,2)
(10683700,2)
(8756500,1)
(3258700,1)
(9361200,1)
(8845600,1)
(1671400,19)
(10958200,1)
(1186300,1)
(8554900,1)
(10094100,1)
(4986800,1)
(1556200,10)
(1047700,1)
(10123800,2)
(8970700,3)
(6622500,1)
(6918700,1)
(1506700,15)
(9480000,1)
(6809800,1)
(4154100,75)
(4009200,36)
(238400,1)
(446300,120)
(2821200,3)
(10315500,1)
(9959900,1)
(1477000,1)
(1592200,3)
(4327900,7)
(5638300,1)
(9113700,1)
(3674500,1)
(7513500,4)
(4664500,6)
(11293900,1)
(9371100,1)
(4971400,2)
(11153400,1)
(10632300,2)
(9989600,1)
(2793400,4)
(2306400,1)
(10980700,1)
(10642200,1)
(9809500,1)
(343700,1)
(8968000,3)
(181700,7)
(10430700,1)
(10622400,1)
(11084100,1)
(10964500,1)
(9400800,5)
(260900,5)
(6693700,1)
(1354600,1)
(3613200,11)
(2154300,1)
(8232600,2)
(9859000,1)
(10351500,1)
(8913000,24)
(2949100,1)
(65400,1)
(3237000,1)
(10460400,1)
(9184900,1)
(8321700,1)
(5882200,5)
(3357700,14)
(10404600,2)
(11038200,1)
(11133600,1)
(956700,6)
(10167000,1)
(8815900,1)
(9084000,1)
(9815800,2)
(9414300,4)
(4581700,1)
(1368100,5)
(10814100,1)
(9232500,1)
(3015600,1)
(8256000,1)
(3504300,1)
(2644900,1)
(10908700,1)
(3118200,9)
(10319100,1)
(11201000,1)
(847800,1)
(8954500,5)
(11113800,1)
(3000200,5)
(10127400,1)
(9095800,1)
(1882600,4)
(10538800,1)
(11252400,1)
(1645300,25)
(9444000,2)
(7786300,1)
(7410900,3)
(1324900,147)
(11054400,1)
(5373700,2)
(1587800,5)
(10459600,1)
(9495400,1)
(3472900,2)
(9528700,1)
(11226300,1)
(6507300,1)
(931400,93)
(10068000,1)
(4021800,2)
(11206500,1)
(81600,24)
(10282200,1)
(3138000,1)
(3529600,3)
(10246200,1)
(1892500,7)
(659700,13)
(10881700,1)
(7331700,1)
(8099500,1)
(1910400,1)
(9804000,1)
(1532800,28)
(8673700,1)
(5614900,1)
(7034700,2)
(6746800,1)
(2049000,1)
(2951800,11)
(565100,7)
(8351400,1)
(2302800,1)
(7479400,1)
(10960900,1)
(8974300,1)
(9810300,1)
(1002600,3)
(1940100,2)
(4684300,52)
(9050700,3)
(2608900,1)
(3545800,2)
(7622400,1)
(11188600,1)
(9697000,1)
(8825800,2)
(5001900,1)
(2283000,1)
(10954600,1)
(733400,1)
(3411600,5)
(10517100,1)
(6503700,3)
(10616100,2)
(8392900,2)
(2905900,5)
(9123600,1)
(9404400,1)
(2897900,2)
(2504400,1)
(1836700,1)
(9018300,5)
(3435000,2)
(10054500,1)
(8420700,1)
(7272300,1)
(10948300,1)
(3569200,1)
(4872400,1)
(10400,80)
(798300,2)
(4185700,36)
(9331500,2)
(551600,16)
(2031900,3)
(9673600,1)
(1706100,26)
(9283900,4)
(951200,6)
(9835600,1)
(10267900,1)
(10038300,1)
(10637800,1)
(8772700,50)
(9855400,2)
(10335300,1)
(4456600,2)
(2288500,1)
(4096600,1)
(8989700,16)
(10568500,1)
(1097200,45)
(1358200,24)
(4175800,7)
(3623100,3)
(7277800,1)
(4124400,1)
(2425200,50)
(3352200,1)
(9277600,1)
(961100,4)
(10309200,2)
(10711500,1)
(1313100,11)
(4189300,2)
(8305500,1)
(8851900,1)
(9409900,2)
(9513300,2)
(8994100,10)
(5965000,1)
(3535900,1)
(10272300,1)
(9117300,1)
(10226400,1)
(2674600,92)
(4529500,2)
(5806600,1)
(7450500,1)
(383300,1)
(8459500,5)
(4900,6)
(867600,4)
(4139800,4)
(674000,27)
(6761100,1)
(2164200,2)
(5011800,1)
(10133700,1)
(737000,4)
(2180400,2)
(10232700,1)
(7414500,4)
(10147200,1)
(2842900,3)
(8297500,1)
(280700,57)
(10329000,3)
(9518800,1)
(3451200,3)
(35700,265)
(10311900,1)
(462500,5)
(8840100,2)
(2684500,2)
(3929200,5)
(10989800,1)
(10173300,1)
(4689800,1)
(1737700,1)
(1390600,18)
(1433800,2)
(1805100,1)
(1219600,1)
(3169600,1)
(482300,18)
(630800,3)
(4238800,10)
(11074200,1)
(1166500,18)
(7058100,1)
(4000100,4)
(8711400,1)
(1235800,1)
(9445900,1)
(9499000,1)
(3461100,1)
(8908600,1)
(9938200,1)
(9293800,2)
(6903300,1)
(11103900,1)
(2104800,2)
(7123800,1)
(2530500,14)
(11305500,1)
(8564800,1)
(4076800,4)
(4816600,1)
(10414500,2)
(9054300,1)
(6523500,17)
(1162900,29)
(685800,7)
(5727400,1)
(9698900,5)
(9558400,1)
(10495600,1)
(10871800,1)
(9663700,1)
(9287500,11)
(4674400,10)
(1732200,3)
(2362200,25)
(442700,78)
(9711300,1)
(10074300,1)
(11018400,1)
(3120900,98)
(2607000,1)
(3466600,3)
(11014800,3)
(2332500,3)
(1348300,28)
(4195600,58)
(639900,7)
(11147100,1)
(935000,274)
(8319000,1)
(9990400,1)
(11183100,1)
(11257900,1)
(2179600,4)
(11309100,1)
(6711600,2)
(4836400,2)
(4569100,1)
(1787200,4)
(7839400,1)
(4624900,3)
(6705300,1)
(3170400,1)
(9420600,1)
(4312500,1)
(650600,6)
(10830300,1)
(10782700,1)
(8499100,1)
(9173100,1)
(2435100,1)
(135800,27)
(10662000,1)
(10137300,1)
(119600,63)
(11301900,1)
(8849200,1)
(4482700,8)
(7469500,1)
(8687200,2)
(9408000,2)
(9282000,2)
(10112000,1)
(4670800,1)
(1516600,1)
(3284800,3)
(3618700,2)
(8819500,44)
(4778900,1)
(1985200,3)
(7137300,1)
(9568300,1)
(11070600,1)
(1727800,1)
(9928300,1)
(1896100,8)
(7994200,1)
(8776300,253)
(2387500,3)
(10058100,4)
(289800,32)
(6687400,4)
(9222600,1)
(3108300,1)
(9924700,1)
(149300,1)
(10913100,1)
(25800,27)
(2203800,1)
(9267700,2)
(228500,2)
(5405100,1)
(3900300,1)
(10013000,1)
(7974400,1)
(8944600,1)
(10479400,1)
(5519500,1)
(9574600,1)
(10444200,1)
(4514100,1)
(11107500,1)
(1126900,25)
(4134300,1)
(7485700,1)
(1026000,6)
(1511100,59)
(9507000,7)
(10003100,1)
(11080500,1)
(10188700,1)
(2415300,1)
(1303200,1)
(4243200,7)
(9206400,1)
(1826800,3)
(1042200,5)
(9881500,1)
(1083700,3)
(4005600,41)
(10102100,1)
(9356800,1)
(3203700,1)
(4159600,1)
(3362100,5)
(270800,6)
(8934700,1)
(2397400,32)
(4228900,2)
(1919500,1)
(6756700,5)
(9481900,1)
(10865500,1)
(10845700,1)
(1210500,6)
(3919300,6)
(10475800,1)
(9908500,1)
(3456700,2)
(10903200,1)
(11297500,1)
(5951500,1)
(7070700,1)
(9465700,1)
(3581800,1)
(1526500,1)
(9667300,1)
(10667500,3)
(9475600,1)
(1063900,1)
(1572400,3)
(3332400,8)
(5613000,1)
(4149700,1)
(11090400,1)
(7612500,1)
(4905700,6)
(45600,119)
(8782600,1)
(10558600,1)
(7028400,3)
(5702100,2)
(1225900,1)
(4120800,1)
(10548700,1)
(11163300,1)
(9796000,1)
(1676900,8)
(114100,24)
(8048100,2)
(7355100,1)
(2892400,2)
(2492800,12)
(2529700,12)
(1291600,6)
(3634900,11)
(9885100,1)
(4793200,1)
(7568500,1)
(5154000,1)
(4846300,4)
(9309000,1)
(675900,4)
(8543100,1)
(6636000,18)
(3207300,8)
(9934600,1)
(10860000,1)
(4783300,1)
(5446600,3)
(9158800,1)
(10820400,1)
(7434300,1)
(10499200,1)
(8895100,1)
(8612400,1)
(2496400,4)
(9895000,1)
(1904100,24)
(8716900,1)
(535400,1)
(3213600,1)
(9742900,1)
(8969900,1)
(11102000,1)
(10080600,2)
(5961400,1)
(3061500,60)
(7820400,13)
(2798900,2)
(1027900,2)
(10697200,1)
(10325400,1)
(10533300,1)
(2524200,1)
(9252300,1)
(5991100,3)
(10626000,1)
(10183200,2)
(5773300,1)
(4165900,3)
(1295200,283)
(5767000,2)
(9366700,1)
(1925800,1)
(6548800,1)
(9030900,1)
(10594600,1)
(2520600,1)
(9049900,2)
(3154200,5)
(9705000,1)
(11194900,1)
(8617900,2)
(9489100,1)
(4217100,2)
(3565600,6)
(6819700,1)
(1757500,2)
(2377600,2)
(1981600,1)
(2767300,3)
(373400,13)
(8871700,13)
(887400,2)
(8705100,1)
(7256100,8)
(1374400,3)
(9147000,1)
(284300,1)
(9262200,1)
(140200,3)
(4690600,83)
(10090500,1)
(10918600,1)
(3471000,3)
(3273000,1)
(5811000,1)
(9845500,1)
(7564900,1)
(9014700,1)
(10424400,1)
(7598200,2)
(11060700,1)
(9321600,1)
(9964300,3)
(9236100,2)
(9588100,1)
(4678000,7)
(3306300,1)
(11064300,1)
(10663900,1)
(7465900,2)
(9311700,2)
(10366900,1)
(8301900,1)
(9538600,1)
(10849300,1)
(59100,1)
(11267800,1)
(208700,1)
(8869000,64)
(10236300,1)
(5733700,2)
(10746700,1)
(10875400,1)
(2096800,3)
(11272200,1)
(9048000,1)
(9242400,5)
(159200,3)
(7429900,2)
(6772900,2)
(8891500,2)
(1105200,2)
(8850000,1)
(9979700,4)
(1950000,4)
(6563100,5)
(10428000,1)
(10584700,1)
(9782500,1)
(5342100,3)
(9776200,1)
(4401600,1)
(9459400,2)
(9153300,1)
(10069900,1)
(5618500,7)
(4763500,1)
(1378000,1)
(11034600,1)
(10408200,2)
(3441300,4)
(8606100,1)
(5041500,3)
(8300000,1)
(10216500,1)
(4798700,7)
(9089500,1)
(9590800,9)
(279900,1)
(4991200,4)
(5347600,3)
(5832700,1)
(1949200,3)
(10938400,1)
(195200,7)
(5393500,1)
(11028300,1)
(10944700,1)
(7673800,1)
(10044600,1)
(1641700,3)
(1052100,26)
(9024600,1)
(7538800,1)
(3227100,1)
(10513500,1)
(9074100,4)
(11089600,1)
(893700,1)
(9584500,1)
(9602400,1)
(9434100,3)
(4114500,2)
(7835800,1)
(2783500,1)
(8979800,4)
(9090300,1)
(6810600,1)
(10341600,1)
(1220400,46)
(5826400,2)
(11143500,1)
(9994000,1)
(5482600,1)
(10895200,1)
(3579100,3)
(7404600,3)
(4441200,15)
(3031800,4)
(1752000,1)
(6776500,2)
(10201100,1)
(6771000,5)
(2658400,1)
(10507200,1)
(11198500,1)
