(10881100,1)
(2664100,1)
(4966400,51)
(368400,1)
(4665800,1)
(6810000,1)
(2129500,1)
(11045800,1)
(3260800,2)
(9950200,1)
(6851500,2)
(6637300,2)
(3001500,38)
(8123100,1)
(6590500,13)
(9742300,1)
(8336500,2)
(2634400,3)
(2971000,2)
(526800,9)
(4670200,2)
(7080000,1)
(3925000,1)
(7362700,2)
(10985600,1)
(255900,4)
(10900900,1)
(8835100,3)
(1385600,5)
(10643500,1)
(10346500,2)
(922800,8)
(8263600,1)
(2248300,2)
(713000,3)
(204500,3)
(6570700,1)
(1733500,4)
(2836000,1)
(5416300,1)
(378300,1)
(4798100,1)
(4280500,2)
(4456000,1)
(10886600,1)
(457500,2)
(6772300,5)
(9934000,1)
(10960300,1)
(1537700,2)
(6574300,3)
(10558000,1)
(2521900,1)
(10633600,1)
(10481500,1)
(5477600,9)
(9793700,2)
(6871300,1)
(9491200,1)
(3608200,3)
(8585900,1)
(2816200,1)
(4847600,2)
(1547600,2)
(6612000,1)
(196500,326)
(2608300,3)
(2401200,1)
(10435600,3)
(9965600,1)
(7099000,1)
(10920700,1)
(11316700,1)
(2982800,1)
(1231600,11)
(483600,125)
(738300,1)
(10918000,1)
(3936800,8)
(645600,7)
(7415800,2)
(4388600,9)
(5493800,7)
(4555000,1)
(6643600,1)
(916500,2)
(1646600,1)
(9113100,5)
(1857800,1)
(141500,32)
(10524700,1)
(9846800,1)
(5675600,3)
(9524500,1)
(3092500,2)
(1219000,5)
(566400,7)
(11035900,2)
(1516000,5)
(8787500,1)
(11232000,1)
(9321000,6)
(6766000,1)
(9217600,1)
(7397900,1)
(1506100,37)
(6617500,4)
(9970000,1)
(7049500,1)
(2713600,1)
(9800,481)
(9815200,1)
(9856700,1)
(10128700,1)
(6554500,4)
(3487700,1)
(4976300,1)
(600500,9)
(96400,1)
(10441900,1)
(9237400,1)
(4258000,1)
(1344100,6)
(10559900,2)
(6584200,37)
(7039600,19)
(1132600,111)
(9000600,2)
(610400,1)
(1794800,175)
(1201900,1)
(4181500,4)
(2487800,1)
(10392400,2)
(51300,43)
(5545000,1)
(9866600,1)
(10746100,1)
(2976500,1)
(9737900,1)
(1043500,3)
(10762300,1)
(8311200,1)
(10904500,1)
(6800100,3)
(8199800,1)
(11070000,1)
(5487500,1)
(2005200,83)
(8920600,2)
(10316800,1)
(8293300,2)
(1423300,7)
(10892900,1)
(1961200,1)
(290000,6)
(10148500,1)
(2618200,1)
(8326600,1)
(10341000,1)
(9989000,4)
(8955800,19)
(442100,13)
(9085300,1)
(3258100,2)
(467400,1)
(115400,136)
(629400,16)
(8243800,1)
(5333500,1)
(977800,4)
(10647100,1)
(681600,29)
(10772200,1)
(9298700,1)
(10742500,2)
(4446100,3)
(6534700,1)
(2509300,1)
(9108700,1)
(7475200,1)
(2520000,7)
(5883500,1)
(967900,11)
(8564200,1)
(3401100,1)
(2135800,4)
(11170900,1)
(4151800,1)
(5660200,1)
(9872900,1)
(10154800,1)
(10471600,2)
(1002000,5)
(11288900,1)
(9451600,1)
(3462400,1)
(4525300,1)
(9024000,1)
(4842100,1)
(9508300,1)
(11227600,1)
(3446200,5)
(2021400,3)
(4852000,1)
(8702800,1)
(1662800,2)
(8431900,1)
(9882800,1)
(6688700,1)
(3120300,4)
(10070100,1)
(3171700,8)
(5076100,1)
(651900,20)
(11075500,1)
(1390000,1)
(4416400,3)
(384600,15)
(5347000,1)
(11029600,1)
(4238200,1)
(11190700,1)
(1909000,12)
(2561500,8)
(7227700,5)
(9207700,8)
(9851200,1)
(8039500,4)
(11154700,1)
(8288900,1)
(10419400,1)
(7247500,2)
(9055600,1)
(748200,6)
(2327500,3)
(1557500,6)
(10550800,1)
(10207900,1)
(11081800,1)
(9538000,1)
(9441700,4)
(4863800,3)
(5802400,10)
(9924100,7)
(6716500,1)
(614000,15)
(9920500,1)
(7429300,1)
(2203200,2)
(1587200,1)
(10929800,1)
(10263700,1)
(1037200,4)
(7809100,1)
(3161800,1)
(3992600,1)
(6514900,7)
(1324300,7)
(9123000,1)
(1615000,1)
(8831500,1)
(2456200,20)
(10975700,1)
(2159200,1)
(7108900,2)
(9346300,1)
(3565000,1)
(7949600,1)
(2531800,2)
(9481300,1)
(10055800,1)
(3456100,1)
(6835300,1)
(3723400,1)
(11194300,1)
(4011300,1)
(3500100,1)
(4931200,2)
(9154600,2)
(2778500,3)
(9643300,1)
(10855000,1)
(11128600,1)
(9461500,1)
(3169000,2)
(6865000,4)
(9684800,1)
(10989200,1)
(1281100,1)
(10059400,1)
(6891100,1)
(10081900,1)
(1094900,5)
(7095400,5)
(2312100,1)
(10222200,1)
(9900700,1)
(2274400,2)
(11014200,1)
(3155500,1)
(6782200,4)
(2565100,2)
(4561300,4)
(7382500,1)
(5218300,1)
(7459000,1)
(10267300,2)
(9134800,1)
(9904300,1)
(9301200,1)
(1098500,2)
(2208700,10)
(4343500,1)
(1676300,1)
(9475000,1)
(4041000,2)
(8579600,1)
(10352800,1)
(9174400,2)
(10627300,1)
(10044000,1)
(661800,2)
(11091700,2)
(10298900,2)
(10990000,1)
(1666400,9)
(8471500,1)
(1310800,10)
(3021300,1)
(10103400,1)
(6819100,1)
(2529100,4)
(46900,18)
(4962800,5)
(1458500,38)
(784200,1)
(11207800,1)
(9783800,1)
(8876600,2)
(9040200,1)
(5956400,1)
(780600,5)
(10939700,1)
(2041200,1)
(1901800,1)
(318900,1)
(6940600,3)
(8419300,1)
(1893800,1)
(9940300,1)
(5708900,1)
(619500,32)
(10538200,1)
(11257300,1)
(675300,3)
(427800,54)
(1330600,1)
(966000,2)
(10623700,2)
(10168300,1)
(9722500,1)
(10000800,1)
(8777600,30)
(5893400,1)
(932700,15)
(8475100,1)
(4076200,1)
(10206000,1)
(131600,5)
(10014300,1)
(8559800,1)
(4436200,5)
(669000,5)
(3114000,4)
(7405900,3)
(10504900,1)
(11222100,1)
(9698300,1)
(10099000,1)
(10376200,1)
(11148400,1)
(11065600,1)
(125300,59)
(3327400,1)
(4228300,5)
(4006900,1)
(10257400,2)
(11108800,1)
(9059200,1)
(10787600,2)
(576300,10)
(394500,1)
(1527800,3)
(2323900,1)
(10429300,2)
(4707100,8)
(10080000,1)
(6746200,3)
(10574200,1)
(9170800,20)
(92800,14)
(9060000,1)
(3150000,1)
(7580500,3)
(234200,3)
(1553900,1)
(734700,1)
(3515500,3)
(9991700,1)
(9019600,1)
(8980000,2)
(9648800,2)
(4941100,4)
(3670300,1)
(3472300,2)
(2822500,1)
(4500000,3)
(9777500,1)
(10045900,1)
(1682600,7)
(4240900,1)
(7133100,2)
(10876700,1)
(2337400,4)
(7959500,5)
(2476000,1)
(10658900,1)
(10040400,1)
(11311200,1)
(10514800,1)
(10701000,1)
(6722800,12)
(10024200,1)
(6277300,1)
(8861200,6)
(9752200,4)
(9540700,2)
(3452500,2)
(9534400,1)
(4250800,1)
(1152400,1)
(8716300,1)
(9326500,1)
(10430100,1)
(7419400,1)
(406100,20)
(10158400,1)
(10060200,1)
(10777700,1)
(9194200,1)
(2260900,1)
(1225300,3)
(5906900,29)
(76600,52)
(1027300,72)
(8306800,1)
(8981900,1)
(8886500,1)
(8934100,1)
(3036700,2)
(1221700,36)
(7607500,1)
(4196900,13)
(5982500,6)
(8881000,1)
(5857400,1)
(1428800,37)
(9528100,1)
(10202400,2)
(10825300,1)
(10440000,1)
(2169100,6)
(5497400,1)
(9035800,1)
(708600,1)
(8782000,206)
(10930600,1)
(265800,165)
(10896500,1)
(9668600,2)
(3062800,1)
(9787400,3)
(4936700,1)
(2398700,8)
(2421000,1)
(1563800,1)
(10030500,1)
(10034100,1)
(1532200,10)
(2794700,1)
(9376000,1)
(9039400,1)
(10835200,1)
(7287100,14)
(3185200,1)
(1737100,1)
(4487600,3)
(4812400,3)
(3115900,3)
(3436300,1)
(9935900,1)
(3497600,1)
(224300,2)
(7508500,1)
(3347200,1)
(10451800,1)
(9633400,1)
(9148300,1)
(11178100,1)
(1816300,4)
(9702700,1)
(9332800,7)
(3234700,2)
(7198000,1)
(3224800,105)
(7409500,4)
(9747800,1)
(5363200,1)
(5669300,8)
(10133100,2)
(9514600,1)
(9914200,4)
(1256900,1)
(7059400,1)
(7366300,1)
(2753200,3)
(11293300,1)
(6939800,1)
(8815300,1)
(10503000,1)
(863400,1)
(2703700,7)
(2289800,2)
(2837900,1)
(11024100,1)
(4545100,1)
(10010700,1)
(10856900,1)
(1209100,99)
(620300,50)
(2393200,1)
(1211800,39)
(7113300,1)
(9431800,1)
(7356400,2)
(9377900,1)
(374700,5)
(1291000,164)
(9712600,1)
(9981800,2)
(2951200,1)
(6924400,6)
(4505500,2)
(4911400,1)
(244100,7)
(8253700,2)
(8950300,1)
(9892700,4)
(5764700,2)
(156900,34)
(3551500,1)
(9638900,1)
(10534600,4)
(7504900,1)
(6580600,1)
(109100,19)
(5966300,1)
(10188100,1)
(6805600,8)
(3031200,7)
(10919900,1)
(10297000,1)
(4946600,4)
(4327300,2)
(9091600,1)
(8841400,78)
(10212300,1)
(11079100,1)
(8908000,1)
(6602100,35)
(9223900,3)
(10293400,2)
(10657000,1)
(11184400,2)
(3302100,1)
(9118600,10)
(10425700,1)
(2363500,10)
(10356400,3)
(1822600,21)
(10663300,2)
(11188000,2)
(9617200,1)
(7346500,1)
(8856800,1)
(3279800,1)
(10959500,1)
(2025000,1)
(10496900,1)
(3897200,1)
(2956700,1)
(7253800,1)
(10107000,1)
(10673200,1)
(1686200,6)
(4788200,1)
(417900,18)
(10008000,1)
(1852300,25)
(6006700,1)
(7570600,1)
(3191500,12)
(1453000,11)
(7045900,1)
(2650600,1)
(9971900,1)
(5807900,2)
(9144700,2)
(10004400,1)
(8944000,11)
(9009700,3)
(10683100,1)
(11700,25)
(8589500,1)
(7420200,1)
(5685500,1)
(9180700,2)
(10736200,1)
(972300,2)
(4001400,1)
(4482100,3)
(3343600,2)
(9979100,2)
(10198000,1)
(9202200,1)
(10091800,2)
(10518400,3)
(5901400,1)
(7579700,3)
(4556900,1)
(5032900,1)
(10871200,1)
(5151700,1)
(10409500,1)
(9575900,1)
(10752400,3)
(10965800,1)
(2442700,5)
(7564300,1)
(1763200,1)
(9071800,1)
(8722600,3)
(3175300,1)
(1391900,2)
(1542100,7)
(9969200,2)
(9825100,1)
(3214900,2)
(10065700,2)
(10668800,1)
(3586700,1)
(8904400,1)
(2492200,6)
(6550900,1)
(10455400,1)
(2466100,1)
(82900,6)
(1552000,13)
(3145600,1)
(10831600,1)
(4806100,1)
(7485100,1)
(8989100,2)
(7797500,1)
(1490900,1)
(208100,4)
(3100500,3)
(4675700,9)
(1488200,1)
(1788500,1)
(10782100,1)
(7637200,1)
(8409400,1)
(181100,1)
(9496700,1)
(10970200,1)
(10321200,1)
(3270700,1)
(5738600,2)
(515000,10)
(2628100,1)
(10199900,1)
(2086300,3)
(3901600,5)
(2264500,1)
(10277200,1)
(5001300,2)
(5062600,3)
(9520900,5)
(7449100,1)
(8985500,1)
(11019700,1)
(982200,1)
(10217800,1)
(10995500,1)
(901100,35)
(9253600,1)
(7435600,2)
(8233900,1)
(10590400,1)
(10554400,1)
(8965700,6)
(1116400,93)
(1053400,114)
(10459000,1)
(9049300,1)
(8000700,1)
(9929600,1)
(10075600,1)
(10331100,1)
(1359500,4)
(3519100,3)
(1778600,39)
(9273400,1)
(3529000,1)
(6607600,1)
(8425600,2)
(10069300,10)
(6918100,1)
(9322900,3)
(7060200,2)
(9222000,1)
(1773100,1)
(7089100,1)
(2784800,6)
(6777800,1)
(7451800,1)
(8866700,1)
(8871100,10)
(9623500,3)
(9674900,1)
(1846000,47)
(1915300,1)
(101900,11)
(56800,289)
(10891000,1)
(1193900,2)
(8040300,1)
(10143000,1)
(5110200,1)
(4307500,1)
(1177700,3)
(4519000,4)
(6930700,1)
(817500,2)
(3806200,2)
(609600,10)
(7164700,1)
(3591100,1)
(9595700,1)
(9805300,3)
(9836900,1)
(10243900,1)
(10560700,1)
(11059300,1)
(8449000,1)
(7050300,1)
(2436400,3)
(3264400,6)
(4551400,1)
(10108900,1)
(789700,1)
(1235200,2)
(10336600,2)
(2545300,1)
(6914500,4)
(9045700,3)
(7481500,1)
(9356200,1)
(1314400,43)
(8919800,1)
(8316700,1)
(2659700,1)
(9773900,1)
(9564100,1)
(7528300,1)
(8969300,2)
(4669400,1)
(9233800,2)
(7647100,1)
(650000,4)
(7070100,1)
(10991900,1)
(1597100,1)
(8301300,2)
(121700,2)
(8900800,3)
(452000,24)
(546600,85)
(10815400,1)
(493500,4)
(551000,25)
(1013800,1)
(61200,124)
(1438700,3)
(2092600,2)
(9465100,1)
(3482200,1)
(8999000,3)
(5897000,3)
(2258200,2)
(9079000,1)
(7892900,1)
(893100,3)
(5670100,1)
(7613800,6)
(5521600,2)
(11298800,1)
(4159000,3)
(2031300,1)
(5348900,1)
(11060100,1)
(3630700,1)
(11287000,1)
(8747900,1)
(1982900,2)
(2096200,1)
(2649800,4)
(9559700,1)
(898600,1)
(3477800,1)
(2109700,2)
(4214800,1)
(11118700,1)
(10089100,1)
(10273600,1)
(9267100,1)
(4432600,1)
(11189900,1)
(1126300,1)
(7668800,1)
(9425500,2)
(9955700,1)
(9658700,1)
(2426500,1)
(1063300,6)
(5758400,68)
(582600,1)
(4294000,2)
(11306800,1)
(11273500,1)
(218000,188)
(2640700,6)
(9673000,4)
(2062900,1)
(691500,5)
(10283500,1)
(8772100,2)
(10050300,2)
(3086200,1)
(9762100,1)
(10029700,1)
(2307700,1)
(9190600,2)
(8560600,2)
(4191400,41)
(10801900,1)
(1713700,37)
(552900,18)
(3248200,2)
(7123200,2)
(9029500,1)
(7055800,1)
(9985400,2)
(5952800,1)
(888700,14)
(7128700,1)
(9311100,1)
(9688400,1)
(6513000,2)
(9421900,1)
(10227700,1)
(10954000,1)
(9075400,2)
(9554200,1)
(10706500,1)
(10944100,1)
(6742600,5)
(11283400,1)
(9945800,1)
(11089000,2)
(1945000,1)
(8060100,1)
(3654100,1)
(744600,2)
(11071900,1)
(8574100,2)
(10602000,1)
(1935100,2)
(1931500,1)
(8882900,1)
(7091800,2)
(3250900,1)
(4501900,1)
(4837700,1)
(8793800,2)
(11049400,3)
(6191200,1)
(10253800,2)
(3931300,3)
(11004300,1)
(3511900,1)
(9247300,1)
(7540900,2)
(10969400,1)
(9189800,1)
(2317600,6)
(11055700,1)
(259500,63)
(2100600,2)
(7518400,1)
(992100,4)
(10180900,1)
(3412900,2)
(3416500,1)
(11253700,1)
(5887100,7)
(2748800,1)
(630200,45)
(11113200,1)
(9168100,4)
(6042700,1)
(635700,29)
(4515400,2)
(9392200,1)
(6792100,1)
(7044000,1)
(1448600,3)
(7757900,2)
(9065500,1)
(35100,11)
(3130200,1)
(6861400,1)
(10950400,1)
(2244700,1)
(9316600,1)
(8331000,1)
(1156000,4)
(3041100,2)
(10756000,1)
(11180800,1)
(6518500,2)
(2847800,1)
(10049500,2)
(9841300,2)
(9409300,1)
(9706300,1)
(1798400,1)
(5946500,1)
(86500,2)
(9603700,1)
(8607400,1)
(9050100,1)
(2347300,4)
(10934200,1)
(1747000,7)
(4115800,4)
(8035900,2)
(9081700,1)
(3748700,1)
(5254300,1)
(2535400,2)
(9306700,15)
(10528300,1)
(1379300,1)
(2935000,4)
(4689200,8)
(9919700,1)
(4822300,1)
(3299600,1)
(6855100,1)
(1836100,1)
(7544500,2)
(649200,2)
(11267200,1)
(8050200,1)
(7960300,1)
(3432700,1)
(5718800,1)
(2992700,1)
(10237600,1)
(2110500,1)
(8445400,4)
(5600800,1)
(5398400,1)
(2125900,6)
(10819000,1)
(9030300,1)
(3426400,2)
(1454900,1)
(9910600,1)
(8767700,1835)
(6767900,2)
(2343700,3)
(9439000,4)
(8410200,1)
(3051000,12)
(2238400,10)
(9726100,1)
(10400400,1)
(2378900,1)
(5511700,1)
(3576800,9)
(9574000,2)
(1205500,10)
(11020500,2)
(6698600,1)
(6736300,1)
(4655900,1)
(11009800,1)
(9283300,4)
(1784900,12)
(4141900,2)
(3555100,1)
(10138600,1)
(186600,65)
(9103200,1)
(4457900,1)
(1484600,1)
(10491400,1)
(4279700,2)
(5799900,1)
(2383300,1)
(8637100,1)
(10372600,5)
(5832100,19)
(4218400,8)
(11095300,1)
(10396000,1)
(4982600,1)
(8372500,2)
(9429100,1)
(4576700,7)
(10311300,2)
(9570400,1)
(2284300,68)
(10792000,1)
(4155400,4)
(4224700,1)
(4274200,5)
(7782100,1)
(1941400,5)
(9243700,2)
(6579800,2)
(9530800,4)
(1641100,3)
(1417000,4)
(1498100,40)
(1921600,1)
(9811600,4)
(9455200,1)
(9400200,1)
(4972700,1)
(640100,1)
(8821600,54)
(10495000,1)
(10841500,1)
(2788400,1)
(10694900,1)
(4401000,1)
(7643500,1)
(10980100,1)
(1847900,29)
(8549900,1)
(11217700,1)
(7065700,3)
(1349600,3)
(10637200,1)
(10678700,1)
(4986200,1)
(1334200,4)
(9767600,2)
(1197500,3)
(10599500,1)
(1058900,2)
(11133000,1)
(2160000,2)
(639300,1)
(10914400,1)
(5313700,2)
(9975500,1)
(9410100,1)
(4195000,4)
(9560500,1)
(6599600,1)
(2279900,1)
(9518200,4)
(685200,1)
(2966600,3)
(9160900,2)
(9580300,1)
(2171800,3)
(5768300,1)
(10821700,2)
(6886700,2)
(7396000,2)
(8975600,4)
(6726400,4)
(9336400,3)
(5582900,1)
(9014100,3)
(219900,21)
(5986100,1)
(6809200,4)
(220700,82)
(6503100,1)
(8392300,1)
(1636700,2)
(5744900,1)
(2130300,16)
(4774700,1)
(11212200,1)
(10461700,5)
(9025900,3)
(239700,400)
(10607500,1)
(10118800,1)
(402500,39)
(9871000,1)
(8346400,1)
(2515600,1)
(6560800,14)
(25200,38)
(7955900,1)
(1068800,2)
(3685700,1)
(572700,15)
(11040300,1)
(10540900,1)
(10793900,1)
(9158200,3)
(2001600,6)
(10306900,1)
(3411000,1)
(6589700,43)
(4887200,6)
(10732600,1)
(6954100,1)
(8678600,2)
(1354000,1)
(1748900,1)
(4452400,1)
(9476900,2)
(10580500,1)
(4467800,3)
(655500,22)
(260300,2)
(1300900,1)
(240500,16)
(1320700,15)
(9995300,1)
(10362700,1)
(6627400,3)
(9821500,14)
(10851400,1)
(9415600,1)
(1200000,30)
(2322000,1)
(10242000,2)
(4259900,2)
(10569800,1)
(11164600,1)
(10301400,1)
(7455400,1)
(6752500,16)
(388200,6)
(31500,15)
(10009900,2)
(200900,26)
(390900,1)
(9486800,1)
(8118700,1)
(1172200,2)
(343100,5)
(100000,91)
(2082700,129)
(2685800,1)
(8896400,2)
(9757700,2)
(3317500,6)
(9861100,2)
(10247500,1)
(11277100,1)
(4110300,1)
(3624400,4)
(10020600,1)
(2119600,6)
(9178000,1)
(453900,2)
(10366300,1)
(906600,3)
(6613900,2)
(10811800,1)
(9257200,4)
(4109500,1)
(1369400,1)
(8845000,5)
(1057000,1)
(3066400,16)
(1407100,1)
(2707300,1)
(7297000,2)
(1567400,1)
(10613800,1)
(9539900,1)
(1146100,4)
(1007500,1)
(5780900,1)
(10797500,1)
(4135600,5)
(7716400,1)
(4916900,2)
(398100,6)
(9959300,2)
(4402900,3)
(3373300,6)
(2056600,1)
(1905400,1)
(8332900,1)
(249600,33)
(9288800,1)
(9004200,1)
(9736000,4)
(2290600,9)
(45000,3)
(7430100,1)
(802100,2)
(7825300,2)
(10382500,2)
(10688600,1)
(4778300,2)
(432200,11)
(9886400,1)
(8034000,3)
(10716400,1)
(6528400,2)
(7069300,1)
(6544600,1)
(11050200,1)
(4679300,1)
(5774600,1)
(2842300,10)
(10722700,1)
(2639900,1)
(9939500,1)
(8809000,1)
(2223000,5)
(724800,2)
(3946700,1)
(671700,8)
(9471400,1)
(5592800,1)
(9694700,1)
(8584000,1)
(9627100,1)
(10548100,2)
(9797300,1)
(8930500,2)
(6524800,3)
(9128500,2)
(8752300,1)
(8762200,1)
(9550600,1)
(5343400,1)
(7559900,1)
(7819000,1)
(5457800,1)
(8825200,62)
(11039500,1)
(4768400,157)
(9362500,1)
(5827700,1)
(10693000,1)
(6538300,1)
(9445300,1)
(10979300,1)
(2695700,1)
(8959400,2)
(8451700,2)
(1443100,39)
(1802800,7)
(2905300,4)
(9504700,2)
(9124900,1)
(5467700,3)
(6569900,1)
(9569600,1)
(11168200,2)
(9061900,6)
(10305000,1)
(155000,7)
(10439200,1)
(9732400,1)
(9653200,1)
(3096100,1)
(4511800,2)
(1577300,1)
(10861300,1)
(9164500,2)
(4733200,2)
(7404000,1)
(3368900,3)
(3406600,2)
(5402800,1)
(8352700,1)
(9678500,1)
(41400,2)
(8970100,1)
(8909900,1)
(4175200,4)
(2036800,1)
(10326700,1)
(5358800,2)
(6928000,1)
(10190800,1)
(6908200,1)
(4867400,1)
(6253900,1)
(6558100,7)
(2872000,4)
(3333700,1)
(1433200,30)
(8801800,1)
(6623800,4)
(3541600,1)
(8397800,1)
(9435400,4)
(6568000,1)
(3388700,13)
(9549800,3)
(9405700,3)
(926400,35)
(7040400,3)
(5620600,1)
(9212100,1)
(11030400,1)
(4300,116)
(8298800,1)
(10174600,1)
(10287100,2)
(8960200,2)
(191000,66)
(1753300,14)
(6797600,2)
(8929700,1)
(9138400,1)
(111800,49504)
(7237600,1)
(10845100,1)
(4072600,1)
(10940500,1)
(5743000,4)
(1360300,1)
(3011400,1)
(1517900,1)
(5482000,5)
(477300,36)
(7495000,5)
(6787700,3)
(9095200,9)
(250400,2)
(10405900,1)
(6508600,1)
(6693100,3)
(9366100,3)
(7257400,7)
(4066300,2)
(6711000,2)
(135200,39)
(10232100,1)
(1088600,1)
(3510000,5)
(3140100,1)
(3110400,1)
(10544500,1)
(7595900,2)
(10579700,1)
(7603900,7)
(9277000,1)
(9663100,1)
(4119400,2)
(952500,1)
(5556800,2)
(4794500,3)
(10397900,1)
(3284200,2)
(9227500,1)
(1882000,1)
(8846900,1)
(11144800,1)
(3566900,3)
(7321200,1)
(2806300,23)
(2367100,2)
(6564400,3)
(4535200,8)
(11134900,1)
(10595900,1)
(1743400,1)
(9960100,1)
(987700,5)
(9293200,1)
(10617400,1)
(7277200,1)
(8643400,1)
(71100,12)
(2179000,1)
(9607300,1)
(7118800,4)
(1340500,5)
(1464800,2)
(4992500,1)
(66700,1)
(1842400,19)
(10589600,3)
(10570600,1)
(229800,16)
(9387800,1)
(10095400,1)
(10465300,5)
(7273600,3)
(4703500,1)
(2669600,1)
(10955900,1)
(9949400,1)
(8783900,4)
(4042900,5)
(1112800,1)
(7075600,1)
(8945900,1)
(4104000,1)
(6762400,1)
(8188000,1)
(1319900,7)
(3109600,1)
(4566800,7)
(8979200,1)
(9010500,1)
(10178200,1)
(8550700,1)
(8805400,2)
(10039600,1)
(6732700,5)
(10386100,1)
(9184300,1)
(8321100,1)
(5898900,228)
(3268000,5)
(7293400,2)
(5031000,3)
(285600,35)
(9372400,1)
(9544300,1)
(2299700,3)
(9772000,1)
(10594000,2)
(1023700,1)
(2149300,7)
(10415800,1)
(10866800,1)
(10164700,1)
(10924300,1)
(10767800,1)
(10698500,2)
(5699000,1)
(9263500,2)
(7980100,1)
(2104200,6)
(9909800,5)
(521300,1)
(837300,121)
(604100,18)
(10475200,1)
(7184500,3)
(2388800,1)
(9896300,1)
(2114100,7)
(2422900,1)
(5561200,1)
(4790900,3)
(4125700,1)
(4996100,2)
(11158300,1)
(9637000,2)
(9579500,1)
(11247400,1)
(9199700,2)
(10949600,1)
(6712900,5)
(1911700,2)
(2525500,39)
(412400,12)
(703100,3)
(8366200,1)
(11202300,1)
(4105900,5)
(10712800,2)
(997600,89)
(10144900,1)
(3921400,14)
(1656500,1)
(11301300,1)
(10809100,1)
(9420000,3)
(1292900,83)
(4952900,12)
(10908100,1)
(8939600,1)
(10702900,1)
(280100,1)
(3280600,2)
(4171600,1)
(10342900,1)
(9716200,2)
(4383100,29)
(10999100,1)
(4337200,1)
(1106500,49)
(1073200,19)
(8548000,1)
(9179900,1)
(9599300,2)
(1512400,2)
(3228400,3)
(1605100,2)
(4509100,1)
(10410300,1)
(1157900,3)
(254000,2)
(3129400,1)
(3181600,2)
(8455300,1)
(1768700,1)
(10420200,1)
(10019800,1)
(3926900,198)
(5619800,1)
(9876500,2)
(9020400,1)
(8914300,1)
(7445500,2)
(10184500,2)
(2763100,2)
(7263700,2)
(5733100,16)
(3353500,2)
(4956500,2)
(4412800,10)
(1631200,1)
(8277100,1)
(962400,2)
(3367000,4)
(11243800,1)
(10910800,1)
(6815500,2)
(7222200,1)
(1956800,12)
(8910700,1)
(1017400,25)
(8617300,1)
(3383200,10)
(9352600,1)
(9419200,3)
(1522300,1)
(5596400,13)
(4649600,2)
(1308100,4)
(2150100,9)
(10123200,1)
(1583600,21)
(779800,1)
(9278900,1)
(11263600,1)
(8538100,1)
(8924200,1)
(10726300,1)
(9069100,2)
(6934300,4)
(10113300,1)
(8267200,1)
(8362600,1)
(2897300,1)
(8892800,3)
(2472400,70)
(8995400,1)
(6910900,1)
(11000700,1)
(7212300,1)
(7548100,2)
(9590200,2)
(10800000,1)
(946200,2)
(5551300,3)
(10603900,1)
(9342700,1)
(1286600,1)
(8811700,1)
(10404000,1)
(3581200,1)
(936300,1)
(8797400,17)
(4685600,1)
(1703800,1)
(2185300,1)
(4082500,6)
(2624500,1)
(8544400,1)
(11069200,1)
(9585800,1)
(2660500,10)
(9801700,2)
(10079200,1)
(4303900,9)
(5566700,2)
(8247400,1)
(3905200,65)
(10194400,1)
(5412700,1)
(2883800,1)
(7471600,2)
(10445500,1)
(5337100,1)
(1981000,3)
(10653400,2)
(9397700,1)
(11103300,1)
(10449100,2)
(4634200,1)
(11174500,1)
(2675900,1)
(11085400,1)
(8732500,2)
(6876800,1)
(9831400,1)
(1122700,1)
(10085500,1)
(210800,3)
(10584100,1)
(6881200,1)
(9930400,1)
(4531600,4)
(2072800,1)
(11010600,1)
(7410300,2)
(11034000,1)
(8991800,1)
(11123100,1)
(956100,1)
(3561400,9)
(4185100,2)
(2826100,1)
(4541500,1)
(8851300,54)
(8940400,2)
(9589400,1)
(1502500,55)
(4129300,8)
(7331100,1)
(2768600,1)
(3159100,1)
(1167800,6)
(11199800,1)
(291900,62)
(11233900,1)
(10757900,2)
(9613600,7)
(11138500,1)
(2357200,7)
(176700,15)
(10805500,1)
(10564300,2)
(592500,3)
(15300,3)
(2452600,7)
(7590400,3)
(8949500,2)
(9835000,1)
(11237500,1)
(3104100,1)
(10508500,1)
