(6756300,6)
(8040500,1)
(3925200,1)
(9010700,1)
(8855100,30)
(208300,47)
(8415900,1)
(600700,13)
(5333700,3)
(2905500,75)
(10623900,1)
(10075800,1)
(4125900,1)
(9336600,1)
(9301400,1)
(5571300,1)
(10688800,2)
(931000,4)
(327100,1)
(7809300,1)
(11128800,1)
(11297100,1)
(10876900,1)
(3072900,1)
(9647100,1)
(9762300,1)
(9198000,1)
(10528500,2)
(7471800,3)
(531400,5)
(8336700,1)
(10459200,1)
(9154800,4)
(1526100,4)
(5519100,2)
(9777700,1)
(3545400,2)
(4670400,1)
(1340700,1)
(11168400,1)
(3086400,2)
(8944200,1)
(7776000,2)
(9459000,1)
(3388900,5)
(11194500,1)
(9341000,1)
(10950600,1)
(196700,1)
(7435800,1)
(11174700,1)
(2935200,1)
(1215600,16)
(3832500,1)
(4446300,1)
(9321200,1)
(10085700,2)
(1438900,1)
(3110600,1)
(9908100,3)
(4066500,4)
(9965800,1)
(3476100,3)
(8732700,1)
(7736400,1)
(10810100,2)
(289400,8)
(3931500,1)
(11079300,1)
(3500300,5)
(5728900,1)
(9985600,2)
(3393300,3)
(8331200,1)
(2801000,1)
(847400,2)
(9756000,1)
(11252000,1)
(10602200,1)
(3421100,1)
(3333900,4)
(5812500,2)
(2104400,6)
(9627300,1)
(1458700,9)
(7465500,2)
(10831800,1)
(10875000,1)
(7584300,4)
(6445800,1)
(8866900,2)
(4847800,1)
(9693000,3)
(3100700,1)
(81200,4)
(635900,9)
(4228500,1)
(10861500,1)
(7089300,1)
(1631400,4)
(926600,1)
(1220000,1)
(10336800,1)
(5788300,3)
(9060200,3)
(5946700,1)
(11273700,1)
(906800,5)
(5041100,3)
(9815400,1)
(9623700,3)
(2387100,4)
(11099100,1)
(11154900,1)
(8805600,1)
(536900,1)
(10277400,1)
(5614500,1)
(9164700,2)
(3773100,3)
(6810200,4)
(8861400,1)
(8459100,1)
(1320900,3)
(6908400,1)
(685400,8)
(10325000,1)
(6772500,5)
(2130500,1)
(9896500,1)
(10099200,1)
(10194600,1)
(6918300,2)
(10495200,1)
(10095600,1)
(4114100,3)
(10010900,1)
(5565000,1)
(11283600,1)
(888900,1)
(9174600,2)
(1547800,8)
(3431000,3)
(6533000,1)
(1488400,12)
(10044200,1)
(7153100,1)
(8965900,1)
(1390200,19)
(10425900,1)
(10435800,1)
(7429500,1)
(175000,46)
(734900,34)
(3436500,3)
(11034200,1)
(2504000,1)
(6875100,1)
(7386300,5)
(4586800,1)
(3531900,2)
(11216000,1)
(9518400,2)
(4248300,2)
(8939800,3)
(4539000,1)
(784400,15)
(9144900,3)
(5717100,2)
(7479000,2)
(9050300,1)
(10039800,1)
(4664100,5)
(1605300,3)
(639500,2)
(629600,80)
(10698700,1)
(9694900,1)
(10930800,1)
(10216100,1)
(10578000,1)
(171400,11)
(1522500,1)
(3165600,1)
(1002200,2)
(4545300,1)
(3130400,1)
(4284300,28)
(3056700,1)
(4555200,2)
(5743200,1)
(665600,2)
(457700,5)
(1083300,2)
(3191700,1)
(9206000,3)
(7227900,1)
(4774900,1)
(5482200,1)
(8612000,5)
(901300,3)
(11143100,1)
(10040600,1)
(8321300,1)
(6544800,2)
(9103400,1)
(10424000,2)
(10341200,1)
(2165700,1)
(9079200,15)
(10366500,1)
(374900,25)
(9425700,2)
(3061100,2)
(9148500,1)
(758300,1)
(2342000,32)
(10301600,1)
(4842300,1)
(7361000,1)
(9821700,3)
(4837900,2)
(4500200,1)
(2258400,1)
(6752700,8)
(5887300,7)
(6938100,4)
(7881300,1)
(877100,6)
(218200,11)
(6622100,1)
(1811000,1)
(11184600,1)
(4941300,1)
(2472600,1)
(5768500,1)
(2565300,1)
(5031200,2)
(1007700,11)
(1057200,22)
(9455400,1)
(4832400,10)
(4213100,19)
(9180900,2)
(9070100,11)
(5566900,1)
(2397000,2)
(4307700,1)
(1572000,1)
(10809300,1)
(11080100,1)
(9805500,1)
(11164800,1)
(1816500,3)
(9657000,1)
(10386300,1)
(1887700,3)
(8044100,1)
(9663300,1)
(6726600,6)
(4185300,4)
(384800,2)
(7410500,2)
(1793100,1)
(9960300,1)
(2595000,1)
(4278000,1)
(2486100,4)
(10851600,1)
(10970400,1)
(8782200,8)
(9559900,4)
(437900,3)
(9508500,1)
(9934200,1)
(10821900,1)
(9910800,3)
(8712900,1)
(5398600,1)
(2634600,1)
(9613800,3)
(1063500,39)
(2129700,6)
(3383400,27)
(9039600,1)
(2347500,2)
(3171900,1)
(640300,3)
(2312300,1)
(2832600,1)
(9514800,1)
(2290800,3)
(7273800,1)
(11253900,1)
(10829100,1)
(1945200,1)
(11212400,1)
(8568000,2)
(916700,15)
(11190900,1)
(6800300,2)
(7969600,1)
(2452800,7)
(5487700,1)
(5659600,1)
(120000,9)
(794300,1)
(6617700,5)
(11178300,1)
(10283700,1)
(11030600,1)
(10792200,1)
(7688800,1)
(6782400,1)
(1443300,13)
(4951200,3)
(4798300,2)
(655700,20)
(3367200,2)
(6885000,4)
(1986700,1)
(5827900,7)
(2001800,1)
(10934400,1)
(4161900,1)
(7341200,1)
(9856900,1)
(8910900,1)
(2100800,4)
(4466100,1)
(5893600,1)
(2150300,1)
(9030500,6)
(8513000,1)
(4377000,2)
(7612100,1)
(807800,1)
(790700,1)
(9637200,5)
(9107000,1)
(131800,51)
(1463100,3)
(4551600,1)
(2462700,8)
(11103500,1)
(1291200,10)
(3628200,1)
(8777800,24)
(2559000,2)
(2798500,2)
(10969600,1)
(9465300,1)
(1205700,1)
(10590600,2)
(10174800,1)
(5416500,9)
(7564500,1)
(6914700,1)
(1304700,1)
(1512600,10)
(1017600,74)
(9405900,1)
(2509500,6)
(11000900,1)
(1121000,14)
(675500,4)
(5852100,1)
(3530000,2)
(6746400,6)
(3452700,1)
(10069500,1)
(9950400,1)
(7148700,1)
(10835400,1)
(936500,1)
(7999300,4)
(9409500,1)
(10079400,1)
(1330800,3)
(4195200,19)
(3432900,1)
(2337600,1)
(9392400,1)
(2144000,1)
(2505900,1)
(11257500,1)
(250600,2)
(6831900,1)
(6607800,2)
(11198100,1)
(1209300,8)
(2887600,3)
(4223000,3)
(1672900,1)
(71300,36)
(11050400,1)
(10158600,1)
(10351100,1)
(1053600,2)
(8449200,1)
(9024200,2)
(1200200,5)
(9673200,1)
(2294400,1)
(10711100,1)
(10964100,1)
(15500,8)
(5862000,11)
(4802700,2)
(1498300,21)
(2856000,4)
(3347400,1)
(1671000,4)
(7420400,5)
(11138700,1)
(9524700,1)
(4175400,3)
(1915500,1)
(2302400,1)
(11039700,2)
(9969400,1)
(10485300,1)
(105700,57)
(9900900,1)
(2092800,10)
(2416800,1)
(6706800,4)
(4561500,2)
(11029800,1)
(8237700,1)
(4487800,1)
(8693100,1)
(2763300,8)
(442300,7)
(259700,1)
(9184500,14)
(2159400,2)
(1473000,22)
(4946800,1)
(1225500,33)
(2529300,3)
(10568100,1)
(10989400,1)
(11900,106)
(3280800,2)
(191200,59)
(723100,34)
(10736400,1)
(7949800,2)
(6886900,8)
(29000,1)
(307300,2)
(8821800,1)
(952700,16)
(5738800,2)
(4689400,1)
(10544700,1)
(3411200,1)
(10657200,1)
(1747200,1)
(10361000,1)
(9643500,1)
(9342900,2)
(110100,3)
(9386100,1)
(7580700,1)
(2510300,6)
(5586700,1)
(1350600,9)
(9059400,1)
(7825500,1)
(7174800,1)
(10975900,1)
(9653400,1)
(6414200,1)
(10430300,1)
(1033800,1)
(4135800,1)
(8293500,2)
(121900,2)
(6528600,9)
(4576900,4)
(1801100,1)
(8301500,1)
(10064000,2)
(9287100,6)
(2109900,1)
(9831600,1)
(10060400,1)
(6732900,1)
(10024400,2)
(9004400,10)
(9959500,1)
(4784800,1)
(4139400,2)
(3992800,1)
(1862400,8)
(10548300,1)
(8534700,1)
(10396200,1)
(9939700,2)
(3270900,2)
(9020600,2)
(9683100,2)
(5056500,1)
(2466300,2)
(5591100,2)
(8908200,1)
(748400,3)
(3571500,1)
(2096400,2)
(10742700,3)
(5764900,8)
(8829000,12)
(8772300,22)
(9306900,2)
(10331300,1)
(6056400,3)
(10311500,1)
(4421000,1)
(8409600,1)
(10960500,1)
(1935300,1)
(11055900,1)
(3680400,2)
(1532400,1)
(10667100,1)
(6766200,1)
(412600,3)
(9190800,2)
(8564400,1)
(9570600,1)
(1941600,1)
(3387000,54)
(1271400,8)
(6643800,3)
(9590400,1)
(9949600,1)
(6590700,6)
(571000,10)
(4723500,3)
(2160200,1)
(8841600,2)
(7623900,1)
(9970200,2)
(10584300,1)
(9504900,1)
(7430300,1)
(11049600,1)
(11091900,1)
(11222300,1)
(9273600,1)
(4472400,1)
(1971300,1)
(4155600,1)
(5378800,2)
(1478500,2)
(10819200,1)
(1955100,10)
(3505800,5)
(2842500,1)
(3586900,2)
(9311300,1)
(8904600,3)
(10570800,2)
(5618100,10)
(9995500,1)
(10815600,1)
(2278200,1)
(10237800,3)
(3150200,2)
(921100,4)
(5778400,2)
(8247600,4)
(4857700,1)
(66900,3)
(2421200,4)
(8800100,1)
(1806600,1)
(10080200,1)
(822100,1)
(10143200,2)
(6904800,1)
(6580800,1)
(6891300,1)
(10400600,1)
(9415800,1)
(2783100,5)
(1702100,1)
(9579700,1)
(1098700,2)
(4011500,1)
(5462400,1)
(10574400,1)
(5713500,1)
(6564600,2)
(6627600,2)
(3659800,8)
(6165300,1)
(10881300,1)
(4675900,1)
(8461800,1)
(1251600,1)
(11153000,1)
(2816400,3)
(1686400,1)
(551200,6)
(9326700,1)
(1385800,7)
(3189000,1)
(10678900,1)
(4290600,2)
(214600,9)
(1219200,8)
(10059600,1)
(1067100,1)
(2298000,1)
(691700,3)
(9678700,5)
(3893800,1)
(10028000,3)
(10914600,1)
(9746100,1)
(1625100,28)
(10128900,1)
(2900000,8)
(8346600,2)
(9495000,2)
(10904700,1)
(10232300,1)
(10356600,1)
(1900100,13)
(1826400,8)
(9237600,8)
(2436600,1)
(4001600,1)
(5802600,2)
(10414100,5)
(4041200,1)
(447800,8)
(2492400,2)
(6513200,10)
(9199900,1)
(8267400,1)
(733000,19)
(9194400,1)
(10321400,1)
(6653700,1)
(8914500,58)
(1712000,2)
(9085500,2)
(9886600,1)
(8663400,1)
(4521900,3)
(9293400,1)
(8410400,1)
(2753400,2)
(4936900,7)
(10617600,1)
(5763000,1)
(230800,4)
(6599800,5)
(8835300,2)
(3472500,2)
(10820000,2)
(7039800,1)
(1182300,9)
(1516200,134)
(3509400,1)
(2640900,3)
(6787900,1)
(982400,3)
(6736500,3)
(1088800,1)
(1172400,53)
(4082700,18)
(10293600,1)
(7491600,1)
(10127000,1)
(997800,1)
(9564300,2)
(5343600,1)
(9080000,3)
(10845300,1)
(7133300,2)
(9397900,1)
(9892900,1)
(3278100,4)
(1661100,1)
(7523000,1)
(789900,3)
(9055800,1)
(2812800,1)
(1727400,2)
(2836200,3)
(8574300,2)
(9706500,1)
(9920700,1)
(181300,1)
(9316800,1)
(9712800,1)
(8366400,1)
(8934300,3)
(1778800,6)
(7568100,1)
(6667200,1)
(11301500,1)
(5535300,1)
(6578100,1)
(9866800,1)
(863600,17)
(2357400,1)
(10198200,1)
(6538500,3)
(1552200,3)
(4628100,1)
(7481700,7)
(4124000,1)
(7518600,1)
(8589700,1)
(3104300,2)
(2254800,1)
(9277200,1)
(9980100,1)
(274000,4)
(10756200,1)
(5624400,2)
(2076600,4)
(8920800,3)
(4982800,1)
(4788400,1)
(10633800,1)
(7127000,2)
(7138800,2)
(8273700,2)
(8985700,1)
(2208900,5)
(8811900,2)
(10123400,1)
(5477800,28)
(10777900,1)
(7424000,1)
(125500,45)
(10410500,2)
(8439300,1)
(11060300,1)
(9871200,1)
(9029700,1)
(9550800,6)
(10376400,1)
(9580500,1)
(11024300,1)
(9049500,1)
(2299900,2)
(9217800,1)
(9420200,2)
(6819300,1)
(4367100,19)
(5758600,1)
(9451800,1)
(5620800,1)
(9742500,1)
(8928000,1)
(8637300,1)
(9471600,5)
(9099000,4)
(4571400,1)
(3035000,1)
(1646800,1)
(394700,6)
(4416600,6)
(7954200,2)
(10050500,4)
(31700,5)
(7262000,1)
(6742800,3)
(8995600,1)
(9232100,1)
(4181700,4)
(592700,5)
(2124200,2)
(8716500,1)
(3140300,1)
(7722900,1)
(8949700,1)
(3025100,1)
(3986500,2)
(3119700,1)
(3071000,2)
(10508700,1)
(8999200,4)
(3011600,3)
(9560700,1)
(10746300,4)
(8450000,1)
(9919900,1)
(8819100,1)
(9212300,2)
(9075600,1)
(10227900,3)
(10257600,1)
(1502700,8)
(8975800,8)
(9548100,1)
(2872200,24)
(7070300,9)
(228100,7)
(4529100,1)
(10263900,1)
(10886800,2)
(10287300,2)
(7839000,1)
(11018000,1)
(2082900,1)
(1783200,3)
(5234700,5)
(10469100,1)
(7293600,1)
(11287200,1)
(11188200,1)
(1324500,9)
(2045000,1)
(9449100,1)
(10020800,1)
(10222400,2)
(238000,5)
(4535400,2)
(3911700,5)
(1022000,1)
(9990000,4)
(10985800,1)
(21800,1)
(10326900,1)
(5753100,3)
(10999300,1)
(8711000,1)
(9658900,1)
(65000,31)
(9975700,1)
(358700,1)
(10164900,1)
(1842600,6)
(9382500,1)
(624100,11)
(2322200,2)
(290200,6)
(11008100,1)
(1961400,3)
(3525600,1)
(9999100,1)
(2021600,1)
(8896600,2)
(10267500,2)
(9538200,2)
(8736300,4)
(9445500,1)
(10449300,1)
(9352800,2)
(9574200,1)
(8627400,1)
(660100,10)
(4145700,1)
(1423500,2)
(9095400,1)
(368600,2)
(10612100,1)
(10928100,1)
(11123300,1)
(5748700,1)
(9461700,1)
(4510100,1)
(7331300,1)
(2051300,1)
(525100,22)
(1768900,2)
(9008000,1)
(9594000,1)
(1453200,2)
(8959600,3)
(5670300,2)
(9257400,3)
(2134100,1)
(695300,1)
(2343900,1)
(11107100,1)
(2169300,10)
(1468600,3)
(5784700,1)
(165100,1)
(422500,1)
(10594200,1)
(2377200,3)
(2893900,5)
(9188100,5)
(1235400,1)
(2114300,4)
(1122900,166)
(9835200,1)
(9113300,4)
(204700,2)
(10523000,1)
(5665900,1)
(337000,1)
(2317800,2)
(9253800,1)
(8039700,1)
(10479000,1)
(956300,14)
(4581300,1)
(4333800,2)
(2648100,1)
(7049700,4)
(966200,3)
(3897400,3)
(8810000,1)
(5412900,1)
(8590500,1)
(5347200,1)
(5911500,52)
(7455600,3)
(738500,6)
(8881200,1)
(10030700,1)
(10554600,1)
(11263800,2)
(6632000,7)
(9633600,1)
(11054000,1)
(9800000,1)
(10439400,1)
(4119600,1)
(2411300,2)
(6865200,1)
(898800,3)
(5733300,4)
(10089300,1)
(10599700,1)
(620500,276)
(10262000,1)
(10716600,2)
(9876700,1)
(8607600,2)
(9607500,1)
(10693200,1)
(2307900,1)
(10653600,1)
(2654400,2)
(8970300,7)
(8425800,1)
(2288100,3)
(9366300,1)
(76800,3)
(7459200,1)
(41600,14)
(9044000,2)
(5505600,2)
(9419400,2)
(11202500,1)
(9801900,1)
(100200,10)
(8430200,1)
(3640800,1)
(8297100,1)
(10924500,1)
(8871300,2)
(6809400,1)
(2520200,10)
(4935000,49)
(4299700,1)
(3264600,1)
(1037400,2)
(11089200,1)
(946400,13)
(11075700,1)
(1583800,1)
(9202400,1)
(8548200,1)
(10029900,1)
(9929800,1)
(9331100,7)
(9243900,2)
(9396000,1)
(1676500,1)
(9503000,2)
(857300,64)
(10766100,1)
(4575000,1)
(9855000,1)
(7782300,3)
(4971000,2)
(9108900,1)
(3307800,2)
(10429500,1)
(303700,5)
(3284400,42)
(11133200,1)
(9376200,1)
(8756100,1)
(9435600,1)
(5436300,1)
(10049700,2)
(1867900,1)
(3486000,3)
(6731000,1)
(6602300,2)
(9668800,1)
(6825600,1)
(343300,4)
(3268200,4)
(3510200,1)
(11227800,1)
(7366500,2)
(10524900,1)
(649400,1)
(8305100,3)
(402700,33)
(8865000,2)
(670000,7)
(8315000,1)
(5669500,1)
(561100,1)
(3031400,4)
(10722900,1)
(8797600,1)
(1116600,1)
(11118900,1)
(10113500,1)
(9009900,1)
(86700,18)
(7574400,1)
(6570900,4)
(4159200,2)
(9698500,2)
(6928200,2)
(19100,4)
(2280900,1)
(9904500,1)
(4401200,1)
(1375900,6)
(6776100,1)
(7326900,1)
(8726400,1)
(2332100,6)
(8954100,15)
(11311400,1)
(1229100,24)
(2919000,2)
(11020700,1)
(5467900,6)
(1846200,12)
(10455600,1)
(9138600,1)
(10752600,1)
(9787600,1)
(3120500,2)
(10420400,1)
(3327600,2)
(4076400,2)
(10202600,1)
(4383300,1)
(10034300,1)
(8990100,1)
(8617500,1)
(10000,36)
(8746200,1)
(11090000,1)
(9123200,1)
(8845200,2)
(4130300,1)
(10247700,1)
(8683200,5)
(10949800,1)
(10004600,1)
(5521800,1)
(9485100,1)
(11065800,1)
(10065900,1)
(11059500,1)
(10534800,2)
(2066700,1)
(2674200,6)
(3377100,23)
(7944300,1)
(4996300,7)
(10918200,1)
(10677000,1)
(8263800,2)
(5654100,1)
(10871400,1)
(10663500,2)
(35300,5)
(10090100,4)
(10315100,2)
(9128700,4)
(1314600,20)
(9065700,1)
(9544500,1)
(8969500,1)
(1162500,1)
(4680300,5)
(10580700,1)
(9930600,1)
(1919100,2)
(4021400,1)
(1197700,2)
(3416700,13)
(1910000,1)
(3160100,3)
(4956700,1)
(10513100,1)
(4208700,1)
(10995700,1)
(8891100,2)
(7590600,1)
(9298900,1)
(6698800,1)
(9924300,1)
(2476200,13)
(7810100,1)
(8569900,1)
(4727100,2)
(7376400,1)
(9603900,2)
(9914400,1)
(9954000,1)
(8766000,2)
(2717400,1)
(8924400,11)
(8414000,1)
(4624500,2)
(713200,7)
(11247600,1)
(6716700,1)
(11293500,1)
(9429300,1)
(2035100,2)
(986000,12)
(3406800,1)
(239900,22)
(11019900,1)
(9034100,2)
(10450100,1)
(8831700,13)
(3529200,3)
(2497900,7)
(1737300,1)
(2441000,12)
(893300,13)
(1494700,3)
(11040500,1)
(8277300,1)
(4976500,1)
(10579900,1)
(8404100,1)
(604300,18)
(10560900,1)
(2191800,1)
(7392600,2)
(7311500,2)
(9595900,2)
(295700,7)
(7054100,1)
(3248400,2)
(4238400,2)
(10503200,1)
(487400,28)
(2086500,1)
(452200,92)
(244300,1)
(2139600,1)
(1221900,18)
(8950500,8)
(9599500,1)
(6584400,37)
(1929000,1)
(8351000,1)
(9736200,2)
(10701200,1)
(7637400,1)
(10382700,1)
(1757100,3)
(9242000,1)
(119200,2)
(3234900,16)
(9991900,1)
(703300,8)
(7060400,1)
(10362900,4)
(1773300,2)
(10445700,2)
(6503300,2)
(2986600,2)
(3238500,3)
(1484800,8)
(9732600,1)
(9861300,1)
(992300,28)
(6262100,5)
(1380300,7)
(3051200,1)
(6523100,1)
(11315000,1)
(11237700,1)
(9558000,1)
(10404200,1)
(8372700,3)
(8918100,1)
(1156200,1)
(1656700,4)
(10168500,1)
(9227700,3)
(9168300,1)
(10460000,1)
(4224900,2)
(7570800,1)
(9944100,1)
(10721000,1)
(744800,72)
(9688600,1)
(2901900,1)
(5905200,9)
(8602100,1)
(2628300,1)
(10103600,1)
(9528300,2)
(1370400,1)
(3109800,2)
(275900,2)
(9491400,1)
(8613900,1)
(10188300,1)
(10782300,1)
(8099100,1)
(9757900,1)
(10622000,1)
(61400,4)
(3541800,1)
(2383500,2)
(6940800,2)
(11232200,1)
(2500400,2)
(4852200,1)
(8792100,1)
(10419600,1)
(10153100,1)
(6568200,1)
(9881100,1)
(6721100,2)
(6934500,1)
(8475300,4)
(10014500,1)
(9772200,2)
(7469100,1)
(2189100,3)
(1636900,1)
(1866000,3)
(2005400,1)
(582800,2)
(1281300,26)
(9811800,1)
(1231800,15)
(4497700,4)
(1166100,1)
(2826300,2)
(6693300,5)
(7103600,1)
(4897300,1)
(91100,211)
(9346500,7)
(9404000,1)
(398300,7)
(6815700,2)
(3373500,1)
(10107200,1)
(5388700,1)
(9496900,3)
(9143000,1)
(10212500,1)
(7372800,1)
(11095500,1)
(3561600,9)
(10070300,1)
(6944400,2)
(9701000,5)
(11305100,1)
(10865100,1)
(9091800,1)
(10392600,1)
(7440200,1)
(7123400,1)
(7287300,3)
(11277300,1)
(8960400,9)
(4660500,1)
(4992700,1)
(10589800,2)
(10518600,2)
(5966500,1)
(9019800,1)
(8174700,2)
(9089100,7)
(4406700,3)
(11242100,1)
(6792300,8)
(4867600,9)
(8469000,1)
(9362700,1)
(4630800,2)
(8929900,3)
(1798600,1)
(3581400,1)
(11158500,1)
(4509300,1)
(10776000,1)
(9263700,1)
(9782100,1)
(10637400,1)
(45200,1)
(11044100,1)
(2966800,1)
(9410300,1)
(10471800,3)
(1812900,4)
(9584100,1)
(2140400,1)
(10117100,1)
(1788700,1)
(1587400,5)
(9792000,1)
(5806200,13)
(2203400,2)
(7095600,2)
(3456300,1)
(55100,46)
(285800,4)
(7594200,2)
(9040400,1)
(1965000,1)
(7475400,1)
(4149300,1)
(10627500,1)
(115600,107)
(9534600,1)
(10305200,1)
(8100,14)
(6797800,1)
(7034300,2)
(11004500,1)
(8886700,2)
(7263900,2)
(10797700,1)
(1239000,13)
(8550900,1)
(7297200,1)
(2618400,5)
(5363400,1)
(5456100,1)
(8787700,18)
(2658000,30)
(8989300,15)
(8400500,4)
(6861600,4)
(7425900,7)
(7578000,1)
(9045900,1)
(11070200,1)
(10538400,1)
(5883700,1)
(9475200,1)
(4258200,1)
(681800,25)
(932900,35)
(11085600,1)
(9767800,1)
(4515600,8)
(4690200,1)
(7404200,1)
(10839000,1)
(1027500,8)
(10409700,1)
(10607700,1)
(9918000,1)
(5497600,6)
(7622000,1)
(3585000,1)
(6820100,4)
(10896700,1)
(234400,14)
(9797500,1)
(1448800,19)
(6518700,10)
(10273800,1)
(614200,11)
(3684000,2)
(10891200,1)
(10908300,1)
(2882100,1)
(619700,9)
(2976700,2)
(9372600,6)
(3169200,1)
(406300,10)
(4836000,61)
(5515500,3)
(7113500,1)
(2822700,1)
(5972800,3)
(6139200,1)
(2981100,1)
(9726300,1)
(8964000,1)
(6637500,7)
(1308300,1)
(1360500,1)
(1909200,25)
(10673400,1)
(2110700,1)
(2596900,2)
(11014400,1)
(3233000,2)
(9014300,7)
(4191600,5)
(9439200,13)
(9955900,8)
(4388800,4)
(7059600,1)
(2274600,1)
(9283500,1)
(10762500,1)
(10178400,1)
(3551700,1)
(279500,2)
(10683300,1)
(9441900,3)
(5822400,1)
(10772400,2)
(1981200,1)
(10990200,1)
(5525400,1)
(10974000,1)
(9440000,1)
(10491600,1)
(7044200,1)
(8980200,2)
(9133100,11)
(10825500,1)
(1328100,2)
(11113400,2)
(8316900,2)
(9481500,1)
(6711200,1)
(4411100,4)
(96600,77)
(4179000,10)
(1093200,1)
(1577500,18)
(4264500,1)
(10018100,1)
(7107200,2)
(511600,1)
(8809200,56)
(5867500,2)
(9430100,1)
(9617400,1)
(3935100,1)
(5411000,1)
(10643700,1)
(1682800,18)
(9207900,1)
(264100,3)
(546800,38)
(9000800,1)
(1265100,2)
(8643600,1)
(8451900,1)
(2897500,4)
(224500,6)
(10481700,1)
(6688900,1)
(10920900,1)
(2046900,1)
(6805800,1)
(9891000,1)
(9602000,1)
(3274500,1)
(5492100,1)
(2363700,2)
(6855300,1)
(249800,1)
(10564500,1)
(3357300,1)
(129100,1)
(10938000,1)
(11010800,2)
(10940700,1)
(3021500,1)
(4476000,7)
(9178200,1)
(8362800,6)
(280300,1)
(6896800,2)
(9809100,5)
(7938000,8)
(10558200,1)
(135400,127)
(4025000,1)
(788000,1)
(9940500,3)
(3096300,2)
(353200,2)
(10346700,1)
(5511900,2)
(4500,22)
(7321400,1)
(7617600,1)
(4218600,1)
(679100,2)
(10979500,1)
(9851400,1)
(2398900,1)
(6701300,2)
(10787800,1)
(4862100,1)
(11217900,1)
(8930700,4)
(2660700,2)
(3185400,1)
(8851500,3)
(8560800,1)
(9819000,2)
(6762600,1)
(10008200,2)
(10959700,1)
(9825300,1)
(5707200,2)
(7099200,3)
(4120400,1)
(10475400,1)
(11117000,1)
(378500,40)
(9069300,4)
(4986400,4)
(9569800,2)
(8544600,1)
(10461900,1)
(6612200,1)
(3223100,1)
(1911900,1)
(5798200,1)
(5941200,1)
(7414100,1)
(10732800,1)
(5472300,1)
(3515700,1)
(9297000,2)
(155200,3)
(9722700,14)
(7950600,1)
(10226000,2)
(6589900,8)
(9267300,1)
(9841500,1)
(10252100,1)
(3322100,28)
(1047300,1)
(6786000,5)
(8767900,98)
(5561400,3)
(9554400,1)
(10242200,1)
(9589600,1)
(1951500,66)
(3175500,7)
(9081900,3)
(10138800,3)
(1073400,45)
(3555300,3)
(3549000,1)
(8392500,3)
(8815500,1)
(9793900,1)
(10939900,1)
(10800200,1)
(4129500,1)
(9716400,4)
(4160000,1)
(1192200,1)
(6829200,3)
(388400,2)
(2056800,1)
(10440200,1)
(7886800,2)
(2684100,1)
(9989200,2)
(5551500,1)
(2031500,1)
(2713800,9)
(1354200,1)
(10980300,1)
(2011700,1)
(2921700,2)
(9305000,1)
(2608500,2)
(6195000,1)
(7117100,1)
(10954200,1)
(2185500,1)
(10133300,1)
(6534900,4)
(11069400,1)
(7657200,1)
(1733700,2)
(4268100,1)
(1210100,2)
(4905300,16)
(7069500,1)
(3353700,34)
(1437000,4)
(3299800,2)
(9247500,1)
(2218800,1)
(8979400,1)
(8876800,12)
(2108000,7)
(1506300,20)
(7918200,1)
(4323900,1)
(1562100,1)
(2955000,20)
(8356500,1)
(7396200,1)
(2170100,2)
(3149400,1)
(9356400,1)
(4713600,1)
(10184700,1)
(1177900,15)
(7419600,3)
(2650800,17)
(6558300,13)
(10647300,1)
(10054100,1)
(1427100,116)
(10372800,1)
(10297200,1)
(7382700,5)
(1413600,2)
(8653500,3)
(7065900,2)
(11267400,1)
(9702900,1)
(3114200,9)
(6633900,3)
(718700,1)
(10841700,1)
(1012100,68)
(7336800,3)
(2624700,6)
(3482400,1)
(10163000,1)
(2539200,4)
(5062800,1)
(10206200,2)
(9845100,1)
(9979300,2)
(9222200,2)
(10805700,1)
(2707500,1)
(3654300,2)
(10855200,1)
(8341100,1)
(10465500,1)
(9540900,1)
(7158600,1)
(8253900,1)
(5500100,4)
(8825400,1)
(10706700,1)
(7445700,1)
(7560900,1)
(11148600,1)
(9752400,1)
(25400,1)
(9400400,1)
(10944300,1)
(8940600,1)
(2659900,9)
(7409700,2)
(8311400,1)
(5962900,4)
(7495200,1)
(1369600,1)
(2695900,1)
(9158400,2)
(3905400,11)
(10148700,1)
(10726500,1)
(4565100,4)
(7325000,1)
(1379500,1)
(2603000,2)
(11206100,1)
