(4935700,1)
(4575700,1)
(5732100,3)
(4174200,13)
(1944000,4)
(436700,1)
(9970900,2)
(5263200,1)
(8840400,9)
(3189700,1)
(1082100,4)
(9272400,2)
(3411900,5)
(1358500,2)
(9568600,2)
(7292400,1)
(4441500,1)
(2040200,886)
(9889000,1)
(10226700,1)
(3387700,16)
(6588700,3)
(11153700,1)
(9438000,1)
(7440900,1)
(2435400,3)
(199100,34)
(9089800,1)
(3585700,3)
(9420900,1)
(8459800,1)
(6507600,4)
(11211200,1)
(1929700,6)
(2124900,3)
(9948400,2)
(4862800,5)
(1417900,1)
(8988100,5)
(332200,1)
(5520600,1)
(4140900,1)
(10602900,1)
(4787200,1)
(8895400,2)
(1515000,45)
(1777600,4)
(7818000,6)
(2950200,1)
(8999900,1)
(2787400,3)
(6709200,1)
(9830400,1)
(10266300,1)
(10622700,1)
(4904100,8)
(5362200,2)
(69300,62)
(1639300,2)
(3154500,1)
(4085100,1)
(288200,9)
(1457500,1)
(1669000,5)
(2663100,1)
(1176700,2)
(472700,10)
(6913500,9)
(2425500,1)
(89100,18)
(9331800,1)
(10984600,1)
(11300300,1)
(8735100,1)
(2179900,2)
(10310300,1)
(9994300,1)
(10137600,5)
(6917100,9)
(7028700,3)
(2346300,1)
(921800,5)
(1022700,6)
(2075400,1)
(9923100,3)
(559100,56)
(9201200,2)
(10889200,1)
(9450600,2)
(9495700,1)
(8563200,1)
(10028700,1)
(1026300,5)
(6933300,3)
(6927000,1)
(10700,11)
(9543300,1)
(4722300,11)
(919100,1)
(10632600,1)
(11117700,1)
(2486800,8)
(10167300,1)
(10206900,1)
(10824300,1)
(10319400,1)
(4306500,1)
(9048300,1)
(4678300,2)
(9711600,3)
(9222900,1)
(8320100,3)
(1186600,24)
(8928700,3)
(10351800,1)
(11068200,1)
(4387600,2)
(10829800,1)
(3528000,2)
(5589100,1)
(4991500,1)
(8859400,1)
(4965400,2)
(4194000,8)
(5466700,4)
(2184300,1)
(10007000,1)
(4150800,2)
(10448100,1)
(11018700,1)
(2288800,19)
(7503900,1)
(10588600,1)
(11023100,1)
(8329200,1)
(1303500,1)
(9840300,2)
(10216800,1)
(9371400,4)
(11127600,1)
(3935800,1)
(951500,89)
(110800,4)
(4852900,1)
(6687700,9)
(8226600,1)
(1572700,1)
(6890100,4)
(10692000,1)
(10657900,1)
(4071600,10)
(8745000,2)
(5020100,1)
(3435300,1)
(10933200,1)
(8944900,1)
(2481300,1)
(5415300,1)
(8375100,1)
(2316600,2)
(4190400,42)
(476300,1)
(2607300,2)
(9761100,5)
(10084500,1)
(2476900,1)
(11221100,1)
(9697300,1)
(1052400,1)
(674300,17)
(10286100,1)
(5613300,3)
(10033100,1)
(1208100,2)
(4797100,1)
(9715200,1)
(10102400,1)
(3504600,27)
(3174300,1)
(5247000,3)
(8903400,1)
(9503700,1)
(2981800,4)
(243100,11)
(9517200,1)
(6828000,3)
(9662100,1)
(2332800,1)
(1166800,15)
(4955500,2)
(10474200,2)
(8341800,1)
(8305800,1)
(155900,13)
(4195900,10)
(3565900,1)
(397100,119)
(290900,2)
(3170700,3)
(10786600,1)
(9632400,1)
(2518200,1)
(10885600,1)
(10018800,1)
(11177100,2)
(5049000,2)
(6296100,1)
(4831200,5)
(10414800,1)
(65700,6)
(5015700,1)
(6517500,1)
(129800,17)
(10820700,1)
(4961800,3)
(670700,3)
(11088000,1)
(9598300,2)
(9008700,2)
(9984400,1)
(4184100,1)
(6725400,1)
(6761400,2)
(1904400,1)
(8943000,4)
(9143700,6)
(10954900,1)
(7064700,1)
(11099800,1)
(2595700,55)
(9938500,1)
(7098000,5)
(8879200,3)
(393500,1)
(10834200,1)
(6729000,1)
(2336400,2)
(6583200,1)
(3678400,1)
(10731600,1)
(150400,8)
(8860200,25)
(9153600,2)
(8948500,15)
(11133900,1)
(2797300,3)
(10850400,1)
(3471300,3)
(9430800,1)
(11044800,1)
(11226600,1)
(2866600,3)
(9538900,2)
(10418400,1)
(11078100,1)
(7058400,1)
(2811600,4781)
(10408500,1)
(9814200,1)
(3930300,1)
(9094200,33)
(3217500,2)
(7414800,2)
(3118500,2)
(7122200,1)
(2892700,1)
(5409000,1)
(9776500,1)
(2716200,7)
(8990800,2)
(9454200,2)
(9999800,2)
(9320000,2)
(9980800,1)
(9978100,1)
(1757800,13)
(10371600,1)
(8869300,19)
(11132000,1)
(11147400,1)
(91800,14)
(897600,1)
(2174400,5)
(2061900,1)
(4451400,11)
(10918900,1)
(3015900,4)
(4836700,1)
(3160800,11)
(2247300,4)
(5945500,1)
(10583100,1)
(6810900,1)
(441100,19)
(9746800,1)
(7418400,2)
(8756800,2)
(10808100,1)
(5579200,1)
(10434600,1)
(1390900,25)
(1348600,9)
(1566400,1)
(11003300,1)
(4940100,7)
(8622600,1)
(614900,1)
(9721500,1)
(3431700,1)
(10309500,1)
(5035500,1)
(9305700,1)
(7033100,6)
(2772000,4)
(5618800,1)
(8365200,3)
(2694700,1)
(2455200,1)
(3549700,3)
(9903300,1)
(3377800,2)
(10044900,2)
(9958300,1)
(8998000,6)
(175700,1)
(2144700,4)
(9990700,1)
(900100,1)
(10964800,1)
(2321000,16)
(1521300,8)
(6820800,1)
(1746000,2)
(8968300,1)
(6710000,1)
(10106000,1)
(8865700,3)
(4793500,1)
(10735200,1)
(2465100,1)
(2253600,19)
(1291900,87)
(550000,14)
(9705300,2)
(2736000,1)
(10626300,1)
(3544200,3)
(1930500,2)
(10513800,1)
(6796600,1)
(9355200,1)
(9637900,1)
(4524300,1)
(5580000,2)
(7132100,7)
(9329100,1)
(9622500,1)
(3900600,9)
(9428100,1)
(7814400,1)
(9989900,1)
(1659100,1)
(1600500,1)
(525800,277)
(10469800,1)
(5949100,4)
(1229800,9)
(1161300,13)
(1290000,75)
(4727800,1)
(3569500,1)
(4456900,1)
(3914100,6)
(5712300,13)
(10335600,1)
(2439000,1)
(10502000,1)
(6692100,5)
(747200,10)
(9673900,2)
(4075200,7)
(535700,9)
(10099900,2)
(9206700,1)
(3332700,11)
(4816900,2)
(1797400,1)
(9523500,1)
(11112200,1)
(9310100,1)
(10494000,1)
(5939200,1)
(4108500,4)
(5029200,3)
(10800900,1)
(595100,3)
(5904000,1)
(6533700,10)
(8319300,1)
(1630200,1)
(4876300,4)
(9236400,1)
(2939500,12)
(6513900,1)
(10756900,1)
(415000,2)
(10791000,1)
(5852800,1)
(2243700,1)
(1313400,15)
(1388200,89)
(10094400,1)
(10656000,1)
(8543400,1)
(9242700,3)
(2164500,4)
(3910500,1)
(9860100,1)
(10361700,1)
(278300,1)
(3336300,1)
(2035800,3)
(1526800,1)
(10107900,2)
(9449800,1)
(19800,98)
(7272600,3)
(4243500,3)
(4518000,1)
(569000,114)
(11183400,1)
(4169800,3)
(9147300,5)
(4362300,1)
(6636300,2)
(8850300,1)
(5357800,1)
(14300,106)
(8913300,20)
(10122200,6)
(9173400,1)
(9112100,1)
(1955800,1)
(7297900,1)
(9824100,1)
(9870000,1)
(10700000,1)
(10705500,1)
(8870100,1)
(7819900,1)
(7792900,2)
(8276100,1)
(10880100,1)
(10003400,1)
(9855700,1)
(4975300,2)
(2955700,1)
(6907200,4)
(80000,54)
(603100,1)
(11309400,1)
(7616400,1)
(10297900,1)
(669900,3)
(1920600,8)
(5896000,84)
(9934900,1)
(11080800,1)
(2524500,3)
(10396900,1)
(10187100,1)
(9602700,1)
(10074600,3)
(581600,1)
(2257200,12)
(10761300,1)
(10365300,1)
(9548800,1)
(5797000,1)
(10593000,1)
(10719000,1)
(9107700,3)
(2471400,1)
(10804500,1)
(10173600,1)
(8715300,2)
(3237300,61)
(10098000,1)
(10974700,1)
(5560200,1)
(10211300,1)
(4010300,1)
(10320200,1)
(2055600,2)
(4061700,1)
(6601100,12)
(2451600,1)
(6606600,7)
(11048400,1)
(9335400,1)
(2742300,2)
(264800,7)
(10766800,1)
(3316500,1)
(4134600,1)
(981200,4)
(9198700,1)
(9616200,1)
(5658400,1)
(1742400,4)
(6735300,1)
(405100,6)
(9090600,2)
(9292200,1)
(3886300,46)
(9277900,1)
(5510700,3)
(6568900,2)
(9309300,1)
(1412400,1)
(3939400,1)
(9078000,1)
(965000,2)
(2065500,1)
(2397700,2)
(8537100,3)
(10616400,1)
(6567000,1)
(11193300,1)
(8297800,1)
(10594900,1)
(8345400,2)
(9594700,1)
(10038600,1)
(4712400,2)
(5897900,1)
(377300,2)
(2627100,1)
(7480500,1)
(10330100,2)
(7252800,1)
(10325700,1)
(8454300,1)
(10928800,1)
(8814300,1)
(1171200,10)
(2633400,3)
(9736900,2)
(1716300,1)
(5805000,9)
(8810700,1)
(10533600,1)
(915500,1)
(5985100,1)
(10381500,1)
(510400,2)
(11236500,1)
(411400,3)
(9626100,1)
(2421900,2)
(8974600,14)
(11054700,1)
(679800,121)
(10242900,1)
(9444300,1)
(4949200,1)
(8584900,1)
(10444500,1)
(10598500,1)
(5482900,1)
(826400,2)
(2322900,1)
(9834000,1)
(11188900,1)
(207100,1)
(4851000,1)
(11256300,1)
(1432200,5)
(7424700,2)
(9865600,1)
(7282500,2)
(10859500,1)
(10495900,1)
(1006500,9)
(1625800,1)
(10553400,1)
(4702500,1)
(85500,26)
(8994400,1)
(4283100,2)
(1299100,10)
(7142000,1)
(9588400,1)
(1609600,1)
(5585500,3)
(9553200,2)
(9820500,1)
(10276200,2)
(4856500,1)
(11034900,1)
(6578800,2)
(783200,2)
(4668400,2)
(2684800,7)
(11038500,1)
(3524400,1)
(144100,5)
(6860400,5)
(8335500,1)
(8834100,2)
(644600,1)
(9070800,1)
(7054800,3)
(4959100,10)
(4684600,1)
(931700,43)
(466400,2)
(9513600,1)
(10470600,1)
(4461300,2)
(654500,2)
(9193200,2)
(10907100,1)
(6830700,1)
(9408300,2)
(11206800,1)
(2653200,1)
(2180700,1)
(1620300,1)
(9064500,1)
(8725200,2)
(9869200,1)
(7448100,1)
(4411800,23)
(10147500,1)
(7502000,4)
(1640100,1)
(1671700,1)
(8349000,1)
(3346200,4)
(8450700,1)
(8908900,8)
(10517400,1)
(2311100,2)
(9652200,1)
(4377700,2)
(9246300,1)
(9573000,1)
(4534200,1)
(1695100,1)
(10127700,1)
(9440700,3)
(154000,12)
(9657700,1)
(9221000,1)
(8693800,1)
(9782800,2)
(9527100,1)
(1155000,4)
(10090800,1)
(1995400,1)
(9038400,8)
(9117600,18)
(9475900,2)
(10404900,1)
(9460500,1)
(2969200,1)
(8460600,3)
(8766700,468)
(4530600,3)
(3030200,1)
(10395000,1)
(9693700,2)
(8938600,1)
(3362400,10)
(9178900,1)
(7438200,1)
(10652400,2)
(571700,7)
(9829600,1)
(5951800,4)
(10527300,1)
(9188800,1)
(1318900,8)
(10252800,2)
(165800,1)
(4939300,3)
(4579300,1)
(1109100,1)
(8252700,1)
(648200,7)
(1467400,3)
(2060000,6)
(11167200,2)
(9558700,1)
(991100,25)
(4520700,1)
(1453900,1)
(5476600,5)
(11232900,1)
(7636200,2)
(7495900,1)
(10870200,1)
(6700100,9)
(773300,5)
(1343100,1)
(5826700,1)
(3134700,1)
(1307100,10)
(2029500,1)
(213400,2)
(3415500,2)
(10667800,1)
(9058200,1)
(4400000,2)
(514000,168)
(3514500,1)
(9276000,1)
(1614000,18)
(6771300,3)
(8881900,31)
(6885700,3)
(10231100,1)
(9183300,3)
(10499500,1)
(10537200,1)
(40400,51)
(1809000,4)
(10573200,1)
(2825100,70)
(10440900,1)
(2815200,1)
(9325500,1)
(8606400,2)
(6834300,1)
(10839700,1)
(7068300,5)
(9913200,1)
(1016400,1)
(1353000,4)
(3071700,1)
(4128300,1)
(11090700,1)
(6154200,1)
(5806900,1)
(7470600,1)
(549200,1)
(9891700,2)
(8923200,1)
(9499300,1)
(9381300,1)
(9964600,1)
(3114900,1)
(2949400,1)
(79200,4)
(1224300,5)
(8782900,2)
(7450800,1)
(4158000,2)
(6632700,1)
(8246400,3)
(1882900,2)
(4638700,2)
(7499500,1)
(1214400,12)
(1681600,8)
(10490400,1)
(9672000,1)
(8741400,2)
(10601000,1)
(10612800,2)
(1845000,52)
(6557100,7)
(9859300,1)
(2095200,3)
(10507500,1)
(4041900,2)
(11287900,1)
(59400,2)
(7106000,6)
(3595600,22)
(4312800,5)
(10048500,1)
(668000,33)
(9667600,1)
(8804400,14)
(8424600,1)
(1487200,1)
(2959300,1)
(11028600,1)
(1062300,39)
(10917000,1)
(5081400,1)
(2599300,1)
(4382100,3)
(3065400,8)
(1001000,1)
(2520900,1)
(10563300,1)
(1416000,9)
(6755100,1)
(2965600,1)
(4892500,5)
(1722600,16)
(6889300,2)
(2534400,8)
(4000400,6)
(1156900,11)
(1541100,9)
(2170800,2)
(2461500,1)
(9102200,1)
(10988200,1)
(7880100,1)
(10177200,1)
(5372100,1)
(10341900,1)
(8844000,25)
(5801400,7)
(2415600,1)
(7330100,1)
(530200,13)
(1218000,2)
(2326500,2)
(4180500,4)
(11143800,1)
(1909900,52)
(9232800,5)
(8705400,1)
(10143900,1)
(7102400,1)
(5383900,1)
(9028500,1)
(10771200,1)
(3356100,1)
(10978300,1)
(456500,69)
(11201300,1)
(55800,369)
(1805400,1)
(7458000,1)
(10891900,1)
(1483600,7)
(9563100,1)
(1712700,1)
(10899100,1)
(9099700,2)
(3293100,4)
(342100,243)
(9474000,1)
(10895500,1)
(8933100,1)
(9642300,1)
(5892400,1)
(11013200,1)
(9988000,1)
(2366100,1)
(11231000,1)
(258500,7)
(44000,28)
(1323300,4)
(3929500,1)
(9875500,1)
(8796400,2)
(8855800,2)
(3061800,17)
(1240500,1)
(6804600,2)
(11242800,1)
(5000300,2)
(3451500,1)
(3554100,1)
(6484200,1)
(11163600,1)
(9485800,1)
(9376900,2)
(2678500,2)
(1866700,4)
(1497100,5)
(9315600,1)
(2882800,25)
(10725300,1)
(9786400,1)
(1821600,6)
(10662300,1)
(9167100,1)
(1975600,15)
(3288700,2)
(8845900,1)
(10355400,1)
(4213800,2)
(5763700,1)
(8330000,1)
(11272500,1)
(10450800,1)
(3496600,1)
(565400,18)
(5674600,1)
(7371600,1)
(1881000,1)
(10568800,1)
(7594900,2)
(7583100,1)
(6781200,1)
(5332500,1)
(10697500,2)
(3029400,2)
(9365100,2)
(7262700,5)
(3108600,2)
(2538000,9)
(6859600,6)
(9584800,1)
(5316300,1)
(634700,12)
(9928600,1)
(3455100,1)
(9908800,1)
(9163500,1)
(3904200,1)
(10272600,1)
(4025700,5)
(638300,20)
(955100,1)
(7459900,1)
(1042500,10)
(3392100,27)
(9636000,1)
(10998100,1)
(7296000,1)
(1900800,4)
(10523700,1)
(3920400,3)
(5377600,1)
(1861200,2)
(387200,1)
(8808000,1)
(1378300,2)
(9968200,4)
(4706100,1)
(8636100,1)
(10345500,1)
(7786600,1)
(961400,3)
(1685200,1)
(9683800,2)
(4565800,1)
(10023200,1)
(11157300,1)
(2081700,2)
(10819900,1)
(2559700,7)
(1220700,1)
(4144500,4)
(10221200,1)
(4664800,1)
(1661800,1)
(10503900,1)
(3268900,2)
(11310200,1)
(9345300,1)
(4051800,1)
(284600,11)
(482600,5)
(1141500,16)
(11286000,1)
(3019500,1)
(793100,1)
(4114800,13)
(2530800,9)
(10687600,1)
(9013100,2)
(11216700,1)
(7735200,1)
(9122000,4)
(737300,14)
(9439900,2)
(1115400,1)
(9282300,10)
(8776600,9)
(1384600,1)
(10198900,1)
(5336100,1)
(45900,1)
(5747500,1)
(10547100,1)
(294500,1)
(7537200,1)
(8300300,1)
(2128500,18)
(1896400,7)
(1032600,2)
(10818000,1)
(3202100,1)
(9839500,2)
(4628800,1)
(11282400,1)
(2071800,3)
(3247200,4)
(3540600,1)
(591500,3)
(6765000,1)
(2975500,1)
(3397600,2)
(1437700,4)
(1960200,1)
(4821300,1)
(8470500,1)
(9792700,1)
(9137400,1)
(6864000,2)
(4529800,1)
(10459900,1)
(4805100,1)
(6573300,3)
(9766600,1)
(2960100,29)
(1706400,9)
(10460700,1)
(1191000,11)
(9578500,1)
(2638900,2)
(11102300,1)
(3039300,2)
(3559600,2)
(10709100,1)
(1239700,60)
(1354900,9)
(8602800,4)
(3623400,1)
(10329300,1)
(2376000,1)
(11262600,1)
(6731700,1)
(8820600,1)
(1702800,1)
(10375200,1)
(7048500,1)
(7657900,1)
(4539700,1)
(3283200,22)
(8464200,1)
(9819700,1)
(1505100,152)
(9470400,1)
(8479600,1)
(2431800,2)
(8558800,1)
(3445200,1)
(10701900,1)
(9084300,2)
(8448000,1)
(6928900,1)
(10068300,1)
(7173600,5)
(2283300,3)
(2904300,1)
(660800,1)
(9751200,2)
(203500,18)
(6711900,1)
(10792900,1)
(664400,2)
(1965700,3)
(9507300,2)
(8885500,1)
(624800,2)
(11187000,1)
(9835900,1)
(10606500,1)
(1333200,8)
(3227400,1)
(8385000,1)
(6814500,2)
(9386800,1)
(9612600,8)
(10721700,1)
(887700,12)
(3787300,1)
(935300,459)
(185600,1)
(10043000,3)
(5456800,1)
(6616500,1)
(2637000,1)
(4207500,4)
(7454400,3)
(10741500,2)
(10479700,2)
(9809800,1)
(119900,11)
(10153800,1)
(2273400,12)
(9079900,1)
(10304000,1)
(8907000,3)
(9287800,1)
(10305900,1)
(10205000,2)
(3995200,1)
(10489600,1)
(11107800,1)
(7315800,1)
(1950300,3)
(4690900,27)
(5910300,1)
(9895300,1)
(10424700,1)
(4514400,1)
(2783800,58)
(4909600,24)
(10391400,1)
(1536700,2)
(3138300,2)
(8954800,1)
(7143900,1)
(9741300,3)
(5707900,5)
(9300200,1)
(11008800,1)
(551900,1)
(628400,134)
(7612800,1)
(2079000,6)
(8899000,2)
(9735000,1)
(3919600,1)
(8978200,5)
(10865800,1)
(4555900,1)
(8958400,2)
(1991800,1)
(1610400,1)
(1501500,1)
(10428300,1)
(8781000,50)
(1200900,14)
(3342600,5)
(3529900,1)
(690500,3)
(4737700,2)
(4544100,1)
(3223800,1)
(5773600,1)
(8809900,150)
(8891800,1)
(8829700,2)
(7563300,1)
(10781100,1)
(8984500,8)
(10157400,4)
(8391300,4)
(3409200,8)
(1249600,1)
(3091500,83)
(10751400,2)
(5534100,1)
(9003200,1)
(1675300,2)
(6622800,1)
(1846900,64)
(3150900,3)
(585200,5)
(20600,27)
(9024900,1)
(1036200,1)
(10349100,1)
(8918800,3)
(1604100,19)
(9424500,2)
(9687400,1)
(2441700,3)
(10142000,2)
(10197000,1)
(10855900,1)
(2658700,3)
(3508200,4)
(6721800,2)
(253000,8)
(10693900,1)
(1511400,3)
(10454400,1)
(8839600,5)
(1939600,3)
(7990900,1)
(3481200,3)
(1629400,12)
(8553300,1)
(5352300,1)
(10849600,2)
(3009600,23)
(9850200,1)
(238700,41)
(10282500,1)
(5886100,1)
(9123900,2)
(233200,11)
(6626400,1)
(1427800,17)
(5699900,1)
(778800,2)
(4189600,10)
(9418200,2)
(10860300,1)
(10840500,1)
(3580200,1)
(149600,1151)
(6776800,1)
(8875600,3)
(10913400,1)
(9881800,1)
(9262500,2)
(4554000,1)
(3322800,2)
(118000,40)
(11198800,1)
(9404700,1)
(7198900,1)
(7276200,1)
(2298700,1)
(1317000,46)
(9044700,1)
(4233600,4)
(10132100,1)
(1442100,2)
(416900,2)
(2237400,7)
(733700,20)
(3429000,1)
(10088100,1)
(8315700,3)
(5504400,1)
(8849500,10)
(9339000,2)
(2293200,1)
(9677500,1)
(8792800,1)
(9459700,2)
(9469600,1)
(11137500,1)
(8786500,19)
(120700,96)
(9772900,2)
(3372300,1)
(10262700,1)
(7365300,1)
(9018600,2)
(3367900,25)
(7601000,2)
(8355300,1)
(905600,9)
(4445100,1)
(4569400,4)
(10938700,1)
(217000,32)
(5486500,1)
(10054800,1)
(5811300,1)
(9606300,1)
(3405600,1)
(10854000,1)
(8800800,2)
(9034800,10)
(5570100,1)
(9944800,1)
(2392200,3)
(11084400,7)
(10796500,1)
(4316400,1)
(10814400,1)
(9879100,1)
(6563400,35)
(9256200,2)
(10990900,1)
(1592500,1)
(10810800,1)
(9954700,1)
(6719100,4)
(723800,3)
(10241000,1)
(5737600,1)
(9489400,1)
(7381500,2)
(4409100,21)
(7642500,2)
(9974500,1)
(2872900,1)
(2508300,1)
(8830500,2)
(727400,5)
(1793800,1)
(1981900,38)
(1552900,35)
(1645600,5)
(2277000,1)
(10711800,3)
(3035700,2)
(2574000,3)
(10968400,1)
(9845800,1)
(5524200,1)
(7824300,1)
(10300400,1)
(195500,3)
(9479500,1)
(4950000,1)
(7395000,4)
(2342700,1)
(4580100,1)
(3298600,6)
(3382200,4)
(10013300,1)
(4415400,41)
(7008900,1)
(10256400,1)
(1100000,4)
(1269400,1)
(7163700,1)
(4550400,1)
(451000,166)
(7286100,2)
(10776700,1)
(8880000,1)
(8980900,2)
(10923300,1)
(4510800,4)
(9933000,1)
(298100,3)
(1230600,43)
(9464100,1)
(3257100,1)
(5965300,1)
(1851300,1)
(3653100,1)
(6553500,1)
(2805300,1)
(4717900,1)
(9127500,1)
(1801800,1)
(9414600,1)
(10008900,1)
(2103200,4)
(713900,2953)
(10745100,1)
(11033000,1)
(2138400,7)
(189200,18)
(218900,2)
(9375000,1)
(3049200,7)
(10869400,1)
(3263400,1)
(9080700,1)
(5411700,6)
(10292400,1)
(10682100,1)
(7507500,1)
(11089900,1)
(1234200,4)
(1665400,3)
(11246400,1)
(1783900,1)
(9133800,1)
(1368400,14)
(5569300,1)
(9216600,1)
(2979100,1)
(1979200,1)
(268400,2)
(5743900,1)
(929000,35)
(10715400,1)
(3050000,6)
(9849400,1)
(10058400,1)
(4322700,1)
(10543500,1)
(10642500,1)
(1815300,1)
(9068100,1)
(7329300,1)
(191900,1)
(10315800,1)
(4179700,3)
(10193400,1)
(10340000,1)
(4278700,8)
(7340000,1)
(1452000,71)
(2836900,1)
(9226500,2)
(9918700,1)
(11252700,1)
(1067800,1)
(4900500,1)
(6527400,13)
(10557000,1)
(9574900,5)
(10890000,1)
(10948600,1)
(1092000,16)
(9810600,2)
(3607200,1)
(7484100,1)
(3164400,2)
(846200,1)
(11058300,1)
(10484100,1)
(134200,49)
(11173500,1)
(6598600,4)
(4009500,1)
(561800,6)
(1328800,2)
(2900700,1)
(2841300,1)
(650900,2)
(7527300,1)
(8824200,3)
(7558900,4)
(7088100,1)
(680600,1)
(910000,1)
(3103100,1)
(9731400,1)
(2069100,1)
(1576300,5)
(1767700,2)
(363800,1)
(7804500,1)
(39600,1)
(9871900,1)
(1732500,21)
(9321900,2)
(7756900,1)
(7351800,1)
(8578600,1)
(5481000,8)
(3300,2)
(618500,278)
(2085300,1)
(4237200,1)
(10830600,1)
(3793600,6)
(9434400,1)
(5509900,4)
(10112300,1)
(10875700,1)
(9533400,1)
(1871100,2)
(7622700,1)
(10163700,1)
(10636200,1)
(2306700,35)
(1285600,1)
(6751500,5)
(6849700,1)
(9074400,1)
(1125300,8)
(1586200,3)
(7808100,1)
(4971700,2)
(9054600,1)
(2528100,1)
(3352500,19)
(9252600,1)
(5555800,1)
(6938800,1)
(7099900,1)
(10403000,1)
(7137600,1)
(1919800,20)
(10844100,1)
(9725100,1)
(8964700,3)
(9023000,26)
(3419100,1)
(11276100,1)
(70100,4)
(6231200,1)
(4247100,4)
(2377900,1)
(99000,12)
(4199500,1)
(6766900,1)
(8771100,66)
(7840500,2)
(8309400,1)
(1087600,3)
(6899200,37)
(2212100,1)
(10672200,1)
(9319200,1)
(9341700,1)
(2059200,1)
(5492800,1)
(29700,29)
(2496700,13)
(228800,5)
(10677700,1)
(160300,77)
(190000,12)
(545600,15)
(11070900,2)
(4392000,1)
(10994500,1)
(2767600,4)
(5565700,3)
(3518100,14)
(3564000,1)
(11297800,1)
(9391200,1)
(3169900,1)
(9396700,1)
(7090800,1)
(6104700,1)
(3410000,16)
(2712600,1)
(1556500,3)
(6824400,1)
(9361500,1)
(6715500,6)
(11266200,1)
(5702400,1)
(8819800,1)
(100900,3)
(8256300,1)
(9157200,1)
(446600,2)
(4401900,1)
(4258900,2)
(4981600,4)
(11064600,1)
(743600,13)
(9297700,1)
(9800700,1)
(10339200,2)
(9756700,1)
(7404900,3)
(8310200,1)
(7479700,3)
(4508100,6)
(11122100,1)
(1181100,1)
(811000,1)
(9177000,1)
(6791100,4)
(9480300,1)
(2475000,2)
(8325600,4)
(10646100,1)
(882200,7)
(2835000,4)
(684200,1)
(10464300,1)
(10183500,1)
(6808200,1)
(3421800,18)
(7403000,2)
(10458000,1)
(2846800,1)
(10480500,1)
(1635700,3)
(10385100,1)
(4293000,1)
(9537000,11)
(4995100,1)
(10578700,1)
(9701700,1)
(2821500,1)
(11074500,1)
(7359000,2)
(9490200,1)
(3441600,2)
(3560400,8)
(8889100,1)
(8800,147)
(3040100,1)
(9804300,2)
(9060900,1)
(529400,19)
(10359000,2)
(7187100,1)
(10117800,1)
(7206900,1)
(1782000,3)
(9211100,6)
(6741600,4)
(5767300,1)
(421300,1)
(3570300,4)
(1493500,8)
(5959000,1)
(6593100,3)
(1914300,14)
(8408400,1)
(11315700,1)
(1908000,1)
(10943100,1)
(6697600,1)
(10903500,1)
(1910700,1)
(8683900,1)
(10958500,1)
(1398100,1)
(10953000,1)
(10296000,1)
(4040000,1)
(2263500,8)
(11305800,1)
(130600,1)
(7693900,5)
(10879300,1)
(8034900,2)
(1892800,1)
(8646000,1)
(2400200,9)
(10236600,1)
(4945600,1)
(4039200,2)
(9351600,1)
(2278900,1)
(9885400,2)
(254900,3)
(2409300,1)
(11094300,1)
(10078200,1)
(1970100,2)
(2623500,2)
(3085200,50)
(9771000,2)
(3491100,2)
(4170600,1)
(1811700,8)
(1940400,1)
(8331900,1)
(10755000,1)
(1582600,1)
(10246500,1)
(34100,25)
(9796300,1)
(7918900,1)
(8351700,3)
(1516900,14)
(4698100,1)
(3199600,1)
(9266100,6)
(2045700,1)
(6128100,1)
(9647800,1)
(2420000,1)
(10558900,1)
(10080900,1)
(11292300,1)
(10201400,2)
(10064700,11)
(5599000,3)
