(7403600,1)
(2460200,2)
(10808700,1)
(5772300,8)
(9309900,2)
(866600,4)
(10484700,1)
(3489000,38)
(1624500,1)
(10464900,1)
(9759000,1)
(10308200,1)
(10468500,1)
(7577400,1)
(617200,4)
(10597200,1)
(9282900,1)
(1026900,1)
(6884400,3)
(3430400,1)
(2311700,7)
(3184800,1)
(9251300,1)
(9122600,1)
(4683300,19)
(2687100,1)
(2558400,1)
(8266800,1)
(6765600,1)
(3455700,1)
(3589900,1)
(10088700,1)
(4331300,1)
(1660500,1)
(3173000,1)
(9013700,2)
(10686300,1)
(7730300,1)
(461500,1)
(2272100,4)
(1046700,13)
(9490800,2)
(1591200,2)
(9319800,1)
(9458400,1)
(1531800,7)
(2772600,4)
(1515600,4)
(9879700,1)
(11304500,1)
(9557400,1)
(9088500,5)
(8291000,2)
(3054200,1)
(10692600,3)
(3930900,1)
(4663500,1)
(9443000,1)
(9715800,1)
(3534900,7)
(2673600,1)
(11094900,1)
(2439600,3)
(4440200,1)
(1575000,4)
(8547600,1)
(257200,1)
(7359600,1)
(8354000,1)
(1928400,2)
(7205600,20)
(11078700,1)
(9902000,1)
(10874400,1)
(1814000,16)
(3252200,1)
(9771600,2)
(9126200,6)
(6200200,1)
(10755600,1)
(2538600,5)
(3277500,1)
(2070500,1)
(10296600,1)
(9606900,3)
(8874300,6)
(1969900,1)
(3548400,1)
(10101100,2)
(24800,104)
(10739400,1)
(11215400,1)
(2938200,60)
(10365900,1)
(11172200,1)
(4064000,2)
(4584300,2)
(5989300,2)
(9474600,1)
(5331200,1)
(273400,6)
(8927400,7)
(7375800,6)
(9106400,1)
(6803300,1)
(10631300,1)
(9522200,2)
(10057100,1)
(9205400,9)
(10656600,1)
(10676400,1)
(6823100,3)
(4326900,5)
(2782500,3)
(10917600,1)
(10344200,2)
(9360200,1)
(4580700,1)
(5356500,3)
(9858000,1)
(9112700,1)
(10889800,1)
(9563700,1)
(4237800,1)
(8769000,31)
(118600,2)
(8428800,2)
(8314400,1)
(5934300,2)
(3584400,2)
(4117100,4)
(9098400,1)
(991700,59)
(1581300,207)
(3503300,4)
(6661100,1)
(10211900,1)
(5039700,2)
(6512600,2)
(2392800,7)
(5602100,1)
(4460000,1)
(10709700,1)
(9225200,1)
(1529100,3)
(4227900,3)
(11063300,1)
(8033600,1)
(560500,1)
(7779000,2)
(1979800,18)
(8310800,1)
(5928000,2)
(3570900,1)
(9334100,1)
(10443200,1)
(11266800,1)
(5184600,1)
(633400,64)
(3979600,1)
(7458600,1)
(6635000,8)
(3445800,2)
(189800,6)
(4574400,2)
(465100,1)
(4475400,4)
(6775500,1)
(10587300,1)
(223900,46)
(2990400,1)
(1169100,6)
(99600,87)
(8899600,1)
(959300,2)
(9448500,6)
(9209000,1)
(103200,1)
(441700,12)
(5382600,1)
(10453100,1)
(11209100,1)
(2173100,1)
(1347300,3)
(9235100,2)
(68000,3)
(4975900,3)
(10458600,1)
(6749400,2)
(2085900,2)
(1701500,2)
(6890700,4)
(4554600,2)
(8912000,1)
(10427000,1)
(9848100,6)
(405700,15)
(9502400,1)
(10828500,1)
(2792400,1)
(6769200,1)
(540700,1)
(4810100,1)
(929600,7)
(3315200,5)
(9666300,2)
(60800,25)
(9527700,3)
(3460100,1)
(10281200,1)
(10759200,3)
(971900,1)
(8454900,1)
(4876900,3)
(2089500,1)
(7500,8)
(5673300,2)
(2074100,46)
(2382900,1)
(410100,5)
(2252300,2)
(10870800,1)
(8828400,104)
(160900,2)
(9369300,3)
(1260900,2)
(8943600,1)
(7423400,1)
(10413500,1)
(3236000,1)
(10583700,1)
(5376300,4)
(4247700,1)
(10166000,1)
(4518600,1)
(4716600,2)
(1280700,2)
(892700,2)
(1715000,8)
(3409800,3)
(2376600,3)
(564100,6)
(2495400,1)
(10318100,1)
(11126300,1)
(1680300,6)
(5055900,1)
(8813000,1)
(6682800,2)
(4410500,16)
(4974000,2)
(7197600,1)
(6526100,3)
(1762800,1)
(8967000,1)
(8735700,1)
(5910900,1)
(5362800,1)
(4643700,1)
(10661000,1)
(1482300,1)
(10423400,1)
(6868200,5)
(8304500,1)
(11002000,1)
(9385500,1)
(1796100,1)
(1639900,2)
(8389200,2)
(5811900,2)
(10902200,1)
(1036800,3)
(623500,2)
(7522400,1)
(11271200,1)
(2677200,1)
(10611500,2)
(7611500,2)
(1462500,2)
(7328000,2)
(2331500,1)
(9642900,2)
(4820000,3)
(5819100,39)
(9395400,1)
(554200,2)
(668600,13)
(9725700,1)
(10894200,1)
(2434100,1)
(2420600,3)
(4544700,6)
(6739500,13)
(3376500,6)
(10106600,2)
(3222500,1)
(9464700,2)
(3070400,1)
(11281100,1)
(10360400,1)
(11136200,1)
(8814900,1)
(10314500,2)
(8611400,2)
(9927300,1)
(1565100,4)
(94100,6)
(9157800,1)
(2028200,1)
(11112800,1)
(8879800,1)
(4409700,2)
(4194600,41)
(10922000,1)
(7219100,1)
(124900,11)
(3999400,7)
(10448700,1)
(9058800,1)
(9146000,1)
(10399200,1)
(10231700,1)
(7112900,1)
(3232400,29)
(445300,196)
(11013800,1)
(10824900,1)
(4989400,2)
(10350500,1)
(8296500,1)
(9869800,2)
(7626900,2)
(2325200,10)
(716200,9)
(9953400,1)
(11225300,1)
(7122800,2)
(1664100,1)
(4242200,5)
(7453100,4)
(1644300,3)
(6894300,5)
(10557600,1)
(8983200,1)
(4564500,1)
(11296500,1)
(3212600,2)
(11058900,1)
(2528700,2)
(9468300,1)
(6729600,1)
(11156000,1)
(8369400,2)
(4439400,1)
(5008100,17)
(10200100,1)
(9577200,1)
(8339700,1)
(1096200,8)
(10111000,1)
(9215300,1)
(8676300,1)
(939500,37)
(243700,2)
(3459300,1)
(4633800,1)
(9611300,2)
(5815500,1)
(10122800,1)
(3554700,4)
(3924600,1)
(1521900,9)
(11122700,1)
(10947300,1)
(872900,1)
(9781500,1)
(3928200,10)
(11245100,1)
(7443200,1)
(278900,1)
(89700,1)
(1234800,1)
(6045900,3)
(1640700,9)
(7880700,1)
(9187500,3)
(1388800,1)
(6572000,1)
(376000,12)
(1604700,2)
(10750100,1)
(10116500,1)
(4513100,1)
(9616800,1)
(10542200,1)
(3938100,1)
(54500,2)
(6631400,5)
(5451900,1)
(48200,3)
(5404100,16)
(11201900,1)
(11256900,1)
(70700,106)
(10098600,1)
(11177700,1)
(7745700,1)
(8998600,7)
(9933600,2)
(9142400,1)
(851200,1)
(10136300,1)
(4985800,5)
(9027200,1)
(9646500,1)
(4934400,3)
(10221800,1)
(2008400,26)
(7636800,2)
(9102800,4)
(3885000,2)
(9636600,1)
(11088600,1)
(9828300,1)
(8745600,1)
(10395600,2)
(10187700,2)
(10291100,1)
(4831800,6)
(9621200,1)
(4471800,1)
(9350300,2)
(9890400,1)
(9730100,1)
(9791400,1)
(1716900,2)
(11205500,1)
(9330500,1)
(9381900,5)
(9245000,1)
(9048900,1)
(7943700,1)
(10785300,1)
(3392700,2)
(8860800,6)
(233800,14)
(5471700,1)
(6709800,1)
(9116300,1)
(7978900,1)
(9007400,5)
(8696100,1)
(263500,329)
(4538400,1)
(7088700,1)
(415600,2)
(11073200,1)
(9745500,2)
(1820300,1)
(9211700,1)
(6795300,1)
(2414300,1)
(9344000,1)
(10719600,3)
(955700,31)
(6516200,1)
(1452600,1)
(4954200,4)
(10662900,1)
(11286600,1)
(4469100,1)
(5831700,1)
(5914500,1)
(678500,1)
(10593600,1)
(736000,4)
(10385700,1)
(11231600,2)
(1294200,10)
(9433100,1)
(1181700,11)
(8844600,6)
(5568000,1)
(5491500,1)
(10563900,1)
(3044300,6)
(3386400,43)
(1934700,1)
(6577500,1)
(154600,30)
(1756500,2)
(949400,19)
(217600,43)
(8963400,55)
(11037200,2)
(4325000,1)
(10730300,1)
(7329900,1)
(1850000,1)
(10626900,1)
(3538500,1)
(4226000,1)
(7838400,1)
(9719400,1)
(5372700,1)
(9167700,3)
(1500200,246)
(3095700,2)
(9741900,1)
(4914600,1)
(3439500,1)
(10526000,1)
(2840000,1)
(4044200,1)
(10210000,1)
(6735900,1)
(9994900,1)
(1545300,1)
(5010800,48)
(2705000,1)
(10286700,1)
(1968000,4)
(6704300,2)
(3523100,2)
(3558300,2)
(1401200,1)
(10868100,1)
(9692400,1)
(7526000,1)
(7917600,2)
(1213100,1)
(2206400,4)
(2657400,9)
(298700,1)
(7781700,2)
(5461800,1)
(1974300,1)
(3341300,2)
(8890500,2)
(9094800,1)
(1810400,2)
(1804100,16)
(2400800,2)
(4414100,1)
(10320800,2)
(5475300,5)
(8933700,2)
(8350400,1)
(10761900,1)
(14900,5)
(10537800,1)
(4178400,4)
(4113500,7)
(9438600,1)
(6318200,1)
(673000,16)
(8276700,2)
(4970400,3)
(10478400,1)
(6730400,13)
(10704200,1)
(2341400,1)
(7126400,1)
(9662700,1)
(10152500,1)
(1051100,27)
(4960500,1)
(199700,1)
(3564600,5)
(5594100,1)
(11219000,1)
(10328000,1)
(5133200,2)
(7395600,4)
(8870700,1)
(8320700,1)
(2825700,2)
(5809200,1)
(6858300,1)
(9775200,1)
(2117300,7)
(3335000,1)
(4792200,1)
(9310700,1)
(4450100,6)
(1984200,2)
(3143300,13)
(9408900,1)
(11192000,1)
(10988800,1)
(283300,1)
(8616900,1)
(10823000,1)
(2622200,5)
(11106500,1)
(3471900,3)
(4070300,1)
(10749300,1)
(10235300,1)
(11098500,1)
(429100,243)
(7047200,1)
(128500,1)
(5979400,1)
(981800,1)
(9078600,1)
(1406700,1)
(2481900,1)
(2903000,2)
(11027300,1)
(9389100,1)
(2366700,1)
(9751800,1)
(3414200,12)
(7324400,1)
(9672600,1)
(9423200,1)
(4138800,2)
(2958000,1)
(2954400,1)
(4653600,1)
(336400,1)
(6771900,7)
(1114100,1)
(2820200,1)
(1353600,141)
(202200,14)
(10615100,1)
(10651100,1)
(1195200,39)
(2103800,2)
(5554500,58)
(5569900,1)
(8380100,1)
(9370100,1)
(11101000,1)
(2095800,4)
(10771800,1)
(372400,1)
(9601400,1)
(1442700,1)
(5366400,23)
(10729500,1)
(10375800,1)
(113100,6)
(2163200,4)
(5305100,1)
(11255000,1)
(10215500,1)
(5965900,1)
(1903100,1)
(90500,8)
(4726500,1)
(6714200,5)
(9709500,1)
(9553800,1)
(1950900,2)
(11023700,1)
(9296400,1)
(377900,70)
(8710400,2)
(9355800,1)
(10720400,1)
(11276700,1)
(7132700,2)
(11167800,1)
(9246900,1)
(1895100,181)
(5891100,57)
(8453000,1)
(3004700,6)
(1964400,1)
(1786200,1)
(9506000,4)
(10567500,1)
(9696000,1)
(2667300,1)
(2964300,3)
(439000,2)
(10359600,2)
(3479100,1)
(11291000,1)
(6724100,2)
(10339800,1)
(1525500,1)
(674900,30)
(2024600,1)
(11053400,1)
(10219100,1)
(5465400,2)
(3356700,21)
(288800,1)
(1649800,1)
(1278000,1)
(2895000,2)
(3174900,1)
(1839300,1)
(4198200,17)
(5548200,2)
(8968900,2)
(4548300,1)
(10977000,1)
(2315300,16)
(7318100,1)
(5712900,1)
(3040700,1)
(10682700,1)
(7111000,5)
(9860700,1)
(144700,1)
(10438800,1)
(6676500,1)
(11221700,1)
(11193900,1)
(10880700,1)
(2995900,4)
(4815600,1)
(8715900,1)
(793700,18)
(2034500,2)
(3429600,4)
(28400,35)
(10417100,2)
(9276600,7)
(10205600,2)
(8775300,1)
(10890600,1)
(1497700,15)
(10907700,1)
(6583800,1)
(9379200,1)
(4188300,10)
(9598900,1)
(9755400,3)
(9292800,1)
(3908400,3)
(9281000,2)
(158200,1)
(2188500,1)
(6808800,15)
(11235200,1)
(1628100,5)
(924100,1)
(762100,1)
(3985900,6)
(10093100,1)
(431800,85)
(1061000,53)
(4940700,4)
(688400,1)
(1815900,1)
(8755500,5)
(7043600,1)
(4024400,5)
(4158600,1)
(3969700,1)
(2491800,12)
(7068900,5)
(8013800,4)
(3544800,1)
(4819200,2)
(2513300,1)
(1948200,2)
(9804900,1)
(10251500,7)
(6917700,1)
(9047000,2)
(9023600,1)
(4809300,2)
(7261400,3)
(10963500,2)
(9507900,1)
(7692600,2)
(10310900,1)
(9498000,1)
(8292900,3)
(6874500,2)
(4698700,1)
(9749100,2)
(7494600,2)
(653200,26)
(9147900,2)
(11068800,1)
(10007600,1)
(3148800,1)
(138400,1)
(1284300,1)
(455200,15)
(1776300,1)
(2865300,1)
(8692500,2)
(3020900,2287)
(1840100,1)
(11033600,1)
(3568200,2)
(1062900,4)
(10156100,1)
(8988700,12)
(10324400,1)
(2335100,2)
(10967100,2)
(3984000,7)
(7740200,1)
(9517800,1)
(10933800,1)
(6615200,16)
(10725900,1)
(8417000,1)
(8907600,1)
(8271200,1)
(7379400,4)
(11157900,1)
(3440300,12)
(9700400,1)
(5336700,2)
(821500,1)
(3262100,1)
(1520000,1)
(9231500,1)
(9880500,10)
(10047200,1)
(7369500,1)
(6532400,40)
(7537800,1)
(595700,1)
(10369500,1)
(9676200,1)
(3475500,6)
(10073300,3)
(2064200,2)
(3085800,67)
(2716800,1)
(1223000,13)
(10516100,1)
(8953500,1)
(6641300,1)
(9043400,2)
(8771700,1)
(10993200,1)
(9874200,1)
(9221600,1)
(2637600,1)
(8709600,13)
(10577400,1)
(7597200,1)
(5564400,8)
(10522400,1)
(9958900,3)
(737900,1)
(5247600,10)
(316600,1)
(6813200,2)
(9913800,1)
(10068900,3)
(2050700,2)
(9403400,1)
(1302200,5)
(5617500,1)
(8913900,1)
(7098600,4)
(9850800,1)
(2410700,4)
(301200,16)
(10884300,1)
(2371100,2)
(10276800,1)
(648800,3)
(4851600,9)
(4184700,1)
(5742600,4)
(4168500,2)
(2979700,2)
(8375700,1)
(9271100,2)
(10813100,1)
(5766000,1)
(6734000,1)
(2523200,2)
(2424200,1)
(6696300,1)
(10858200,1)
(4508700,1)
(2381000,2)
(10261400,1)
(277000,17)
(9053300,1)
(10760000,1)
(10552100,2)
(7902200,1)
(6907800,4)
(9957000,1)
(4979500,1)
(9697900,1)
(11142500,1)
(9068700,2)
(3632000,10)
(9993000,1)
(3198300,2)
(3382800,1)
(8923800,4)
(11182100,1)
(10714100,2)
(8537700,1)
(1218600,4)
(9720200,2)
(934000,227)
(9177600,1)
(9818400,1)
(2048000,1)
(9937200,1)
(1891500,12)
(9587100,2)
(9266700,1)
(10779000,1)
(10943700,1)
(10978900,1)
(10740200,1)
(6878100,1)
(1800500,1)
(253600,3)
(1426500,1)
(2776200,1)
(1367100,1)
(9894000,1)
(9870600,1)
(10710500,1)
(2113700,8)
(2578200,1)
(5580600,1)
(2809500,1)
(10329900,1)
(9329700,4)
(11007500,1)
(11200000,1)
(3123500,1)
(10494600,1)
(9983100,1)
(10364000,1)
(5099100,1)
(10998700,1)
(6902300,1)
(549800,3)
(7646700,1)
(11308100,1)
(9391800,4)
(9413300,5)
(9808500,1)
(7271300,1)
(5459100,2)
(2959900,15)
(1492200,5)
(5871300,1)
(10641200,1)
(2934600,4)
(5514900,1)
(1393200,66)
(11057000,1)
(1015100,2)
(9593400,1)
(9132500,1)
(9641000,1)
(9136100,5)
(4787800,1)
(4133300,3)
(7063400,1)
(8490900,1)
(4252100,1)
(4706700,1)
(10255100,1)
(10666500,2)
(2059800,31)
(9573600,10)
(7255100,1)
(3647400,1)
(3178500,1)
(6040400,7)
(9183900,1)
(10266900,1)
(10562000,1)
(7729500,1)
(267100,25)
(207700,2)
(2480000,12)
(9998500,1)
(6692700,5)
(11292900,1)
(4938000,1)
(9003800,1)
(8330600,1)
(950200,1)
(8917500,2)
(6889900,6)
(8686200,1)
(2080400,1)
(9152300,1)
(970000,46)
(10605200,2)
(6686400,6)
(4014500,2)
(184300,1)
(3594300,10)
(3168600,2)
(2396400,14)
(9172100,1)
(1238400,5)
(10271300,2)
(7937400,1)
(8344100,1)
(481300,29)
(2069700,34)
(8858100,1)
(10527900,1)
(8759100,2)
(1741100,5)
(9512300,1)
(3366600,1)
(5513000,3)
(8869900,2)
(570400,15)
(7152500,2)
(9899500,1)
(747800,2)
(10937400,1)
(5716500,1)
(10162400,1)
(9631100,1)
(2904900,1)
(10791600,1)
(9241400,4)
(10192100,1)
(2386500,8)
(5550900,2)
(8448600,1)
(6536000,1)
(9968800,1)
(8838300,1)
(2247900,1)
(3113600,3)
(4950600,1)
(9017300,7)
(9418800,1)
(10354100,1)
(6759300,2)
(4107200,2)
(2599900,1)
(10745700,3)
(4459200,6)
(10625000,1)
(11102900,1)
(10927500,1)
(5732700,1)
(8937300,11)
(1849200,17)
(5797600,1)
(7245200,1)
(8468400,1)
(4216100,3)
(8808600,2)
(712600,2)
(726100,6)
(1290600,1)
(4845300,1)
(10735800,1)
(3272000,1)
(8864400,1)
(1165500,2)
(2356800,1)
(190600,2)
(10506200,1)
(6099000,1)
(421900,56)
(1149300,1)
(1875300,1)
(9182000,5)
(1509300,105)
(569600,2)
(6379500,1)
(637000,9)
(9324200,1)
(1160000,4)
(9201800,3)
(10245200,2)
(904300,20)
(1752900,1)
(8795100,201)
(9375600,2)
(10973400,1)
(5969500,1)
(1861800,1)
(227500,4)
(5351000,1)
(5762400,3)
(2944500,1)
(6567600,1)
(7506200,1)
(9597000,1)
(8047100,1)
(10197600,1)
(3202700,6)
(108700,6)
(8651000,7)
(9543900,1)
(10463000,1)
(1519200,1)
(9840900,1)
(7601600,13)
(8542100,1)
(8458500,1)
(11083100,1)
(8803100,1)
(6755700,8)
(9803000,1)
(10953600,1)
(11211800,1)
(10488300,1)
(9537600,1)
(8765400,78)
(7210000,1)
(1845600,8)
(599300,1)
(607300,8)
(930400,65)
(9261200,3)
(4020800,1)
(1705100,73)
(1145700,46)
(7998700,2)
(3622100,1)
(7370300,1)
(9494400,1)
(84200,14)
(1689400,17)
(6587400,24)
(6621500,2)
(1669600,3)
(3049800,13)
(4273800,1)
(10879900,1)
(8300900,1)
(9963300,3)
(5346600,3)
(8868000,2)
(579500,1)
(7291100,1)
(2242400,3)
(574000,1)
(5242100,3)
(8577300,1)
(1175400,14)
(6854700,18)
(3580800,1)
(3508800,3)
(8261300,2)
(5752500,1)
(979100,2)
(5746200,1)
(1155600,17)
(2049900,1)
(5352900,2)
(8894100,5)
(5930700,1)
(4627500,30)
(11043500,1)
(9795000,2)
(9532100,3)
(7666500,1)
(8834700,2)
(10053500,3)
(2321600,77)
(10209200,1)
(10182200,5)
(10033700,2)
(10672800,1)
(722500,2)
(10043600,1)
(10957200,1)
(1422900,1)
(8973300,1)
(2178600,7)
(5829000,10)
(2607900,2)
(4949800,1)
(10848300,1)
(3434000,1)
(4065900,1)
(10433300,1)
(7567500,1)
(7276800,1)
(2301800,13)
(1446300,39)
(3449400,3)
(11197500,1)
(6789000,10)
(2054300,1)
(2518800,160)
(2030900,1)
(1377000,12)
(10983300,1)
(11017400,1)
(2508900,1)
(10696200,1)
(5736300,15)
(4060400,1)
(11116400,1)
(4336800,2)
(10403600,1)
(79800,2)
(7593600,1)
(2430500,14)
(1472400,2)
(237400,1)
(10844700,1)
(1989700,1)
(9710300,1)
(8850900,2)
(7385700,3)
(10063400,2)
(3138900,1)
(1129500,1)
(9359400,1)
(8391900,1)
(3588000,1)
(4267500,3)
(7364000,1)
(3038000,1)
(985400,2)
(1203200,2)
(4865100,2)
(3410600,3)
(1337400,4)
(222000,10)
(1322000,4)
(9988600,4)
(7474800,1)
(3103700,1)
(1041200,2)
(9739200,9)
(8947200,5)
(1171800,54)
(9656400,2)
(5866900,1)
(409300,15)
(9923700,1)
(575900,6)
(9796900,1)
(9854400,1)
(1208700,25)
(1363500,3)
(2974200,3)
(11146100,1)
(3617700,6)
(8403500,1)
(6537900,1)
(11003900,1)
(9838200,1)
(5000900,1)
(9735600,1)
(10013900,2)
(3287400,4)
(10390100,1)
(3470000,3)
(8319900,1)
(7389300,1)
(9864300,1)
(4404200,1)
(10834800,1)
(9037100,1)
(2871600,28)
(10012000,2)
(247300,4)
(6720500,2)
(8593500,1)
(3060500,5)
(2815800,2)
(352600,2)
(6888000,2)
(2554800,1)
(7073300,3)
(9339600,1)
(3064100,1)
(1031300,31)
(3396300,1)
(10002100,1)
(7562000,1)
(7884300,1)
(4678900,2)
(3404300,1)
(2127200,4)
(1228500,1)
(1307700,2)
(400200,20)
(10330700,1)
(8729400,1)
(387800,5)
(777500,1)
(2721200,1)
(8552000,1)
(6933900,1)
(10349700,1)
(1576900,4)
(6927600,10)
(9349500,2)
(7735800,6)
(3627600,2)
(1254600,1)
(2489100,1)
(3030800,4)
(10340600,1)
(6750200,1)
(7813100,1)
(732400,1)
(11162300,1)
(11310800,1)
(6779100,5)
(10379400,1)
(9304400,1)
(9917400,2)
(1140200,1)
(419200,39)
(6870900,2)
(9704000,1)
(1829400,1)
(8488200,1)
(8720300,1)
(10389300,1)
(11187600,1)
(9626700,3)
(2479200,1)
(6601700,11)
(4503200,30)
(10636800,1)
(10027400,1)
(8889700,1)
(1772700,1)
(4534800,2)
(4039800,3)
(1224900,5)
(34700,10)
(1416600,3)
(8527800,1)
(935900,21)
(8854500,7)
(9844500,1)
(1659700,4)
(10899700,1)
(4721000,1)
(1630800,25)
(293200,60)
(1323900,8)
(8818500,1)
(397700,2)
(9478200,1)
(9884100,2)
(6932000,1)
(58100,1)
(1869000,1)
(4980300,4)
(5663400,1)
(920500,3)
(9484500,2)
(2014700,1)
(7512500,1)
(9365700,3)
(5777800,1)
(10912100,1)
(9834600,5)
(64400,6)
(9033500,1)
(9567300,2)
(9084900,1)
(544300,2)
(2262200,18)
(4153100,1)
(7399200,1)
(9063200,4)
(2980500,1)
(3024500,2)
(1721300,2)
(9256800,1)
(5950500,1)
(9903900,1)
(10765500,7)
(5726400,1)
(10265000,1)
(9682500,1)
(80600,70)
(9399000,1)
(2485500,3)
(1357200,4)
(9162200,3)
(3900,15)
(783800,3)
(4999300,16)
(50900,2)
(6060200,4)
(8365800,1)
(3528600,4)
(10172300,1)
(1119600,1)
(1620900,1)
(10229000,1)
(9547500,3)
(8957100,1)
(2283900,46)
(9973200,1)
(11093000,1)
(7320800,1)
(9947100,1)
(7818600,1)
(9083000,1)
(11132600,1)
(3372900,1)
(9286500,1)
(3918300,2)
(4677000,2)
(7142600,5)
(3469200,12)
(9193800,1)
(7221800,4)
(4212500,5)
(10573800,1)
(9583500,1)
(10017500,1)
(5980200,1)
(1539000,4)
(1938300,1)
(3904800,1)
(5599600,2)
(4568100,1)
(10621400,1)
(10142600,1)
(10241600,1)
(9652800,1)
(9197400,2)
(6818700,1)
(10334300,1)
(10923900,1)
(1505700,2)
(2346900,12)
(10167900,1)
(3050600,1)
(9729300,1)
(8848200,1)
(10083200,1)
(5886700,13)
(9761700,1)
(5667000,1)
(9073100,1)
(10428900,1)
(10126400,1)
(5518500,2)
(9943500,2)
(7116500,2)
(8573700,1)
(2168700,5)
(11314400,1)
(9308000,1)
(9785100,1)
(212100,7)
(321000,2)
(6557700,2)
(8824800,21)
(9686100,2)
(18500,98)
(10769100,1)
(11152400,1)
(9907500,1)
(1980600,10)
(10177800,4)
(4080200,6)
(4257600,1)
(1161900,38)
(773900,1)
(6552200,1)
(3107300,1)
(10304600,1)
(1432800,6)
(1792500,1)
(10532300,1)
(5060300,1)
(2647500,5)
(8781600,47)
(6912200,1)
(698300,1)
(9859900,8)
(8567400,5)
(8318000,2)
(44600,6)
(6719700,2)
(1333800,1)
(11047100,1)
(1185300,10)
(3237900,4)
(69900,4)
(4861500,2)
(2845500,1)
(1851900,10)
(627100,13)
(10370300,1)
(550600,104)
(2881500,1)
(9765300,1)
(9488100,2)
(1809600,2)
(4392600,1)
(3574500,1)
(8978800,2)
(9320600,2)
(10838400,1)
(6943800,1)
(8308100,1)
(4010900,1)
(1830200,2)
(975500,53)
(3034400,5)
(9345900,3)
(8349600,1)
(2766300,4)
(2475600,31)
(4800200,3)
(11261300,1)
(1092600,1)
(8993100,2)
(2594400,28)
(10781700,2)
(9889600,1)
(9605000,1)
(4579900,1)
(2000,1)
(10878000,2)
(10132700,1)
(10023800,2)
(2123600,17)
(1159200,1)
(3663600,1)
(10225400,1)
(10860900,1)
(3273900,622)
(10078800,2)
(10700600,1)
(7012000,2)
(8785200,4)
(10724000,1)
(10474800,1)
(3089400,2)
(1487800,4)
(11251400,1)
(1825800,7)
(9895900,1)
(9380000,1)
(4128900,1)
(10854600,1)
(7067000,2)
(10547700,1)
(1021400,45)
(4693200,18)
(8355900,1)
(1005200,1)
(2153300,3)
(9444900,1)
(8464800,2)
(3886900,4)
(10818600,1)
(9428700,1)
(8583600,1)
(5400500,2)
(9740000,1)
(10864500,1)
(7621400,2)
(8360300,1)
(10146200,1)
(6838500,1)
(9480900,2)
(10380200,3)
(10775400,1)
(9824700,1)
(1944600,2)
(134800,16)
(10646700,1)
(7889800,1)
(2107400,43)
(3059700,2)
(3283800,2)
(10803200,1)
(8880600,15)
(8597100,4)
(5029800,2)
(7281200,1)
(2762700,1)
(1179000,1)
(1859100,2)
(7380200,2)
(2819400,1)
(9314300,1)
(2099400,3)
(9407000,1)
(9542000,1)
(1510100,36)
(9300800,2)
(3331400,2)
(6506300,1)
(10502600,1)
(2445900,2)
(7156100,1)
(4287300,1)
(3990300,1)
(8324300,1)
(4029900,1)
(8902100,3)
(9340400,2)
(9814800,1)
(2282000,16)
(1958100,1)
(4123400,45)
(8791500,3)
(2598000,8)
(5949700,1)
(11300900,1)
(10498200,1)
(10067000,2)
(8615000,2)
(8884200,1)
(4891200,1)
(2507000,4)
(3683400,4)
(8334200,1)
(5503100,1)
(2469300,1)
(613600,8)
(2277600,1)
(4049700,2)
(4524900,3)
(9499900,1)
(6597300,11)
(3518700,9)
(9454800,1)
(7093100,5)
(10037300,1)
(8413400,1)
(194200,9)
(9978700,2)
(5396100,1)
(1082700,8)
(2564700,2)
(4930800,3)
(2419800,1)
(8601500,3)
(5589700,1)
(10601600,1)
(7824900,1)
(6710600,3)
(1746600,1)
(1279900,2)
(10795200,1)
(10112900,1)
(8329800,4)
(1011500,39)
(6770000,1)
(1001600,3)
(1373400,1)
(10512500,1)
(9705900,2)
(11241500,1)
