(3294600,6)
(7137200,1)
(9138900,1)
(7410800,1)
(5278200,1)
(5561700,1)
(5733600,5)
(10069800,1)
(9341300,4)
(1209600,7)
(8711300,1)
(11262200,1)
(10301900,1)
(10459500,2)
(9020900,3)
(7381100,6)
(1666900,4)
(9647400,1)
(8246000,3)
(5832600,4)
(10345100,1)
(7102000,1)
(10355000,1)
(9809400,2)
(9716700,1)
(6819600,1)
(7804100,3)
(9940800,1)
(9949900,1)
(2278500,2)
(4100900,1)
(4530200,4)
(2179500,2)
(9643800,1)
(10300,8)
(5747100,1)
(10974300,1)
(4129800,9)
(8908500,1)
(905200,3)
(5758900,1)
(1516500,25)
(6693600,1)
(11123600,1)
(10040900,1)
(7518900,1)
(8309000,1)
(6761000,1)
(7252400,14)
(9069600,1)
(11070500,1)
(1368000,1)
(1949100,1)
(3362000,1)
(2787000,1)
(1186200,6)
(9746400,2)
(8366700,1)
(9782400,2)
(620800,12)
(10895100,1)
(1722200,5)
(2456700,8)
(9434000,1)
(3175800,1)
(982700,54)
(7361300,1)
(149200,19)
(10480100,1)
(1427400,1)
(8855400,1)
(3575400,5)
(2174000,3)
(1240100,1)
(1793400,1)
(10881600,1)
(5555400,2)
(1483200,21)
(639800,56)
(3426900,1)
(10766400,1)
(4066800,1)
(5945100,5)
(703600,1)
(2613200,12)
(8247900,1)
(10697100,1)
(2991300,1)
(10558500,1)
(8964300,21)
(5056800,7)
(812500,2)
(596600,5)
(753100,2)
(9970500,2)
(4238700,10)
(3322400,2)
(3019100,1)
(11232500,1)
(10331600,1)
(8721200,1)
(7069800,1)
(10845600,2)
(10439700,1)
(8410700,2)
(608200,9)
(91400,2)
(10226300,2)
(9075900,1)
(8851800,5)
(10465800,1)
(4955100,2)
(9113600,1)
(4832700,5)
(5466300,1)
(214900,3)
(10741100,1)
(857600,1)
(10564800,1)
(10376700,1)
(5021600,1)
(1712300,1)
(897200,1)
(9335000,1)
(1111400,2)
(10871700,1)
(7590900,2)
(8954400,2)
(1552500,1)
(10657500,1)
(284200,1)
(531700,1)
(9732900,1)
(3025400,2)
(8424200,1)
(5071100,1)
(119500,28)
(11107400,1)
(2842800,1)
(3150500,1)
(6513500,1)
(1151000,155)
(6776400,2)
(6652100,1)
(1063800,2)
(10183100,2)
(2793300,1)
(4887700,1)
(670300,7)
(3029000,1)
(1285200,6)
(4213400,2)
(4411400,10)
(4076700,4)
(9372900,2)
(2773500,15)
(8584500,1)
(7054400,5)
(2821100,1)
(4118000,12)
(1909500,7)
(2699800,3)
(3555600,1)
(9849000,1)
(7434200,1)
(9578100,1)
(10980600,1)
(5332100,4)
(8663700,2)
(8766300,1)
(5411300,1)
(4996600,1)
(4373700,1)
(7490000,30)
(9928200,1)
(6612500,5)
(10429800,1)
(61700,2)
(4278300,2)
(10048100,2)
(7414400,3)
(1215900,1)
(2274900,1)
(10726800,1)
(10908600,1)
(9469200,4)
(9918300,1)
(8772600,461)
(510000,1)
(5486100,1)
(9934500,1)
(195100,15)
(10820300,1)
(10236200,1)
(10408100,1)
(10070600,1)
(10752900,1)
(477800,8)
(2900300,4)
(9424100,1)
(3561900,1)
(3021800,1)
(10311800,1)
(3352100,1)
(9602300,1)
(9168600,16)
(7059900,2)
(10715000,2)
(1655100,1)
(1777200,16)
(3278400,22)
(39200,2)
(4274700,1)
(4476300,2)
(3925500,1)
(135700,4)
(6627900,13)
(4139700,2)
(2461100,7)
(9420500,4)
(4905600,1)
(9518700,1)
(2712200,1)
(313900,2)
(96900,5)
(7914900,1)
(6839400,3)
(3510500,1)
(8752800,1)
(2565600,1)
(9830000,2)
(10588200,1)
(8958000,2)
(2086800,5)
(10201000,1)
(7528800,1)
(1196100,1)
(10523300,1)
(9262100,1)
(10418000,1)
(9632000,1)
(2658300,2)
(9178500,1)
(10772700,1)
(6865500,2)
(9688900,1)
(5773200,1)
(1747500,1)
(10366800,1)
(10256000,1)
(11212700,1)
(8792400,49)
(3195600,1)
(3217100,1)
(10386600,1)
(6913100,3)
(25700,2)
(1506600,1)
(10147100,1)
(10034600,1)
(9004700,2)
(545200,2)
(9995800,1)
(5857900,2)
(9534900,1)
(10267800,1)
(2071400,7)
(5961300,1)
(8841900,3)
(7594500,1)
(9580800,1)
(7450400,1)
(10158900,1)
(8677200,2)
(9232400,1)
(10751000,1)
(4207100,1)
(9173000,1)
(9742800,1)
(10721300,1)
(9376500,2)
(6602600,10)
(3128000,1)
(4486200,1)
(5500400,1)
(956600,7)
(3316100,3)
(8598000,1)
(6772800,4)
(11183000,1)
(3347700,4)
(1437300,120)
(367000,128)
(2935500,1)
(3045200,2)
(10137200,1)
(6222800,1)
(8226200,1)
(7809600,1)
(8602400,1)
(1842900,2)
(59000,6)
(1073700,40)
(9861600,1)
(4086600,3)
(10746600,2)
(660400,1)
(7568400,2)
(6825900,3)
(3199200,1)
(738800,9)
(9216200,1)
(6830300,2)
(10430600,1)
(8815800,2)
(1245600,2)
(11147000,1)
(10928400,1)
(9766200,1)
(690100,2)
(9964200,1)
(1097100,3)
(270700,3)
(10252400,1)
(10193000,1)
(1370700,11)
(9885000,1)
(9060500,1)
(11194800,1)
(9944400,1)
(5565300,1)
(2316200,1)
(10701500,1)
(492100,4)
(6574800,1)
(10865400,1)
(9588000,1)
(1905900,2)
(2674500,3)
(10517000,1)
(5571600,2)
(4800,4)
(10277700,1)
(10606100,1)
(9070400,1)
(10420700,1)
(9336900,1)
(1350900,3)
(5015300,3)
(5551800,4)
(10084100,1)
(2435000,1)
(1172700,9)
(9311600,2)
(8845500,1)
(7829400,50)
(1615500,2)
(7103900,9)
(5872200,1)
(5405000,1)
(7449600,13)
(9450200,1)
(10548600,1)
(4680600,2)
(4452900,1)
(1334700,4)
(1981500,1)
(6558600,1)
(9831900,1)
(7440500,1)
(7257900,1)
(8293800,3)
(3456600,1)
(10094000,1)
(8028200,1)
(11133500,1)
(11044400,1)
(9548400,1)
(406600,12)
(4510400,1)
(9673500,1)
(10188600,1)
(1621800,1)
(1996900,2)
(9687000,1)
(5476200,2)
(4798600,1)
(10568400,1)
(1798900,1)
(4504100,1)
(10584600,1)
(10321700,1)
(1965300,5)
(7564800,1)
(8835600,1)
(2451200,1)
(2332400,1)
(3446700,2)
(10528800,2)
(2836500,3)
(9439500,3)
(3608700,2)
(5357400,15)
(4836300,1)
(9891300,1)
(10292000,1)
(911500,1)
(1512900,8)
(9481800,2)
(10058000,1)
(4778800,1)
(3529500,1)
(10095900,1)
(5892000,4)
(2476500,1)
(11084000,1)
(258100,25)
(2031800,3)
(4190000,15)
(1757400,4)
(10410800,1)
(11206400,1)
(2482800,1)
(8479200,2)
(411000,285)
(680200,2)
(10687200,1)
(10050800,1)
(2530400,2)
(9194700,1)
(6490100,4)
(11079600,1)
(10590900,1)
(20200,40)
(8450300,2)
(921400,21)
(3905700,1)
(6527000,2)
(1955400,4)
(3401600,6)
(10503500,1)
(763000,1)
(7143500,1)
(8612300,2)
(5846100,1)
(4154000,1)
(9435900,1)
(10470200,2)
(1022300,1)
(9050600,1)
(10018400,1)
(11034500,1)
(3472800,6)
(1610000,18)
(9819300,4)
(9099300,2)
(1816800,1)
(2393700,1)
(3108200,1)
(289700,2)
(10257900,2)
(10918500,1)
(9040700,1)
(2717700,6)
(1390500,2)
(10948200,1)
(8392800,1)
(3545700,1)
(8643900,2)
(1836600,1)
(161800,1)
(2603300,1)
(10074200,1)
(5921700,2)
(644200,73)
(11049900,1)
(9247800,5)
(2678100,2)
(3091100,1)
(9305300,1)
(4217000,1)
(5363700,4)
(3500600,22)
(11184900,1)
(8194800,1)
(3165900,1)
(155500,2)
(11050700,1)
(2981400,2)
(8865300,1)
(416500,1)
(114000,7)
(10869000,1)
(9133400,7)
(10315400,1)
(7792500,1)
(618100,1)
(1930100,2)
(9930900,1)
(9148800,1)
(9174900,4)
(10361300,1)
(7840100,1)
(10839300,1)
(5504000,1)
(8804000,9)
(1354500,3)
(4134200,2)
(11301800,1)
(2520500,1)
(10507100,1)
(9999400,1)
(10617900,1)
(9361100,1)
(7523300,2)
(9039900,3)
(10693500,1)
(8830100,25)
(3096600,2)
(65300,1)
(4561800,3)
(3549300,1)
(3496200,1)
(1230200,3)
(10499100,1)
(10616000,1)
(8346900,1)
(11148900,1)
(2347800,38)
(5660700,4)
(3357600,5)
(561400,19)
(81500,29)
(10667400,1)
(9590700,1)
(5051300,4)
(1295100,1)
(11074100,1)
(10885200,1)
(837800,1)
(4555500,4)
(1053900,1)
(2514200,2)
(8885100,1)
(30100,2)
(4114400,7)
(8048000,1)
(9143300,2)
(6507200,2)
(10964400,1)
(11069700,1)
(2767200,2)
(3565500,4)
(11004800,1)
(4120700,30)
(9633900,2)
(11018300,1)
(9479100,1)
(9896800,1)
(1012400,1)
(4624800,3)
(2425100,2)
(9570900,1)
(10804100,1)
(10194900,1)
(9030800,7)
(10054400,1)
(4723800,7)
(4565400,1)
(5806500,5)
(9485400,3)
(1239300,10)
(1900400,11)
(10113800,1)
(9667200,5)
(11038100,1)
(6885300,2)
(10968000,1)
(9835500,1)
(4694100,1)
(9226100,1)
(10984200,1)
(9701300,1)
(986300,2)
(11173100,1)
(6796200,1)
(3540200,11)
(4431200,1)
(1214000,12)
(9123500,2)
(9460100,2)
(9731000,1)
(10089600,1)
(8726700,1)
(5971200,2)
(1676800,4)
(9815700,1)
(7439700,1)
(4347600,1)
(2170400,1)
(9064100,1)
(1897900,5)
(10944600,1)
(5778700,1)
(2139900,1)
(7459500,4)
(274300,24)
(9544800,1)
(649700,1)
(8252300,1)
(3367500,1)
(1374300,11)
(4892100,2)
(2284800,1)
(7107500,1)
(4816500,4)
(7256000,1)
(11168700,1)
(10934700,1)
(6725000,6)
(951100,1)
(11024600,1)
(8797900,20)
(1645200,11)
(5951400,9)
(8455800,1)
(1291500,8)
(9321500,1)
(11257800,1)
(2401700,1)
(10736700,1)
(8938200,6)
(925000,6)
(3910100,2)
(9396300,2)
(9495300,1)
(3061400,6)
(299600,18)
(11315300,1)
(2035400,3)
(3415100,1)
(4862400,1)
(9558300,1)
(1797000,1)
(7418000,1)
(5525700,2)
(1511000,1)
(2500700,1)
(11293800,1)
(10024700,1)
(4155900,1)
(446200,9)
(6938400,1)
(9085800,2)
(9252200,1)
(2886000,5)
(1417500,1)
(3581700,2)
(1200500,23)
(9622100,4)
(7123700,1)
(383200,44)
(2104700,1)
(5519400,1)
(8809500,27)
(7392900,1)
(11287500,1)
(224800,3)
(218500,2)
(10014800,1)
(4852500,2)
(9974100,2)
(8849100,1)
(8924700,7)
(4971300,1)
(1269000,3)
(1940000,3)
(8038100,1)
(6751100,1)
(9315200,8)
(5659900,1)
(6923000,1)
(9800300,1)
(1235700,67)
(11137100,1)
(8153300,1)
(8499000,1)
(10103900,1)
(10272200,2)
(10830200,2)
(7622300,1)
(4441100,1)
(1536300,1)
(4519500,2)
(996200,1)
(4500500,1)
(8940900,1)
(6840200,1)
(3996700,1)
(10756500,2)
(6809700,2)
(1959000,1)
(4416900,38)
(5618400,1)
(10859100,1)
(10044500,2)
(10351400,2)
(5398900,3)
(7584600,2)
(10080500,1)
(9960600,1)
(1904000,6)
(3387300,1)
(6903200,1)
(2846400,3)
(5505900,2)
(3041600,2)
(1577800,2)
(3086700,1)
(10994100,1)
(1192500,26)
(1991400,1)
(10491900,1)
(11014700,1)
(10825800,2)
(10513400,1)
(4332200,1)
(1661400,8)
(10913000,2)
(8331500,5)
(1146600,73)
(4091000,4)
(665900,1)
(3170300,1)
(7479300,1)
(10815900,1)
(10392900,1)
(5031500,4)
(11040800,1)
(634300,3)
(5707500,1)
(10782600,1)
(10835700,1)
(3031700,16)
(11282000,1)
(4421300,11)
(8459400,2)
(8627700,2)
(10637700,3)
(11030900,1)
(129400,1)
(10028300,1)
(2342300,3)
(1743900,1)
(10485600,1)
(10038200,2)
(5317800,1)
(4549200,1)
(9465600,1)
(9797800,1)
(1609200,1)
(3595200,4)
(10840100,1)
(4492500,1)
(9950700,1)
(2273000,7)
(9272000,29)
(8445900,1)
(8321600,1)
(10598100,1)
(4185600,8)
(847700,15)
(7095900,4)
(8891400,1)
(9117200,1)
(6800600,2)
(1605600,15)
(1635300,2)
(10705100,1)
(11127200,1)
(10479300,1)
(2909400,1)
(10800500,1)
(629900,45)
(7028300,1)
(9202700,1)
(4539300,1)
(10553000,1)
(2185800,7)
(3929100,1)
(4258500,3)
(10683600,1)
(4025300,46)
(3535800,1)
(8004800,1)
(1686700,3)
(6598200,1)
(8404400,3)
(10206500,1)
(11153300,1)
(10716900,1)
(6096300,28)
(7277700,1)
(8617800,1)
(7070600,3)
(9938100,1)
(280600,5)
(10198500,4)
(1087200,41)
(2377500,4)
(10079700,1)
(9449400,1)
(4160300,1)
(11048000,1)
(863900,3)
(4199100,36)
(1083600,7)
(8984100,1)
(5763300,1)
(9663600,2)
(3010000,2)
(774800,1)
(3530300,1)
(3520400,1)
(2128100,1)
(1582200,1)
(9584400,2)
(1737600,4)
(8356800,1)
(5737200,15)
(9904800,1)
(3144200,3)
(11143400,1)
(1941900,1)
(8934600,2)
(2041700,32)
(1467000,2)
(1572300,1)
(2253200,1)
(7287600,1)
(519100,5)
(10851900,1)
(10810400,1)
(3393600,1)
(1631700,5)
(3451100,1)
(9914700,4)
(8341400,1)
(9455700,1)
(10216400,1)
(9752700,1)
(268000,2)
(6185400,1)
(9698800,1)
(4189200,32)
(4001900,1)
(4981200,14)
(4529400,6)
(4150400,4)
(1526400,6)
(2263100,2)
(9841800,2)
(10424300,1)
(8950800,1)
(9044300,1)
(10127300,1)
(6855600,3)
(9491700,1)
(8861700,1)
(7376700,2)
(7038200,1)
(4415000,8)
(2801300,1)
(7677300,2)
(11064200,1)
(2955300,1)
(9267600,3)
(3411500,1)
(248200,34)
(4159500,1)
(8995900,3)
(6746700,4)
(3000100,1)
(3525900,1)
(2021900,1)
(6035000,1)
(1821200,2)
(6736800,1)
(743200,11)
(7503500,1)
(10391000,1)
(9346800,1)
(10232600,4)
(9089400,1)
(1773600,2)
(675800,12)
(10924800,1)
(7470200,1)
(2777100,1)
(10440500,1)
(1532700,30)
(2306300,1)
(10578300,1)
(5727300,1)
(4426800,1)
(3228900,1)
(11089500,1)
(9513200,5)
(10475700,1)
(8970600,3)
(8782500,2)
(11242400,1)
(10891500,1)
(145600,2)
(95000,1)
(6756600,1)
(9657300,1)
(1488700,32)
(9188400,1)
(4842600,5)
(5783100,1)
(10060700,1)
(6814100,3)
(4456500,1)
(8800400,108)
(9599800,1)
(11311700,1)
(4773300,1)
(6414500,1)
(7094000,1)
(3248700,1)
(9008300,1)
(4664400,1)
(8969800,2)
(2169600,1)
(452500,2)
(2203700,5)
(9855300,1)
(8948100,1)
(11113700,1)
(827900,1)
(11198400,1)
(10297500,3)
(8859000,55)
(7133600,2)
(11178600,1)
(6766500,1)
(2207300,5)
(6726900,1)
(7786200,1)
(1156500,6)
(926900,1)
(8335100,1)
(9508800,1)
(9948000,3)
(2811200,5)
(6616100,1)
(3504200,1)
(11216300,1)
(10123700,1)
(1176300,1)
(7311800,13)
(7060700,1)
(5456400,8)
(9617700,2)
(41900,3)
(9985900,5)
(9090200,20)
(915100,14)
(10632200,1)
(2243300,2)
(3213500,1)
(7642100,1)
(5768800,6)
(6731300,2)
(8895000,2)
(10004900,1)
(9471900,2)
(1360800,3377)
(1831100,1)
(9786000,2)
(8928300,1)
(893600,9)
(9095700,2)
(2694300,2)
(2134400,1)
(8904900,1)
(2509800,2)
(1826700,1)
(9351200,2)
(7408100,1)
(1787100,1)
(8994000,4)
(4846200,1)
(10627800,1)
(1443600,3)
(3579000,2)
(8990400,1)
(9470000,2)
(2108300,5)
(9059700,1)
(4179300,4)
(3975000,1)
(3110900,1)
(1522800,2)
(10652000,2)
(1121300,1)
(4670700,1)
(2238900,4)
(9382800,1)
(1801400,1)
(1016000,2)
(11236100,1)
(29300,56)
(11267700,1)
(3591600,2)
(9206300,8)
(6928500,2)
(11297400,1)
(931300,8)
(9693300,7)
(4180100,3)
(3644700,1)
(8311700,2)
(3164000,4)
(9366600,1)
(4254900,1)
(6528900,3)
(10533200,1)
(5001800,4)
(5170100,1)
(442600,9)
(7950900,1)
(7113800,1)
(9430400,1)
(7321700,1)
(1971600,19)
(2258700,1)
(2788900,1)
(9810200,12)
(4634700,1)
(10305500,1)
(4015400,2)
(10954500,1)
(11309000,1)
(10469400,1)
(1717800,2)
(3919200,4)
(4397100,5)
(2312600,2)
(6449700,1)
(8820200,1)
(8400,184)
(9677100,1)
(10444100,1)
(8606000,1)
(3920000,1)
(9607800,2)
(10064300,1)
(566900,2)
(10396500,1)
(7404500,2)
(9762600,1)
(3712100,4)
(10950900,1)
(9839100,1)
(6711500,3)
(9277500,2)
(10117400,1)
(4545600,1)
(614500,3)
(9429600,5)
(260800,11)
(7819500,1)
(9984000,1)
(10938300,1)
(9756300,1)
(2237000,1)
(2920100,1)
(10157000,1)
(6578400,2)
(10495500,1)
(3618600,1)
(717100,5)
(1975200,1)
(5520200,1)
(3071300,2)
(9054200,2)
(1935600,1)
(4935300,1)
(125800,25)
(5585100,5)
(9711200,1)
(8980500,1)
(10404500,1)
(9079500,3)
(9273900,2)
(1783500,1)
(3120800,2)
(6869100,1)
(2623100,2)
(640600,1)
(181600,1)
(9325100,5)
(9414200,1)
(10594500,1)
(8903000,1)
(5802900,7)
(49100,2)
(3154100,36)
(11008400,1)
(4515900,1)
(9212600,2)
(3009200,4)
(1919400,1)
(10969900,1)
(8491800,3)
(9331400,1)
(2519700,3)
(8301800,1)
(8825700,2)
(10489200,1)
(8974200,7)
(9574500,2)
(5591400,1)
(9404300,2)
(3981300,1)
(9018200,3)
(4660800,1)
(10202900,1)
(877400,9)
(2065100,2)
(10371200,1)
(3342200,8)
(9503300,1)
(9163100,1)
(234700,16)
(10970700,1)
(8272100,1)
(8736600,1)
(5045000,23)
(8914800,1)
(5986600,1)
(4223300,1)
(10602500,2)
(8805900,5)
(1920200,3)
(9198300,1)
(8414300,1)
(2882400,1)
(9356700,1)
(2120900,3)
(11060600,1)
(4976800,4)
(10319000,1)
(432700,285)
(6563000,24)
(2684400,1)
(8944500,1)
(8918400,2)
(10242500,1)
(1951800,8)
(2357700,5)
(9297300,1)
(7058000,1)
(9392700,1)
(11095800,1)
(962900,2)
(6824000,9)
(10786200,1)
(10538700,1)
(3015500,25)
(10642100,4)
(9589900,1)
(10731200,2)
(8776200,48)
(2160500,1)
(7117400,1)
(10796100,1)
(10677300,1)
(6503600,1)
(3035300,7)
(4585200,2)
(6820400,4)
(2029100,1)
(7293900,1)
(1166400,1)
(2000200,236)
(10090400,1)
(10262300,1)
(269900,192)
(525400,1)
(8819400,1)
(8960700,8)
(9475500,1)
(4191900,19)
(8701400,1)
(1413900,5)
(3431300,3)
(4669900,7)
(9137000,2)
(5535600,12)
(9969700,1)
(2180300,8)
(10543100,1)
(4793100,1)
(10246100,1)
(5347500,1)
(2816700,1)
(1629000,1)
(2055200,27)
(9049800,1)
(9683400,2)
(9612200,2)
(9772500,1)
(9886900,1)
(1394100,1)
(7938300,1)
(4203500,1)
(2949000,7)
(5992900,2)
(9881400,1)
(2096700,2)
(6895200,2)
(7292000,2)
(7444100,1)
(2570000,1)
(4882200,40)
(1433700,3)
(10400900,1)
(9959800,2)
(3306200,2)
(6792600,1)
(4699600,5)
(8979700,13)
(7024700,3)
(2140700,1)
(887300,3)
(9371000,1)
(130200,2)
(9594300,1)
(9287400,1)
(591100,35)
(3274800,3)
(11085900,2)
(10574700,2)
(1985100,1)
(11247900,1)
(11099400,1)
(1896000,5)
(5472600,8)
(9627600,1)
(4228800,1)
(10450400,1)
(10490000,1)
(4290900,1)
(6701600,3)
(5614800,3)
(11080400,2)
(11163200,1)
(3482700,4)
(4520300,1)
(529000,88)
(6829500,2)
(1447200,3)
(10518900,1)
(3223400,1)
(2387400,1)
(7588200,4)
(1389700,15)
(10163300,1)
(10099500,1)
(4867900,2)
(1006100,20)
(2897800,3)
(1358100,2)
(7839300,1)
(10309100,1)
(723400,1)
(3149700,7)
(9410600,2)
(10622300,1)
(10300000,1)
(7513400,1)
(11252300,3)
(7127300,1)
(203100,117)
(8875200,1)
(10133600,1)
(1318500,102)
(10282100,2)
(8449500,1)
(9825600,4)
(1052000,1)
(9989500,2)
(8999500,10)
(4679800,3)
(4856100,4)
(6548700,2)
(10663800,1)
(4248600,1)
(3114500,1)
(169000,2)
(10287600,1)
(6523400,42)
(4175700,1)
(9805800,1)
(7262300,1)
(6810500,1)
(401100,5)
(1220300,134)
(10222700,1)
(1706000,1)
(11054300,1)
(7272200,2)
(185200,1)
(6721400,2)
(4021700,9)
(664000,11)
(2159700,1)
(1067400,6)
(4801100,2)
(2633000,1)
(1219500,6)
(9533000,2)
(10455900,1)
(966500,1)
(11117300,1)
(10960800,2)
(8786100,78)
(2690700,1)
(7048100,1)
(4986700,3)
(11188500,1)
(10850000,1)
(10809600,2)
(10958100,2)
(8989600,1)
(2164100,11)
(10829400,1)
(571300,8)
(2664600,1)
(1566000,1)
(1251900,1)
(8305400,1)
(398600,5)
(2905800,1)
(6715100,1)
(250900,10)
(9445800,2)
(2504300,1)
(2872500,12)
(4812900,8)
(4668000,1)
(4945200,3)
(6860000,4)
(9736500,1)
(8839200,46)
(388700,22)
(4000000,1)
(4613000,1)
(3327900,1)
(213000,3)
(4009100,4)
(10989700,2)
(302100,1)
(7050800,1)
(3203600,2)
(10999600,4)
(1348200,1)
(8257800,1)
(3238800,2)
(901600,1)
(11222600,1)
(8544900,1)
(9014600,1)
(654100,1)
(6762900,2)
(3961500,1)
(9257700,1)
(10762800,1)
(9523100,3)
(10414400,1)
(8705000,1)
(4702100,1)
(2496300,1)
(1314900,30)
(10612400,1)
(9980400,1)
(9706800,1)
(4195500,32)
(6908700,3)
(9024500,3)
(9538500,1)
(5822700,1)
(10653900,2)
(10776300,1)
(3664500,1)
(2892300,8)
(11158800,1)
(1379800,3)
(9236000,6)
(1546200,11)
(10819500,1)
(1592100,2)
(9851700,1)
(9127100,1)
(4509600,2)
(7499100,1)
(9038000,1)
(9074000,3)
(551500,1)
(2441300,1)
(10102000,1)
(728900,3)
(45500,41)
(7371200,2)
(5510300,4)
(120300,10)
(10855500,1)
(3051500,2)
(228400,87)
(4446600,9)
(175300,5178)
(1027800,3)
(11103800,1)
(11272100,1)
(9990300,1)
(6626000,2)
(1303100,4)
(6533300,14)
(3140600,6)
(1457100,1)
(9489000,1)
(9776100,1)
(2051600,1)
(1732100,2)
(2362100,13)
(165400,1)
(3397200,1)
(6804200,2)
(8315300,1)
(1600100,1)
(1587700,2)
(5541900,5)
(8716800,1)
(535300,12)
(8107400,1)
(2618700,1)
(9103700,1)
(2608800,1)
(9409800,3)
(9107300,1)
(1846500,59)
(9875100,2)
(650500,27)
(9637500,3)
(9787900,1)
(10849200,1)
(9820100,2)
(9293700,5)
(159100,1)
(10143500,2)
(5244900,1)
(727000,2)
(10861800,1)
(972800,3)
(610900,1)
(6845700,1)
(11202800,1)
(604600,185)
(9459300,1)
(4124300,18)
(628000,52)
(1961700,1)
(1126800,1)
(11283900,1)
(6564900,48)
(685700,1)
(1501100,21)
(10153400,1)
(5416800,4)
(10003000,2)
(4462800,2)
(238300,27)
(11090300,1)
(6170000,1)
(10673700,1)
(11277600,1)
(7782600,1)
(1767300,26)
(9080300,3)
(9954300,1)
(9386400,2)
(2005700,22)
(3560000,1)
(1681200,1)
(10434200,1)
(8400800,1)
(9034400,1)
(521800,1)
(9721100,1)
(565000,11)
(9237900,1)
(10293900,1)
(6835800,7)
(7335200,2)
(9924600,1)
(9301700,1)
(6341600,1)
(11246000,1)
(1753800,1)
(10059900,1)
(2302700,1)
(9242300,7)
(264400,16)
(8470100,2)
(2951700,10)
(10381100,1)
(5497900,1)
(9028100,17)
(10356900,1)
(10107500,1)
(9653700,1)
(110400,5)
(8840000,8)
(8896900,1)
(8351300,2)
(9829200,1)
(9554700,2)
(2638500,1)
(8810300,1)
(5383500,1)
(7419900,1)
(11028200,1)
(5248500,2)
(659600,2)
(9528600,1)
(4941600,1)
(9419700,1)
(2045300,1)
(8959900,1)
(1324800,3)
(10008500,1)
(4288200,7)
(3624900,2)
(9865200,1)
(6697200,2)
(4081100,3)
(3160400,1)
(3284700,2)
(10711400,2)
(669500,2)
(456100,8)
(6119700,1)
(10647600,1)
(4243100,1)
(10341500,1)
(10979800,1)
(5664300,1)
(7297500,1)
(6859200,1)
(3332300,2)
(1101500,1)
(8277600,2)
(4951500,1)
(2634900,1)
(1017900,13)
(290500,3)
(5966800,1)
(10903100,1)
(9568200,1)
(6584700,2)
(10792500,1)
(150000,4)
(19400,7)
(1841000,2)
(9871500,1)
(10914900,1)
(75200,2)
(3065000,5)
(5046900,1)
(7475700,2)
(733300,1)
(1384200,3)
(422800,32)
(9153200,3)
(9400700,1)
(100500,1)
(1141100,5)
(9979600,1)
(10335200,1)
(7598100,1)
(2124500,6)
(10168800,1)
(10990500,1)
(9792300,2)
(9845400,1)
(10178700,1)
(1910300,1)
(378800,1)
(9283800,2)
(9184800,1)
(6517100,1)
(10454000,2)
(10460300,1)
(8796000,1)
(1308600,29)
(4727400,1)
(8325200,1)
(4628400,1)
(11226200,1)
(9158700,1)
(1498600,70)
(679400,1)
(472300,55)
(9440300,1)
(2248800,18)
(2648400,2)
(8558400,1)
(8881500,1)
(10554900,1)
(10449600,1)
(7558500,1)
(10212800,1)
(8361200,1)
(10875300,1)
(279800,1)
(5801000,84)
(1313000,1)
(9222500,1)
(71600,5)
(11059800,1)
(4910000,2)
(10173200,1)
(7386600,1)
(10325300,1)
(5753400,19)
(8829300,3)
(5462700,1)
(9564600,1)
(3189300,1)
(2763600,803)
(3233300,1)
(8297400,2)
(4866000,6)
(3104600,24)
(10814000,1)
(6622400,1)
(4571700,1)
(630700,4)
(8871600,15)
(10419900,1)
(8460200,1)
(9726600,1)
(9908400,2)
(7366800,1)
(11305400,1)
(2832900,1)
(2783400,1)
(6918600,2)
