(7451700,1)
(1836000,6)
(2897200,6)
(10148400,1)
(11060000,1)
(11227500,1)
(10301300,1)
(5718700,2)
(230500,1)
(8975500,1)
(1314300,69)
(9045600,1)
(6914400,5)
(9975400,1)
(4447900,1)
(7491300,1)
(2151900,1)
(11164500,1)
(4898900,64)
(10409400,1)
(7949500,1)
(4042800,1)
(9930300,1)
(9128400,1)
(7055700,3)
(9904200,5)
(10485000,1)
(9529900,1)
(2629900,2)
(9805200,1)
(8607300,1)
(1365700,1)
(10782000,1)
(8288800,1)
(10514700,1)
(2628000,1)
(4799900,5)
(3592900,4)
(7647000,2)
(10746000,2)
(11095200,1)
(8658700,13)
(5600700,1)
(2115900,1)
(6538200,1)
(1816200,4)
(10970100,1)
(1986400,1)
(4416300,27)
(2056500,1)
(9504600,1)
(4996000,1)
(2327400,5)
(9233700,7)
(10538100,1)
(967800,3)
(1187500,2)
(8787400,1)
(9061800,3)
(6617400,8)
(5290200,1)
(6613800,2)
(11075400,1)
(3901500,2)
(4323600,4)
(9306600,1)
(10940400,1)
(4689100,8)
(10980000,1)
(901000,1)
(5416200,4)
(9876400,1)
(9575800,1)
(11202200,1)
(5467600,4)
(11243700,1)
(8421900,1)
(10892800,2)
(9763900,1)
(10584000,1)
(3317400,1)
(10431900,1)
(2100500,1)
(3353400,56)
(1873900,67)
(291800,3)
(1567300,2)
(2505600,2)
(11212100,1)
(7331000,1)
(10683000,1)
(3171600,13)
(8935900,1)
(6528300,1)
(4863700,1)
(6633600,2)
(9821400,2)
(5511600,4)
(1177600,1)
(11081700,1)
(9668500,2)
(9628900,1)
(10069200,1)
(1292800,77)
(10420100,1)
(6129000,1)
(2135700,8)
(2363400,2)
(10188000,2)
(9633300,1)
(8362500,1)
(10040300,1)
(1666300,44)
(11174400,1)
(7549900,1)
(8633400,1)
(3432600,1)
(5671900,2)
(4525200,2)
(3531600,2)
(10599400,1)
(10004300,1)
(3388600,24)
(6835200,1)
(1788400,5)
(9569500,2)
(9559600,1)
(8580300,1)
(4713300,3)
(708500,63)
(9392100,5)
(8900700,1)
(2630700,3)
(4675600,2)
(422200,12)
(10777600,1)
(3175200,1)
(443900,3)
(9900600,1)
(9939400,1)
(4228200,3)
(8085300,1)
(7123100,1)
(10277100,2)
(1784800,5)
(9004100,2)
(10170900,1)
(3996100,3)
(2274300,1)
(4790800,5)
(11020400,1)
(10603800,1)
(3052800,1)
(4185000,1)
(4244400,1)
(10736100,1)
(4214700,7)
(7049400,1)
(1522200,2)
(619400,68)
(11069100,1)
(7504800,4)
(10530900,1)
(8247300,2)
(1324200,3)
(8332800,2)
(10020500,1)
(10871100,1)
(5733000,2)
(4110200,2)
(10787500,1)
(1484500,3)
(6815400,1)
(5224500,1)
(4442400,4)
(10559800,1)
(9179800,2)
(9429000,1)
(6866800,1)
(8445300,1)
(562700,3)
(7035900,1)
(1717200,1)
(1893700,1)
(11040200,1)
(2171700,5)
(9985300,1)
(6767800,2)
(1152300,1)
(552800,3)
(4842000,1)
(8811600,96)
(10045800,1)
(7528200,1)
(5857300,4)
(728300,88)
(10034000,1)
(10528200,1)
(3086100,1)
(3011300,52)
(1512300,1)
(4966300,39)
(5032800,2)
(10550700,1)
(9273300,4)
(926300,9)
(2422800,8)
(380900,13)
(9342600,1)
(9643200,3)
(4685500,1)
(8415600,1)
(1106400,2)
(1587100,1)
(9846700,2)
(6077800,3)
(259400,13)
(10805400,1)
(10079100,1)
(4327200,1)
(10486900,1)
(11091600,1)
(3505500,1)
(10647000,1)
(8762100,1)
(9441600,1)
(3368800,14)
(7148400,1)
(956000,4)
(11045700,1)
(738200,14)
(774200,2)
(11184300,1)
(11273400,1)
(843500,27)
(9595600,2)
(3289600,2)
(7060100,2)
(11103200,1)
(1976500,1)
(3031100,12)
(260200,1)
(1692400,1)
(5764600,1)
(2432700,1)
(46800,8)
(10331000,1)
(7559800,3)
(5521500,1)
(10554300,1)
(10113200,1)
(5348800,7)
(135100,59)
(9283200,3)
(3072600,3)
(4630500,1)
(10257300,1)
(11065500,1)
(3001400,4)
(4155300,4)
(10881000,1)
(9539800,2)
(6564300,1)
(10060100,1)
(8311100,1)
(8945800,1)
(11233800,1)
(2343600,1)
(8929600,1)
(11263500,1)
(6202400,1)
(902900,3)
(3501900,2)
(1448500,9)
(4916800,2)
(2401100,3)
(406000,4)
(9684700,1)
(11024000,1)
(9431700,1)
(9737800,3)
(9346200,2)
(6637200,1)
(1359400,6)
(3238200,4)
(9929500,1)
(10752300,1)
(8298700,2)
(10722600,1)
(3104000,9)
(1013700,1)
(9227400,1)
(9278800,1)
(703000,1)
(3224700,1)
(2114000,4)
(10570500,2)
(11134800,1)
(9969100,1)
(1282900,2)
(5744800,3)
(1369300,1)
(5525100,1)
(9049200,1)
(2051000,2)
(2535300,1)
(10491300,1)
(2373300,21)
(4843900,1)
(10095300,1)
(8322900,1)
(5062500,1)
(9617100,1)
(6809100,1)
(3634200,2)
(9010400,1)
(303400,3)
(2640600,4)
(2155500,1)
(10108800,1)
(11168100,1)
(9950100,1)
(10801800,1)
(3383100,19)
(10267200,1)
(3279700,4)
(6688600,1)
(592400,2)
(2883700,35)
(3401000,3)
(2566900,1)
(8773900,21)
(10386000,1)
(6892900,1)
(807500,1)
(5770900,1)
(7306800,42)
(2244600,1)
(2312000,11)
(10767700,1)
(3596500,2)
(4186900,1)
(10841400,6)
(5982400,2)
(10372500,2)
(3041000,1)
(9607200,1)
(8959300,2)
(11138400,1)
(10430000,1)
(1972900,6)
(11178000,1)
(9836800,1)
(5196700,1)
(8924100,1)
(1408900,1)
(51200,11)
(7481400,1)
(1225200,8)
(2268000,2)
(2260800,1)
(6701000,1)
(1802700,3)
(3110300,3)
(6900900,5)
(96300,1)
(2092500,1)
(5728600,2)
(182900,11)
(9223800,1)
(10908000,1)
(3295900,5)
(281900,4)
(1826100,13)
(10342800,1)
(1084900,1)
(2130200,3)
(1682500,5)
(620200,4)
(6694900,1)
(6514800,9)
(9316500,2)
(7050200,1)
(35000,1)
(5853700,1)
(10896400,1)
(9103100,1)
(2284200,1)
(1676200,1)
(10960200,1)
(7637100,1)
(9955600,2)
(10607400,1)
(9960000,1)
(10772100,1)
(115300,8)
(141400,4)
(10253700,2)
(3492000,2)
(10981900,1)
(9372300,2)
(9811500,1)
(10716300,1)
(3500000,27)
(4723200,1)
(894900,1)
(4802400,1)
(9257100,1)
(7133000,1)
(2650500,2)
(7342800,1)
(121600,2)
(2972800,2)
(2822400,1)
(9148200,6)
(1652800,1)
(10995400,1)
(8856700,1)
(10465200,1)
(9698200,1)
(10010600,1)
(8797300,2)
(8471400,3)
(10694800,2)
(1748800,2)
(2649700,1)
(10009800,1)
(10475100,1)
(5734900,3)
(417800,3)
(11160900,1)
(10815300,1)
(7825200,3)
(9882700,1)
(6171300,1)
(11113100,1)
(10793800,1)
(10856800,1)
(6736200,3)
(66600,3)
(10247400,3)
(8590200,1)
(10039500,1)
(2109600,1)
(10886500,1)
(4867300,8)
(916400,5)
(7599400,1)
(7538100,2)
(9415500,1)
(2794600,9)
(3905100,3)
(2492100,1)
(7301300,1)
(10595800,1)
(9411900,7)
(1798300,1)
(9377800,5)
(7178100,1)
(5738500,10)
(2462400,4)
(7518300,1)
(2842200,20)
(982100,1)
(10103300,1)
(8277000,3)
(2388700,1)
(10949500,1)
(4412700,18)
(82800,1)
(8970000,13)
(10376100,1)
(1733400,1)
(4171500,1)
(9050000,1)
(1007400,4)
(9757600,1)
(1304400,5)
(10560600,1)
(5649400,9)
(1443000,13)
(9184200,1)
(4175100,1)
(10920600,1)
(10055700,1)
(2685700,1)
(952400,26)
(6752400,5)
(497000,66)
(3685600,1)
(10508400,1)
(675200,13)
(4026600,2)
(1852200,57)
(11257200,2)
(10579600,1)
(10065600,1)
(6871200,1)
(8919700,1)
(7321100,1)
(6800000,2)
(9367900,1)
(9924000,1)
(11108700,2)
(1601400,4)
(639200,3)
(2203100,1)
(11306700,1)
(1058800,2)
(4806000,2)
(1474600,1)
(25100,13)
(8419200,1)
(6841500,1)
(9560400,2)
(11277000,1)
(8851200,1)
(10574100,1)
(3240900,4)
(4115700,2)
(4982500,4)
(10263600,3)
(9979000,1)
(9174300,3)
(6590400,2)
(1606900,1)
(9009600,1)
(3097900,23)
(9409200,2)
(11123000,1)
(1598900,1)
(8841300,1)
(3062700,8)
(10989100,1)
(4295800,1)
(9491100,1)
(8158200,1)
(7138500,1)
(9528000,1)
(9688300,1)
(10293300,1)
(10164600,1)
(1573600,2)
(3509100,1)
(6548100,5)
(8564100,1)
(1527700,1)
(10658800,1)
(9910500,1)
(11222000,1)
(412300,4)
(10991800,1)
(1083000,3)
(7435500,1)
(8366100,2)
(8410100,1)
(6227700,3)
(4181400,4)
(10930500,1)
(2185200,3)
(9914100,3)
(4230900,30)
(6524700,37)
(10202300,1)
(4125600,1)
(10212200,1)
(9896200,1)
(9397600,1)
(1444900,1)
(9118500,3)
(10189900,1)
(10174500,1)
(4764700,1)
(1209000,1)
(8549800,1)
(2847700,3)
(9362400,1)
(4130000,2)
(1048900,1)
(9971800,1)
(1763100,1)
(5586400,1)
(2561400,3)
(9892600,2)
(8910600,26)
(8866600,1)
(4238100,1)
(8040200,57)
(8801700,1)
(1330500,16)
(9742200,1)
(176600,12)
(3204900,4)
(9168000,1)
(8737900,1)
(7400300,3)
(10623600,1)
(11030300,1)
(2313900,2)
(7430000,1)
(7376100,2)
(9919600,2)
(7603800,1)
(4546900,2)
(11039400,1)
(10835100,1)
(4333500,1)
(7409400,1)
(4807900,1)
(2487700,5)
(6787600,1)
(4906900,505)
(5946400,1)
(10706400,1)
(5883400,5)
(1636600,2)
(992000,5)
(10144800,1)
(605900,24)
(1837900,5)
(9312900,1)
(8237400,1)
(4832100,2)
(3992500,1)
(10809000,1)
(640000,7)
(4679200,3)
(8278900,1)
(1063200,1)
(893000,1)
(9861000,1)
(10481400,1)
(1319800,1)
(7584000,1)
(6580500,9)
(2951100,3)
(4941000,6)
(748100,1)
(572600,1)
(192800,3)
(9202100,17)
(724700,228)
(9706200,1)
(8995300,10)
(3680100,5)
(9212000,1)
(3280500,1)
(8263500,1)
(2041100,1)
(239600,1)
(9154500,3)
(6797500,1)
(4551300,2)
(10909900,1)
(9138300,1)
(8045700,8)
(5317200,1)
(1847800,123)
(9419100,1)
(10243800,1)
(6465300,1)
(7277100,3)
(1256800,1)
(10321100,1)
(10747900,3)
(3457900,1)
(7227600,4)
(2905200,42)
(912800,34)
(7429200,9)
(1768600,1)
(8872900,46)
(10929700,1)
(1464700,1)
(7257300,1)
(5936500,2)
(10876600,1)
(9732300,1)
(399900,17)
(11071800,1)
(5571000,1)
(9455100,1)
(11247300,1)
(10128600,1)
(10698400,1)
(10633500,1)
(1454800,4)
(11009700,1)
(7045800,1)
(2208600,1)
(2863900,3)
(10540800,1)
(10688500,2)
(2802600,3)
(1309900,1)
(6554400,4)
(784100,1)
(9549700,1)
(11283300,1)
(7405800,2)
(2639800,1)
(9831300,1)
(5497300,3)
(7352700,3)
(6999100,4)
(2001500,133)
(2307600,2)
(9623400,2)
(7283400,1)
(398000,1)
(8267100,1)
(615800,1)
(7892800,1)
(4279600,1)
(3753000,2)
(10429200,1)
(4992400,1)
(1221600,2)
(2467900,62)
(7455300,2)
(9826900,3)
(1073100,1)
(9886300,1)
(1276600,1)
(186500,41)
(9014000,1)
(9387700,1)
(4082400,6)
(6540900,1)
(10439100,1)
(1308000,3)
(7091700,3)
(7981900,1)
(9217500,3)
(11189800,1)
(6742500,1)
(10089000,1)
(3640500,1)
(9570300,1)
(7965700,1)
(8207700,1)
(10797400,1)
(11004200,1)
(3551400,3)
(10081800,1)
(10207800,1)
(10014200,1)
(11600,15)
(625700,1)
(61100,22)
(4887100,1)
(9180600,3)
(11316600,1)
(447500,115)
(6908100,2)
(3555000,1)
(10678600,2)
(8940300,3)
(4487500,2)
(3535200,1)
(600400,156)
(5956300,6)
(3482100,1)
(10050200,1)
(5774500,3)
(6698500,1)
(4798000,2)
(10449000,4)
(10757800,1)
(9580200,3)
(7909900,1)
(5888900,4)
(6811800,5)
(2477800,1)
(4501800,6)
(9019500,1)
(10273500,1)
(9638800,1)
(7065600,2)
(1235100,4)
(10613700,1)
(10831500,1)
(3270600,6)
(10673100,1)
(10549900,1)
(10534500,1)
(10035900,1)
(8637000,1)
(1867600,30)
(1686100,47)
(5987900,39)
(6918000,2)
(8301200,2)
(9579400,1)
(71000,17)
(5748400,1)
(3477700,2)
(8747800,1)
(4511700,2)
(280000,2)
(9565900,1)
(10445400,1)
(4021100,1)
(789600,14)
(3006900,1)
(718400,4)
(1334100,5)
(9124800,1)
(9727900,1)
(442000,3)
(3141900,1)
(56700,250)
(9039300,1)
(3472200,1)
(10861200,1)
(384500,24)
(9051900,1)
(11049300,1)
(1147900,29)
(9030200,1)
(3313800,5)
(6607500,10)
(9653100,1)
(15200,2)
(10382400,1)
(364700,9)
(101800,235)
(9059100,1)
(5473900,64)
(8336400,1)
(9554100,2)
(1935000,3)
(9777400,4)
(9658600,1)
(1498000,37)
(4956400,1)
(5561100,2)
(8892700,1)
(5822100,2)
(906500,8)
(11237400,2)
(2021300,6)
(2961000,1)
(10825200,1)
(1543900,11)
(9940200,2)
(8985400,1)
(9190500,1)
(10227600,1)
(1936900,1)
(9585700,3)
(8684800,6)
(3119400,6)
(10287000,1)
(9194100,1)
(9476800,1)
(5109300,1)
(4129200,6)
(1132500,7)
(4571100,1)
(10190700,1)
(3228300,3)
(9787300,4)
(4942900,9)
(9981700,1)
(11128500,2)
(483500,2)
(2624400,1)
(11144700,1)
(3274200,3)
(10585900,1)
(1778500,48)
(1737000,3)
(224200,90)
(8397700,1)
(1344000,3)
(8991700,1)
(8871000,11)
(2110400,4)
(5244300,4)
(5660100,1)
(1506000,8)
(6658900,3)
(7382400,3)
(1246900,209)
(5986000,1)
(7253700,1)
(427700,117)
(7550700,2)
(8306700,1)
(2082600,6)
(3446100,1)
(1027200,26)
(9945700,2)
(9590100,1)
(11148300,1)
(2248200,1)
(582500,1)
(9959200,1)
(11035800,1)
(2941200,1)
(9213900,2)
(10999000,1)
(5833900,32)
(2072700,1)
(7362600,1)
(4006800,2)
(9301100,1)
(10866700,1)
(9268900,2)
(3452400,1)
(3109500,1)
(9862900,1)
(9160800,1)
(4962700,4)
(630100,56)
(10732500,1)
(5422500,2)
(3254400,2)
(31400,1)
(5374900,3)
(8821500,34)
(586100,7)
(10851300,1)
(3591000,4)
(9851100,1)
(9762000,1)
(9288700,5)
(780500,14)
(9247200,4)
(394400,2)
(1662700,3)
(546500,19)
(8949400,1)
(8540700,1)
(2703600,10)
(4120100,24)
(10910700,1)
(10580400,1)
(9075300,2)
(4531500,1)
(8346300,2)
(9815100,1)
(6940500,3)
(1621200,2)
(6792000,1)
(6732600,1)
(8559700,1)
(2398600,1)
(9029400,6)
(9722400,1)
(10904400,1)
(6257400,13)
(5483800,1)
(2634300,6)
(10217700,1)
(3343500,1)
(9267000,1)
(4699000,1)
(8805300,1)
(9169900,1)
(9015900,3)
(3916900,14)
(7263600,1)
(8372400,4)
(10118700,1)
(4011200,1)
(10455300,1)
(7940400,1)
(9150900,4)
(9243600,1)
(3406500,1)
(1172100,17)
(6558000,3)
(9540600,1)
(4249900,1)
(7397800,5)
(8904300,3)
(3586600,15)
(2986300,1)
(1379200,2)
(10821600,1)
(1626700,1)
(9461400,1)
(10965700,1)
(8772000,732)
(1723500,1)
(1094800,23)
(1537600,1)
(10392300,1)
(11010500,1)
(9520800,1)
(6782100,2)
(10663200,1)
(8716200,1)
(7617300,1)
(407900,191)
(10133000,2)
(4161600,7)
(9995200,1)
(9366000,2)
(4509000,1)
(1794700,4)
(10138500,1)
(2618100,1)
(7782000,3)
(1017300,23)
(4853800,1)
(9158100,1)
(2610900,1)
(9020300,1)
(6819000,1)
(11019600,1)
(1713600,1)
(9081600,10)
(10742400,2)
(9949300,1)
(3393000,5)
(744500,9)
(21500,6)
(936200,212)
(4497400,1)
(6757900,7)
(5802300,1)
(10944000,1)
(295400,37)
(8989000,1)
(10168200,1)
(9293100,2)
(10950300,2)
(1727100,1)
(649100,1)
(7441800,2)
(9700,13)
(3703500,1)
(8178000,1)
(477200,3)
(10882900,1)
(1146000,10)
(8939500,3)
(9773800,1)
(2525400,84)
(10316700,1)
(4893400,1)
(10643400,1)
(11267100,1)
(957900,1)
(11025900,1)
(2323800,53)
(2956600,2)
(8783800,1)
(1205400,5)
(4066200,3)
(2264400,1)
(7999000,3)
(6716400,13)
(3214800,1)
(1490800,52)
(275600,2)
(655400,2)
(9113000,1)
(3936700,2)
(1433100,4)
(6825300,4)
(2832300,1)
(1381900,20)
(9263400,1)
(11029500,1)
(8909800,9)
(10712700,3)
(10504800,1)
(1557400,2)
(5551200,1)
(8896300,9)
(10589500,1)
(4196800,7)
(5780800,1)
(1193800,8)
(4837600,3)
(5758300,1)
(3521700,1)
(9189700,4)
(7059300,1)
(8496700,1)
(3748600,1)
(457400,1)
(10362600,1)
(6876700,1)
(10400300,1)
(5412600,4)
(10726200,1)
(3566800,2)
(9518100,1)
(9114900,1)
(4624200,1)
(6693000,1)
(7530900,1)
(10158300,1)
(1773000,1)
(219800,12)
(5832000,2)
(10518300,1)
(11085300,1)
(7070000,14)
(1872000,1)
(8539900,1)
(1966600,2)
(5536900,18)
(9496600,1)
(10471500,1)
(8589400,1)
(9866500,1)
(9589300,1)
(10232000,1)
(11000600,1)
(4289500,1)
(10919800,1)
(10283400,1)
(10900800,1)
(9091500,1)
(9085200,1)
(10029600,1)
(6793900,1)
(493400,55)
(8934000,3)
(4997900,1)
(220600,1)
(2456100,12)
(629300,29)
(10336500,1)
(2086200,6)
(36900,3)
(9920400,1)
(86400,1)
(794000,18)
(1703700,35)
(3264300,1)
(10410200,1)
(9199600,1)
(10451700,1)
(7372500,1)
(10979200,1)
(208000,44)
(2529000,1)
(299000,1)
(10415700,1)
(10030400,1)
(740900,4)
(8108700,1)
(1355800,1)
(9435300,2)
(467300,1)
(8455200,1)
(4131900,3)
(1329700,1)
(6451800,3)
(3191400,1)
(6570600,1)
(2992600,7)
(234100,1)
(4576600,2)
(7590300,1)
(1389100,9)
(498900,2)
(10617300,1)
(9237300,1)
(2515500,1)
(402400,3)
(9793600,1)
(8653200,7)
(6772200,15)
(11050100,1)
(1616800,1)
(5343300,4)
(4670100,1)
(8955700,1)
(5056200,3)
(1583500,3)
(3436200,1)
(681500,3)
(11278900,1)
(7039500,3)
(3294000,1)
(9352500,1)
(11059200,1)
(10653300,1)
(2812500,2)
(9332700,1)
(9108600,2)
(1697900,11)
(9909700,7)
(7069200,3)
(250300,1)
(8767600,1)
(1822500,1)
(6821700,3)
(7085400,2)
(604000,1)
(10955800,1)
(3358900,10)
(9035700,2)
(9356100,1)
(10914300,1)
(2531700,4)
(10049400,2)
(9465000,1)
(10070000,1)
(10959400,1)
(10969300,1)
(2788300,2)
(10222100,1)
(6287100,1)
(671600,14)
(2976400,1)
(9481200,1)
(10668700,1)
(4738600,1)
(1300800,1)
(696900,3)
(3462300,11)
(9170700,41)
(1047000,40)
(11179900,1)
(4788100,1)
(4259800,1)
(10811700,1)
(10387900,1)
(10435500,1)
(2664000,1)
(8321000,1)
(10091700,1)
(10637100,2)
(3619900,1)
(209900,35)
(9674800,1)
(4629700,13)
(2159100,1)
(10237500,1)
(11194200,1)
(790400,7)
(8574000,1)
(2806200,28)
(6805500,11)
(3021200,10)
(2713500,1)
(9055500,2)
(1931400,2)
(7420100,2)
(8461500,1)
(661700,1)
(8293200,1)
(8019600,1)
(9164400,2)
(2175300,3)
(2150000,1)
(3299500,2)
(9410000,1)
(196400,36)
(3416400,3)
(9603600,1)
(3327300,1)
(10975600,1)
(10425600,1)
(11079000,1)
(1642900,1)
(11288800,1)
(125200,19)
(8253600,1)
(2659600,10)
(328700,2)
(9716100,2)
(388100,3)
(2962900,1)
(11158200,2)
(6746100,1)
(2005100,1)
(2015000,2)
(6856900,2)
(3946600,1)
(6924300,9)
(200800,7)
(10075500,1)
(1370100,1)
(11301200,1)
(10352700,1)
(10544400,1)
(1261200,1)
(10405800,1)
(240400,4)
(9445200,3)
(3541500,2)
(4691800,10)
(229700,10)
(4822200,25)
(9613500,1)
(9702600,1)
(6559900,1)
(204400,2)
(10298800,1)
(4191300,9)
(1656400,25)
(3556900,4)
(8273400,1)
(5754700,1)
(8882800,1)
(8981800,1)
(8960100,1)
(8836900,4)
(9466900,1)
(3915000,1)
(1951200,6)
(5472000,5)
(8831400,4)
(10702800,1)
(11311100,1)
(8920500,1)
(1162200,1)
(10648900,1)
(2867500,4)
(5001200,1)
(9530700,2)
(993900,7)
(9510900,1)
(4817800,1)
(10180800,1)
(9134700,2)
(7570500,12)
(8815200,1)
(4707000,3)
(10199800,2)
(4556800,1)
(1360200,12)
(4936600,34)
(2347200,4)
(10627200,1)
(10783900,2)
(1832400,4)
(556400,6)
(10461600,1)
(8777500,2)
(9648700,1)
(10397800,1)
(4394800,1)
(11180700,1)
(5942800,1)
(8128500,1)
(9965500,1)
(11124900,1)
(2436300,1)
(1480900,3)
(1507900,78)
(2062800,3)
(3931200,1)
(9534300,1)
(9544200,1)
(9925900,7)
(6594000,1)
(6831600,1)
(5789900,1)
(4046400,2)
(5437900,2)
(2472300,58)
(10945900,1)
(9599200,1)
(2497600,1)
(9564000,2)
(9095100,1)
(8969200,2)
(10288900,1)
(9207600,2)
(5022900,1)
(6508500,1)
(8674900,1)
(9000500,9)
(9961900,1)
(4680000,473)
(10934100,1)
(9382200,1)
(9405600,1)
(3203000,1)
(8039400,1)
(9144600,3)
(10346400,1)
(5477500,2)
(2299600,1)
(4986100,3)
(7095300,2)
(10684900,1)
(4952800,1)
(10569700,1)
(11298700,1)
(10590300,1)
(11253600,1)
(1982800,6)
(3519000,1)
(9322800,4)
(3100400,1)
(9801600,5)
(7366200,2)
(10000700,1)
(10419300,1)
(2368900,1)
(1211700,2)
(6534600,12)
(8861100,1)
(1458400,5)
(9783700,1)
(11055600,1)
(1502400,3)
(2280600,2)
(11190600,1)
(873200,2)
(8702700,2)
(11118600,1)
(1102800,10)
(9451500,1)
(5596300,1)
(8732400,1)
(9991600,1)
(1112700,17)
(10233900,1)
(6886600,4)
(8233800,1)
(10059300,1)
(4847500,2)
(2565000,4)
(10846900,1)
(1941300,5)
(8965600,2)
(4200,7)
(1098400,1)
(10356300,1)
(962300,1)
(2966500,1)
(3066300,1)
(11170800,1)
(3323700,1)
(3096000,5)
(6602000,3)
(7896400,1)
(7287000,7)
(2337300,2)
(3655900,1)
(4347000,2)
(5713200,5)
(8352600,3)
(151300,248)
(5515200,1)
(9747700,5)
(685100,62)
(8613600,4)
(4036500,1)
(9040100,1)
(2238300,4)
(3883600,2)
(7118700,5)
(4467700,2)
(3357000,8)
(610300,4)
(1532100,1)
(9712500,1)
(41300,1)
(10019700,1)
(6861300,1)
(8979100,1)
(9514500,1)
(10134900,1)
(4535100,1)
(10024100,2)
(531100,1)
(285500,5)
(8914200,1)
(566300,4)
(9872800,1)
(4931100,1)
(5972500,1)
(9627000,1)
(10985500,1)
(9253500,1)
(3456000,5)
(6939700,2)
(1478200,2)
(10306800,1)
(5966200,1)
(10085400,2)
(8326500,2)
(1743300,10)
(1553800,2)
(9486700,2)
(922700,3)
(3185100,2)
(932600,1)
(3412800,1)
(10939600,1)
(11061900,1)
(7326600,1)
(10326600,1)
(501400,1)
(9326400,1)
(1921500,3)
(4248000,1)
(249500,11)
(2279800,1)
(883100,8)
(92700,1)
(1499900,1)
(10366200,1)
(2119500,1)
(5827600,1)
(1641000,1)
(9425400,1)
(7419300,4)
(7040300,1)
(6504900,1)
(4208400,1)
(5493700,1)
(11217600,1)
(10441800,1)
(2925000,1)
(1053300,1)
(7548000,1)
(9421800,1)
(4976200,2)
(9663000,1)
(3378700,5)
(2289700,1)
(7029600,1)
(2393100,19)
(7386000,1)
(6589600,2)
(6801900,6)
(7273500,1)
(10845000,1)
(8876500,3)
(3515400,3)
(3545100,1)
(2104100,1)
(10194300,1)
(7089000,4)
(10184400,1)
(8316600,3)
(8698300,1)
(2333700,2)
(9825000,3)
(9797200,1)
(9550500,1)
(10762200,1)
(2357100,2)
(6929800,2)
(9298600,1)
(10071900,1)
(9935800,1)
(10524600,1)
(265700,30)
(5487400,1)
(2519100,13)
(4224600,4)
(11207700,1)
(11154600,1)
(9856600,1)
(76500,4)
(1971000,67)
(8950200,1)
(6186700,4)
(9065400,6)
(9726000,1)
(9678400,1)
(11293200,1)
(3966400,2)
(4457800,1)
(9524400,1)
(9400100,3)
(3234600,1)
(214300,1)
(5614200,2)
(7797400,1)
(9471300,14)
(9069000,8)
(8825100,2)
(3608100,1)
(9664900,1)
(9025800,12)
(6904500,1)
(6930600,1)
(10311200,2)
(8793700,1)
(8886400,1)
(6712800,6)
(11014100,1)
(11223900,1)
(9767500,1)
(6726300,6)
(1547500,5)
(10564200,1)
(9311000,1)
(1296400,14)
(8835000,6)
(2096100,1)
(10924200,1)
(10548000,1)
(11199700,1)
(6934200,6)
(6722700,7)
(7524600,1)
(9336300,1)
(6627300,4)
(4708900,1)
(4972600,2)
(10496800,1)
(750800,1)
(8846800,1)
(1197400,5)
(432100,2)
(10332900,2)
(5952700,1)
(9694600,1)
(8930400,2)
(526700,8)
(3561300,1)
(3497500,8)
(10178100,1)
(9841200,14)
(10154700,1)
(2837800,8)
(3248100,1)
(3976300,2)
(7449000,5)
(9071700,3)
(5363100,4)
(111700,1)
(8971900,8)
(10123100,1)
(9508200,1)
(9752100,1)
(7544400,2)
(2066400,25)
(3290400,45)
(4545000,11)
(837200,1)
(7595800,1)
(1438600,2)
(6518400,2)
(1183900,1)
