(9330200,5)
(10172000,1)
(1939900,7)
(1343400,16)
(8953200,1)
(5346300,6)
(7735500,5)
(10771500,1)
(9682200,1)
(6890400,7)
(8850600,16)
(678200,5)
(357800,1)
(9102500,12)
(10741800,1)
(114700,155)
(8266500,2)
(2524800,1)
(2455500,5)
(7231400,1)
(9480600,1)
(11193600,1)
(10522100,1)
(3554400,1)
(2435700,24)
(11266500,1)
(6761700,1)
(2712900,1)
(10749000,1)
(9355500,2)
(1472100,10)
(7088400,2)
(10697800,2)
(3103400,1)
(10349400,1)
(10499800,1)
(981500,19)
(10183800,1)
(8578900,1)
(10484400,1)
(8601200,1)
(1914600,1)
(3362700,2)
(8408700,1)
(10329600,2)
(10880400,1)
(3673200,1)
(1681900,4)
(2425800,13)
(1452300,17)
(28100,2)
(3430100,3)
(8261000,1)
(2825400,2)
(742000,7)
(9310400,11)
(10053200,2)
(10662600,1)
(8984800,1)
(288500,4)
(7385400,1)
(9791100,1)
(3133100,2)
(4108800,3)
(8403200,2)
(9201500,3)
(1072500,2)
(10027100,1)
(336100,1)
(6547500,3)
(4069200,2)
(9523800,17)
(5050100,2)
(3461700,82)
(10587000,2)
(8553600,3)
(6593400,1)
(7122500,5)
(9152000,5)
(7063100,1)
(3400400,4)
(4861200,96)
(8958700,1)
(2954100,3)
(6557400,7)
(8776900,1)
(9450900,3)
(9598600,1)
(10319700,1)
(570100,3)
(1021100,2)
(11309700,1)
(9187200,1)
(10755300,1)
(2538300,61)
(159800,1)
(4945900,6)
(10488000,1)
(2560800,1)
(4528200,1)
(1732800,8)
(7687900,2)
(6621200,5)
(10292700,1)
(4441800,3)
(9553500,1)
(9899200,1)
(1056300,19)
(2168400,2)
(6601400,1)
(8309700,1)
(1509000,140)
(529700,34)
(6030200,1)
(90200,5)
(2055900,1)
(1777900,3)
(10616700,2)
(2366400,2)
(9106100,1)
(7187400,2)
(118300,1)
(9183600,1)
(2024300,1)
(9588700,2)
(11231300,1)
(1746300,162)
(1805700,11)
(1665700,1)
(10879600,1)
(8324000,1)
(8355600,2)
(8998300,7)
(6879700,2)
(8880300,1)
(8460900,1)
(2095500,2)
(1115700,14)
(10286400,1)
(9943200,2)
(6943500,1)
(9074700,4)
(2528400,13)
(3232100,1)
(3939700,1)
(1815600,80)
(9474300,1)
(10751700,1)
(1026600,12)
(9335700,1)
(7818300,1)
(11205200,1)
(8320400,1)
(9573300,3)
(2445600,2)
(3138600,2)
(3263700,1)
(1097800,7)
(10058700,1)
(8058600,1)
(10953300,1)
(8418600,1)
(2010800,1)
(11013500,2)
(9003500,5)
(1042800,6)
(3341000,1)
(8330300,1)
(4508400,2)
(2301500,7)
(1353300,44)
(10241300,1)
(8319600,3)
(2711000,6)
(9132200,1)
(10889500,1)
(195800,72)
(684500,5)
(7381800,1)
(5886400,11)
(10438500,2)
(10489900,1)
(8314100,1)
(11098200,1)
(130900,32)
(10106300,2)
(10719300,1)
(560200,1)
(9710000,1)
(8844300,3)
(2420300,1)
(9489700,1)
(9781200,1)
(405400,69)
(1131900,2)
(5971900,3)
(5491200,1)
(8751600,1)
(1317300,1)
(10786900,2)
(425200,3)
(1659400,2)
(10084800,1)
(10517700,3)
(10309800,2)
(6399000,2)
(4805400,1)
(1949800,2)
(9490500,1)
(1736400,1)
(2419500,1)
(1347000,8)
(783500,4)
(10350200,1)
(5580300,3)
(2465400,3)
(9157500,3)
(2647200,1)
(10687900,1)
(9112400,8)
(9984700,2)
(3653400,2)
(2415900,3)
(3954000,1)
(9153900,1)
(6894000,1)
(2153000,1)
(8885800,2)
(9953100,1)
(1214700,16)
(8796700,82)
(431500,12)
(8543700,1)
(10454700,1)
(1482000,5)
(11112500,1)
(10478100,1)
(1224600,3)
(8304200,1)
(9903600,1)
(10739100,2)
(10122500,1)
(7984900,1)
(3366300,1)
(9889300,1)
(5648800,1)
(4585900,1)
(10187400,2)
(5777500,28)
(8606700,2)
(9236700,1)
(8917200,13)
(8927100,19)
(8729100,1)
(9766900,1)
(4257300,1)
(10370000,1)
(1920900,22)
(5613600,1)
(4726200,2)
(1644000,41)
(10720100,1)
(4475100,3)
(2471700,1)
(5392200,18)
(11304200,1)
(11126000,1)
(4233900,1)
(5069100,1)
(1918200,2)
(10527600,1)
(7474500,12)
(4627200,1)
(1551300,3)
(9033200,3)
(633100,4)
(706000,12)
(995000,5)
(9709200,1)
(4392300,86)
(4040300,18)
(9502100,1)
(382000,2)
(10984900,1)
(1141800,1)
(1776000,1)
(8710100,1)
(8907300,2)
(2613900,1)
(6791400,5)
(5747800,18)
(2829000,10)
(9339300,2)
(10583400,1)
(10818300,1)
(1165200,49)
(6808500,4)
(11241200,1)
(5914200,1)
(559400,8)
(11068500,1)
(6870600,5)
(2372700,1)
(9667900,1)
(8424900,1)
(9963000,1)
(8824500,7)
(5732400,1)
(3900900,21)
(2341100,1)
(9913500,2)
(1722900,3)
(10468200,1)
(1940700,9)
(10692300,1)
(6532100,1)
(10652700,2)
(9460800,2)
(451300,4)
(4081800,1)
(882500,1)
(2809200,1)
(2706600,1)
(2810000,3)
(11088300,1)
(4189900,25)
(9864000,1)
(2612000,79)
(1171500,3)
(6517800,1)
(6642900,3)
(10849900,1)
(10261100,1)
(10567200,1)
(668300,2)
(8889400,1)
(7126100,1)
(9292500,3)
(8611100,1)
(7611200,4)
(816800,2)
(9054900,1)
(2039700,2)
(929300,3)
(160600,73)
(7329600,1)
(7587000,1)
(8937000,28)
(4222100,3)
(9147600,3)
(793400,130)
(3920700,1)
(2060300,15)
(8830800,1)
(10395300,1)
(10444800,3)
(1782300,3)
(11187300,1)
(1497400,2)
(4049400,7)
(4118700,1)
(11116100,1)
(10470900,1)
(2514900,2)
(6927300,1)
(8187300,2)
(1149000,2)
(8705700,1)
(8349300,1)
(7310600,2)
(258800,7)
(1181400,15)
(10626600,1)
(1640400,3)
(9840600,1)
(6913800,2)
(11122400,1)
(5569600,3)
(9350000,1)
(9537300,1)
(1810100,1)
(3985600,1)
(8943300,3)
(4190700,55)
(1592800,1)
(8879500,19)
(3009900,26)
(1871400,1)
(2326800,1)
(10167600,1)
(3602000,2)
(10963200,1)
(7423100,3)
(1501800,26)
(6745500,2)
(6785100,11)
(5475000,5)
(3439200,4)
(9018900,4)
(550300,34)
(10276500,1)
(9043100,2)
(4985500,3)
(10304300,1)
(1230900,1)
(1001300,3)
(9438300,7)
(6858000,3)
(10102700,1)
(10017200,1)
(8310500,1)
(203800,5)
(10157700,1)
(10116200,1)
(8978500,2)
(1792200,1)
(510700,1)
(1432500,3)
(9998200,2)
(9850500,4)
(2934300,1)
(10221500,1)
(3277200,1)
(6692400,4)
(9804600,4)
(1938000,1)
(7360100,1)
(9666000,4)
(4648900,2)
(2194500,6)
(5029500,1)
(9741600,3)
(1145400,1)
(6795000,1)
(189500,1)
(9994600,1)
(9677800,1)
(18200,121)
(9090900,1)
(8286300,2)
(268700,3)
(1835400,1)
(8709300,1)
(3919900,1)
(10197300,1)
(9251000,1)
(4716300,1)
(7370000,1)
(9325800,1)
(6796900,2)
(8454600,2)
(10215200,1)
(9786700,1)
(8340200,1)
(1483900,4)
(8938900,1)
(75900,27)
(5772000,1)
(294800,7)
(11142200,1)
(10705800,2)
(2797600,2)
(10978600,1)
(446900,1)
(5362500,1)
(2861400,7)
(11163900,1)
(4524600,2)
(10775100,1)
(8875900,1)
(2362800,1)
(6512300,1)
(8350100,2)
(10682400,1)
(2579800,3)
(9413000,1)
(10037000,1)
(9494100,3)
(6874200,1)
(935600,3)
(8859700,1)
(4574100,1)
(5599300,2)
(4004300,2)
(8468100,7)
(1383000,19)
(581900,1)
(940000,59)
(2865000,1)
(3000800,4)
(1629700,27)
(5538000,1)
(892400,1)
(3595900,4)
(415300,40)
(1521600,199)
(2623800,1)
(6355800,1)
(1845300,73)
(9231200,1)
(10335900,1)
(7636500,1)
(5797300,2)
(10126100,1)
(2050400,4)
(3202400,1)
(40700,1)
(284900,1)
(3253800,19)
(10735500,1)
(10983000,1)
(3024200,22)
(273100,2)
(2481600,2)
(5757700,1)
(2821800,9)
(4876600,1)
(10844400,2)
(10033400,1)
(10330400,1)
(5534400,1)
(7251200,1)
(753800,6)
(2090000,82)
(2475300,3)
(10162100,2)
(8808300,15)
(247000,10)
(4273500,5)
(4227600,16)
(3004400,1)
(985100,1)
(3908100,3)
(134500,50)
(991400,1)
(1086000,52)
(10345800,1)
(1928100,1)
(9820800,2)
(5950200,2)
(8818200,44)
(920200,1)
(3085500,5)
(9226800,1)
(4970100,1)
(11078400,1)
(585500,58)
(8840700,1)
(904000,15)
(4934100,1)
(4706400,2)
(7355700,1)
(3352800,1)
(9395100,1)
(7642800,1)
(11211500,1)
(456800,4)
(10236900,1)
(1240800,52)
(7106300,2)
(9547200,2)
(4024100,3)
(10038900,2)
(4991800,1)
(10320500,1)
(10136000,1)
(2787700,7)
(7136000,1)
(5919700,2)
(3217800,2)
(4559800,1)
(2800100,6)
(648500,17)
(8994700,3)
(3574200,11)
(4995400,2)
(2450000,1)
(6814800,6)
(3924300,1)
(5504700,1)
(7840800,1)
(4387900,3)
(2075700,1)
(2485200,3)
(732100,3)
(3237600,2)
(3560700,1)
(10998400,1)
(549500,2)
(9974800,1)
(6771600,23)
(664700,1)
(2693100,19)
(2400500,2)
(7626600,2)
(3524700,5)
(4886500,1)
(9875800,1)
(6775200,2)
(1274100,1)
(7147800,1)
(9007100,8)
(3107000,1)
(7211600,1)
(1762500,9)
(1970400,2)
(11167500,1)
(8870400,23)
(1422600,1)
(1299400,8)
(1290300,52)
(10094700,1)
(6577200,1)
(169700,1)
(856400,13)
(9616500,3)
(2772300,4)
(8345700,1)
(9611000,1)
(3207900,2)
(10854300,1)
(5465100,3)
(8246700,1)
(5451600,3)
(7413200,2)
(3392400,37)
(5059200,7)
(9652500,1)
(5603700,1)
(3060200,1)
(10958800,1)
(11048700,1)
(11027000,1)
(4410200,40)
(10112600,1)
(9058500,1)
(7391700,1)
(9094500,1)
(10272900,1)
(1092300,1)
(11094600,1)
(2128800,2)
(4989100,2)
(253300,16)
(4866700,1)
(5237400,1)
(2688700,1)
(10300700,1)
(9418500,2)
(421600,56)
(10137900,1)
(8913600,1)
(4168200,2)
(959000,1)
(3306900,13)
(6686100,6)
(9256500,4)
(4712700,5)
(9927000,1)
(10078500,1)
(8739000,1)
(7205300,6)
(2237700,1)
(11236800,1)
(8735400,2)
(10791300,1)
(9700100,1)
(1680000,7)
(466700,1)
(1446000,4)
(1046400,1)
(3293400,1)
(1016700,16)
(3558000,1)
(9361800,1)
(9642600,1)
(3382500,40)
(2633700,7)
(6527700,1)
(4431900,6)
(10458300,1)
(2059500,4)
(4980000,1)
(9507600,1)
(603400,13)
(9216900,12)
(3342900,1)
(10588900,1)
(654800,37)
(2590500,1)
(4965700,2)
(1333500,1)
(7692300,1)
(9705600,1)
(9084600,1)
(930100,1)
(9272700,1)
(9385200,1)
(4892800,3)
(10379100,1)
(3896500,6)
(5397700,4)
(10098300,1)
(569300,11)
(9296100,1)
(10147800,1)
(7266600,1)
(4544400,1)
(1655800,1)
(9567000,3)
(11177400,1)
(8646300,1)
(1950600,14)
(217300,11)
(1238100,3)
(11201600,1)
(5020400,28)
(2080100,1)
(9859600,1)
(10271000,4)
(8512100,1)
(9828000,1)
(8814600,4)
(919400,2)
(5306700,3)
(975200,1)
(387500,1)
(5377900,1)
(1571100,1)
(8697700,4)
(6583500,1)
(1821900,1)
(8963100,18)
(3118800,1)
(144400,2)
(4979200,2)
(6735600,1)
(9013400,1)
(10611200,1)
(9968500,1)
(9391500,1)
(3995500,1)
(8720000,4)
(5342700,1)
(9137700,1)
(6553800,3)
(7895800,1)
(4188000,11)
(4045800,1)
(11137800,1)
(482900,6)
(4409400,19)
(8968600,2)
(9304100,1)
(9221300,1)
(3321200,4)
(9656100,1)
(11132300,1)
(1908300,5)
(10359300,1)
(10598800,1)
(7824600,1)
(9329400,1)
(2004500,1)
(10375500,1)
(8988400,3)
(11292600,1)
(2678800,4)
(298400,2)
(9048600,1)
(9469900,1)
(4684900,3)
(7428600,1)
(11246700,1)
(1851600,111)
(1129200,4)
(6834600,1)
(2891100,1)
(6917400,8)
(10573500,3)
(54200,192)
(10890300,1)
(8874000,1)
(1155300,4)
(9895600,1)
(4975600,3)
(9464400,1)
(70400,3)
(1896700,1)
(10043300,1)
(9448200,1)
(3600,2)
(6616800,18)
(3113300,2)
(3603900,1)
(3020600,2)
(7084800,2)
(10324100,1)
(9252900,1)
(397400,4)
(9211400,1)
(10870500,1)
(7434900,1)
(613300,3)
(5767600,1)
(2451900,15)
(1125600,2)
(7444800,1)
(10557300,1)
(2336700,1)
(10543800,1)
(10601300,1)
(3372600,6)
(6697900,1)
(11272800,1)
(9454500,2)
(9512000,3)
(227200,33)
(11215100,1)
(3010700,1)
(9745200,2)
(5405700,1)
(9527400,1)
(10073000,1)
(9626400,3)
(7838100,1)
(530500,14)
(3404000,1)
(1581000,128)
(3415800,1)
(10296300,3)
(2273700,1)
(10537500,2)
(9351900,1)
(9729000,1)
(8375400,1)
(8360000,1)
(10205300,1)
(5673000,5)
(8593200,1)
(3040400,1)
(9557100,1)
(9053000,1)
(9543600,1)
(4668700,1)
(6715800,2)
(9262800,2)
(10895800,1)
(10448400,1)
(3528300,1)
(5981800,1)
(10048800,1)
(9414900,33)
(10007300,1)
(698000,3)
(743900,10)
(961700,6)
(8489800,1)
(5970000,2)
(699900,4)
(2627400,1)
(9721800,2)
(8300600,1)
(7786900,1)
(1825500,1)
(10381800,1)
(2008100,1)
(2018000,3)
(3065700,24)
(10310600,2)
(11084700,1)
(7330400,1)
(7577100,1)
(763700,1)
(2305100,8)
(9771300,1)
(10686000,1)
(11276400,1)
(11226900,1)
(3316800,2)
(6506000,1)
(2939800,3)
(10606800,1)
(9241100,1)
(9839800,1)
(10334000,1)
(3190800,1)
(6537600,9)
(10507800,1)
(618800,23)
(10632900,1)
(9215000,2)
(1388500,1)
(4570500,8)
(11028900,1)
(607000,22)
(9672300,1)
(10968700,1)
(9755100,1)
(3914400,8)
(10314200,1)
(10796800,1)
(11173800,1)
(11106200,1)
(5892700,7)
(9282600,1)
(10729200,1)
(8854200,93)
(2766000,2)
(179600,1)
(9349200,2)
(5975500,3)
(9978400,1)
(2975800,27)
(5712600,17)
(9870300,1)
(1959700,15)
(2206100,4)
(6854400,2)
(9606600,3)
(3029700,1)
(11074800,1)
(9880200,1)
(7583400,1)
(10869700,1)
(1772400,1)
(10874100,1)
(3495000,1)
(9622800,1)
(5589400,1)
(8903700,1)
(377600,79)
(11064900,1)
(248900,24)
(10177500,1)
(10864200,1)
(6740000,1)
(2070200,6)
(6824700,2)
(10173900,1)
(3044000,1)
(1934400,1)
(10804800,1)
(8771400,6)
(9315900,2)
(3892900,1)
(10834500,1)
(3283500,1)
(9371700,4)
(11261000,1)
(5410100,1)
(9246600,1)
(2767900,2)
(4683000,1)
(3034100,2)
(3929800,1)
(10389000,1)
(6636600,3)
(4564200,3)
(1561200,2)
(9424800,2)
(11221400,1)
(9193500,1)
(9517500,1)
(60500,8)
(3580500,1)
(6751800,17)
(2439300,6)
(9829900,1)
(1660200,1)
(4415700,3)
(5496700,1)
(1979500,47)
(1120100,1)
(6641000,2)
(7588900,2)
(2049600,4)
(6385500,1)
(1886800,1)
(8391600,2)
(9938800,1)
(9601100,1)
(10246800,1)
(4678600,3)
(4332900,1)
(8804700,15)
(243400,17)
(1175100,1)
(8725500,1)
(9068400,1)
(5762100,2)
(1307400,6)
(1487500,1)
(476600,4)
(441400,1)
(2726400,1)
(5425500,1)
(10666200,2)
(2979400,1)
(8677900,3)
(5382300,1)
(10937100,1)
(10933500,1)
(5564100,1)
(10132400,1)
(2277300,4)
(108400,5)
(1820000,1)
(7729200,1)
(9810900,1)
(7068600,3)
(5793700,3)
(9116000,7)
(10365600,1)
(7043300,1)
(5815200,1)
(3331100,3)
(8860500,1)
(4569700,8)
(1285900,1)
(2637300,3)
(11023400,1)
(4382400,1)
(8973000,4)
(5419200,2)
(10282800,1)
(5233800,1)
(4178100,11)
(9988300,1)
(9320300,1)
(6573600,4)
(11038800,1)
(3405900,7)
(872600,14)
(4959400,1)
(9578800,1)
(1609900,2)
(9428400,1)
(7403300,1)
(1457800,7)
(9583200,1)
(2252000,3)
(4439100,1)
(599000,51)
(9711900,3)
(8335800,1)
(7276500,2)
(5316600,3)
(4548000,1)
(11102600,1)
(7116200,6)
(2762400,2)
(11251100,1)
(8849800,1)
(2316900,4)
(1062600,32)
(1904700,3)
(8828100,1)
(1556800,1)
(9814500,2)
(4821600,4)
(1011200,5)
(9646200,2)
(4688500,4)
(9719100,1)
(6902000,2)
(6741900,2)
(10088400,1)
(8781300,24)
(10433000,2)
(5835000,1)
(9468000,1)
(10824600,1)
(1679200,7)
(5439000,19)
(1566700,160)
(7621100,2)
(3485100,1)
(9286200,1)
(10814700,1)
(10715700,2)
(2396100,1)
(9375300,2)
(2293500,2)
(8974900,3)
(8719200,1)
(4530900,2)
(1974000,1)
(11300600,1)
(8084700,3)
(4584000,2)
(9808200,1)
(2491500,1)
(10211600,1)
(7193700,6)
(10765200,1)
(6494400,9)
(4896400,1)
(9697600,3)
(7365600,1)
(6696000,4)
(6720200,2)
(10385400,1)
(10730000,1)
(7098300,2)
(2321300,5)
(2989300,1)
(9885700,1)
(1348900,9)
(10423100,1)
(5969200,1)
(9834300,3)
(9319500,5)
(10973100,1)
(1467700,2)
(10656300,1)
(11152100,1)
(9917100,8)
(9381600,1)
(10917300,1)
(5985400,3)
(10547400,1)
(5737900,3)
(11157600,1)
(263200,4)
(10884000,1)
(1279600,38)
(185900,1)
(1576600,1)
(8116100,1)
(5554200,1)
(6739200,2)
(10860600,1)
(9300500,2)
(11162000,1)
(2188200,1)
(9177300,5)
(11262900,1)
(4138500,1)
(8933400,1)
(565700,2)
(9865900,1)
(4237500,1)
(6095100,1)
(8413100,1)
(9849700,2)
(6895900,1)
(3904500,2)
(4815300,1)
(4010600,1)
(3570600,1)
(3227700,1)
(6567300,1)
(10988500,1)
(10142300,1)
(1218300,3)
(9761400,1)
(10355700,2)
(10494300,1)
(9470700,4)
(10785000,1)
(1191300,8)
(9907200,1)
(6859900,5)
(2253900,4)
(10403300,2)
(9879400,1)
(3409500,9)
(10474500,1)
(2430200,1)
(9078300,1)
(1254300,1)
(1809300,4)
(69600,17)
(1716600,6)
(5352600,1)
(1384900,1)
(7998400,1)
(7221500,1)
(2113400,10)
(6704000,12)
(10003700,1)
(128200,1)
(7073000,3)
(7557300,1)
(1036500,2)
(4702800,1)
(7606800,1)
(4075500,2)
(10074900,1)
(1645900,48)
(9408600,1)
(2871300,3)
(949100,13)
(9340100,3)
(9122300,1)
(8448300,2)
(10256700,2)
(8666100,1)
(11296200,1)
(10761600,1)
(6818400,1)
(1313700,1)
(11286300,1)
(10023500,1)
(3793900,1)
(10413200,1)
(9612900,1)
(4950300,6)
(2698600,2)
(2495100,3)
(9735300,1)
(10418700,1)
(11197200,1)
(1669300,2)
(717800,1)
(2949700,2)
(2044100,324)
(5298700,8)
(10859800,1)
(2263800,1)
(1634100,64)
(5524500,2)
(2534700,6)
(10577100,1)
(5861100,1)
(4184400,1)
(7499800,1)
(1797700,1)
(10502300,1)
(6597000,1)
(1535100,11)
(9403100,2)
(4496800,1)
(747500,6)
(3356400,10)
(797000,2)
(5949400,1)
(11256600,1)
(8423000,1)
(8869600,27)
(1135500,1)
(8276400,2)
(10913700,1)
(10948900,1)
(148000,3)
(2386200,4)
(10808400,1)
(9890100,8)
(6923700,10)
(1525200,11)
(2356500,1)
(2184600,5)
(7102700,39)
(5461500,1)
(5716200,2)
(925700,5)
(8479900,1)
(2123300,3)
(3297000,1)
(10781400,1)
(7324100,1)
(6605000,1)
(59700,1)
(9434700,2)
(9568900,3)
(9167400,1)
(11058600,1)
(10994800,2)
(4787500,5)
(9818100,1)
(8755200,1)
(9444600,1)
(644900,7)
(9632700,1)
(9692100,3)
(2315000,13)
(11017100,1)
(10266600,1)
(10709400,1)
(207400,5)
(9751500,1)
(1378600,9)
(8838000,7)
(3123200,4)
(10830900,1)
(3579700,1)
(628700,12)
(2701100,1)
(11053100,1)
(8272800,1)
(1839000,16)
(2959600,2)
(5882800,1)
(3206000,4)
(4039500,2)
(4461600,2)
(8791200,2)
(3455400,10)
(6765300,5)
(1327200,4)
(6907500,4)
(8864100,1)
(6587100,1)
(7484400,2)
(8682300,1)
(8765100,84)
(3008000,3)
(7058700,1)
(10631000,1)
(9173700,1)
(2158500,11)
(8365500,1)
(10512200,1)
(10369200,1)
(2673300,1)
(6719400,1)
(9636300,2)
(9687700,1)
(5590200,1)
(5736000,10)
(9309600,1)
(1756200,6)
(1891200,1)
(9484200,1)
(9479800,1)
(9369000,1)
(2034200,1)
(2657100,1)
(8775000,1134)
(24500,162)
(4504800,1)
(8700200,1)
(8361900,1)
(237100,2)
(3559900,1)
(1185000,5)
(8369100,1)
(9197100,1)
(1087900,1)
(3475200,1)
(4133000,1)
(1161600,1)
(2607600,3)
(8715600,1)
(10339500,1)
(1614300,3)
(9593100,1)
(1511700,12)
(2392500,1)
(9365400,3)
(1130000,4)
(3397900,1)
(10646400,1)
(3108900,1)
(10013600,1)
(4722600,1)
(7137900,1)
(6626700,3)
(10840800,1)
(89400,1)
(9933300,1)
(4154700,1)
(608900,2)
(7470900,1)
(9765000,2)
(10553700,1)
(10532000,2)
(9533700,1)
(3188100,3)
(10391700,1)
(3273600,2)
(4835100,4)
(1841700,1)
(409000,67)
(435100,11)
(9860400,1)
(1249900,1)
(1829100,1)
(11282700,1)
(1989400,1)
(10943400,1)
(9127800,1)
(3386100,23)
(10068600,1)
(9205100,3)
(9928900,1)
(2683200,2)
(1006800,2)
(9948700,1)
(8839900,4)
(278600,1)
(6725700,3)
(886100,1)
(4617300,3)
(6889600,4)
(1582900,1)
(1619800,2)
(10593300,1)
(2908200,2)
(10533900,1)
(10408800,2)
(1373100,1)
(2117000,1)
(2964000,12)
(6860700,2)
(3471600,3)
(9266400,1)
(6749100,1)
(1234500,60)
(11063000,1)
(64100,314)
(2792100,50)
(11314100,1)
(2831700,1)
(8834400,2)
(1711100,2)
(8474400,1)
(8676000,1)
(8923500,2)
(5518200,1)
(10434900,1)
(99300,2)
(223600,6)
(10700300,1)
(8033300,2)
(10885900,1)
(1944300,1)
(7781400,2)
(5476900,3)
(445000,6)
(10745400,1)
(8786800,89)
(9662400,1)
(1954200,5)
(9824400,1)
(7371900,1)
(10899400,1)
(2904600,1)
(10923600,1)
(6563700,6)
(10838100,1)
(4194300,133)
(7201700,1)
(10947000,1)
(4180800,4)
(591800,3)
(1052700,1)
(6880500,2)
(10063100,1)
(8899300,1)
(3095400,8)
(896000,2)
(2331200,1)
(9359100,1)
(8490600,1)
(9038700,1)
(4400300,1)
(7296300,1)
(3099000,5)
(6729300,1)
(4144800,1)
(3459000,1)
(6705900,2)
(2782200,1)
(2663400,2)
(3550800,3)
(4321100,1)
(10235000,1)
(6937200,2)
(9028800,1)
(3496900,3)
(727700,1)
(10672500,1)
(6933600,3)
(6598900,44)
(79500,1)
(5910600,5)
(2138700,3)
(11033300,1)
(1505400,20)
(10152200,1)
(9117900,2)
(3481500,1)
(1082400,17)
(199400,218)
(6884100,2)
(10848000,1)
(10251200,1)
(3144900,2)
(2030600,3)
(10676100,1)
(8329500,1)
(4288900,3)
(1303800,4)
(471100,15)
(4445400,1)
(10636500,1)
(10642800,1)
(3199900,1)
(10231400,1)
(3396000,9)
(154300,19)
(8464500,1)
(5560500,3)
(6803000,2)
(9458100,1)
(10907400,1)
(11225000,1)
(1726500,7)
(481000,70)
(1675600,32)
(9923400,1)
(9499600,1)
(1416300,2)
(6709500,1)
(8948800,2)
(10371900,1)
(1284000,176)
(1515300,41)
(1800200,2)
(1685500,4)
(10731900,1)
(9964900,1)
(9958600,1)
(9017000,1)
(6755400,2)
(9142100,4)
(9314000,1)
(5039400,1)
(9776800,1)
(38000,1)
(8895700,20)
(4694800,1)
(1358800,2)
(8642700,3)
(2020700,3)
(10360100,2)
(4243800,3)
(11183700,1)
(9513900,3)
(10464600,1)
(9830700,1)
(11127900,2)
(5959300,1)
(8890200,1)
(9725400,1)
(5180700,1)
(11147700,1)
(555800,1)
(9854100,1)
(3990000,1)
(680900,1)
(3030500,9)
(372100,1)
(2247600,1)
(658400,64)
(8262900,2)
(9163800,4)
(11007200,1)
(1031000,2)
(9796600,2)
(1670100,2)
(10903800,1)
(7200,2)
(3376200,37)
(10193700,2)
(7512200,4)
(965300,4)
(150700,60)
(20900,3)
(10340300,1)
(7389000,2)
(10480800,1)
(10201700,1)
(4841400,1)
(10563600,1)
(1228200,38)
(1032900,1)
(2429400,1)
(7676100,6)
(9023300,10)
(8385300,1)
(955400,1)
(1546900,75)
(1477600,1)
(6804900,1)
(3174600,1)
(10490700,1)
(5930400,2)
(1545000,1)
(9563400,3)
(10828200,1)
(3154800,2)
(10225100,1)
(1280400,2)
(9276300,1)
(897900,2)
(9345600,1)
(2960400,19)
(3503000,1)
(1531500,2)
(5550600,2)
(3180900,2)
(5061900,12)
(4550700,1)
(712300,122)
(9869500,1)
(2178300,2)
(7038900,1)
(1426200,1)
(2845200,4)
(1706700,4)
(4851300,1)
(11310500,1)
(4000700,19)
(8537400,3)
(6730100,3)
(4123100,2)
(10428600,1)
(9088200,14)
(6781500,3)
(3059400,1)
(4174500,4)
(4170900,2)
(383900,15)
(10850700,1)
(10621100,1)
(11043200,1)
(10725600,1)
(3999100,3)
(3410300,1)
(401800,2)
(9844200,1)
(9715500,1)
(4158300,3)
(3050300,4)
(8820900,1)
(3019800,2)
(10927200,1)
(1105800,2)
(9064800,9)
(11003600,1)
(1639600,3)
(9731700,1)
(10710200,1)
