(4683600,9)
(5940900,2)
(8781900,1)
(11106800,1)
(8997000,1)
(2329100,2)
(6708200,23)
(1980900,1)
(10239200,1)
(7997100,1)
(9878100,1)
(1436700,1)
(9027500,4)
(10562300,1)
(9542300,1)
(891100,8)
(10542500,1)
(8943900,3)
(2084300,1)
(8369700,2)
(6790100,2)
(202500,1)
(613900,5)
(9359700,1)
(5346900,3)
(1165800,5)
(10719900,1)
(9572000,1)
(9870900,2)
(1786500,3)
(4216400,3)
(10754000,1)
(10807100,1)
(3084200,1)
(6493100,1)
(6556100,1)
(1664400,1)
(8291300,2)
(5752800,2)
(5698900,1)
(3574800,11)
(6204100,1)
(1180100,3)
(9077000,1)
(9724100,1)
(4480100,2)
(9894300,3)
(5366700,1)
(8874600,2)
(8417300,1)
(1451000,6)
(4885200,2)
(10729800,1)
(3990600,3)
(10868400,1)
(5064200,2)
(10947600,1)
(3325400,2)
(10394000,1)
(2741300,1)
(9304700,1)
(9922100,1)
(1551900,14)
(44900,6)
(7501000,1)
(657100,1)
(4855500,3)
(1771100,1)
(10546100,1)
(10615400,1)
(11121100,1)
(10027700,1)
(3193100,1)
(11093300,1)
(11083400,1)
(924400,13)
(11037500,1)
(6894600,1)
(4835700,2)
(10681100,1)
(9437000,1)
(1294500,1)
(4715000,1)
(3173300,1)
(6714500,1)
(920800,4)
(4444100,1)
(11186000,1)
(6906200,1)
(8765700,4950)
(471700,2)
(9781800,1)
(10635200,1)
(7101400,1)
(10423700,1)
(7457000,1)
(1426800,5)
(10111300,1)
(8880900,2)
(10348100,1)
(3499200,1)
(2474000,1)
(6750500,4)
(716500,1)
(3366900,30)
(1150400,2)
(3568500,1)
(910900,2)
(10645100,1)
(1357500,1)
(4490000,2)
(10458900,1)
(5594400,1)
(4809600,3)
(7729800,1)
(2282300,19)
(113400,40)
(10619000,1)
(5979700,2)
(2236400,1)
(10077200,1)
(10314800,1)
(7334600,1)
(5282000,1)
(9973500,1)
(1684200,6)
(9864600,1)
(10927800,1)
(1076700,7)
(1191900,11)
(4849200,1)
(1705400,3)
(3321800,19)
(2834000,1)
(766000,3)
(3584700,7)
(851500,40)
(5361200,2)
(8359800,2)
(612000,1)
(11215700,1)
(2420900,1)
(528400,1)
(10136600,1)
(9854700,2)
(10501000,1)
(647200,5)
(4044500,1)
(8348000,1)
(9219200,6)
(5381000,4)
(1363800,4)
(4202900,1)
(6807200,3)
(8791800,1)
(1144100,1)
(9749400,1)
(10676700,1)
(7369800,1)
(419500,7)
(8898000,2)
(1213400,1)
(8932100,1)
(1367400,1)
(6681200,1)
(9927600,1)
(9907800,1)
(10522700,1)
(7942100,2)
(554500,2)
(2242700,4)
(1670700,18)
(5969800,1)
(3989800,1)
(1175700,6)
(7494900,4)
(722800,6)
(8987100,11)
(602100,18)
(8136500,1)
(10973700,3)
(1559100,71)
(9917700,1)
(11022100,1)
(8833100,1)
(6641600,1)
(8304800,1)
(9771900,1)
(2339000,5)
(10587600,1)
(459100,3)
(8597400,1)
(9998800,1)
(1416900,1)
(10843100,1)
(10017800,1)
(564400,24)
(10197900,3)
(9053600,6)
(9625100,1)
(11281400,1)
(4697100,2)
(5371100,1)
(1530200,4)
(10106900,2)
(2018600,1)
(2206700,2)
(6926000,1)
(1519500,2)
(10493000,2)
(4454000,2)
(10506500,1)
(5508900,1)
(918100,2)
(8947500,4)
(4871700,1)
(9631400,1)
(2677500,3)
(1539300,9)
(1096500,29)
(10219400,1)
(6858600,1)
(4404500,2)
(1352000,1)
(6567900,1)
(11251700,1)
(8577600,1)
(11231900,1)
(4533200,3)
(9245300,4)
(8557800,2)
(9977100,1)
(2117600,3)
(2598300,2)
(10196000,1)
(4673700,3)
(7817000,10)
(985700,29)
(6848700,2)
(9229100,1)
(4990500,1)
(3459600,3)
(11101300,1)
(4499100,1)
(2335400,1)
(10744100,1)
(6220300,1)
(2527100,2)
(9848400,1)
(2044700,4)
(6789300,2)
(9370400,7)
(1373700,9)
(10340900,1)
(10838700,1)
(11136500,1)
(10063700,2)
(429400,21)
(8789100,46)
(5617800,2)
(9874500,1)
(8562200,1)
(8967300,1)
(9156200,1)
(10592000,1)
(7780100,1)
(9988900,3)
(8700800,1)
(7567800,1)
(5697000,1)
(9210100,1)
(9769200,1)
(10765800,1)
(6600100,1)
(10453400,1)
(6691100,13)
(1456500,1)
(653500,7)
(950500,3)
(4528800,25)
(1086600,17)
(9834900,2)
(11088900,1)
(2341700,1)
(11197800,1)
(1565400,58)
(9567600,3)
(6898200,73)
(2262500,3)
(1808000,1)
(10359900,1)
(2809800,6)
(7057400,1)
(5861700,1)
(1644600,1)
(1613000,2)
(2310100,1)
(10478700,2)
(8022100,1)
(6827000,12)
(8993400,1)
(1066800,1)
(1575300,2)
(683200,2)
(6779400,1)
(11235500,1)
(5762700,5)
(64700,40)
(617500,61)
(366400,2)
(10720700,1)
(9937500,1)
(7098900,3)
(7364300,1)
(440100,9)
(9136400,10)
(4392900,2)
(8536100,2)
(9220000,1)
(2163500,22)
(7522700,1)
(5742900,1)
(7186100,3)
(1051400,1)
(6863000,1)
(3918600,2)
(10704500,1)
(1179300,1)
(6760400,5)
(9704300,1)
(10724300,1)
(10087100,1)
(5293800,1)
(232200,9)
(1134200,1)
(736300,56)
(10750400,1)
(1337700,4)
(9890700,2)
(10240000,1)
(8749500,1)
(9943800,1)
(301500,7)
(451900,9)
(9098700,1)
(9899800,1)
(3558600,1)
(11286900,1)
(711000,2)
(2300200,1)
(10749600,1)
(9502700,2)
(9172400,1)
(9770000,1)
(10691000,1)
(3652100,4)
(1800800,3)
(3102100,1)
(1431200,1)
(1891800,65)
(1741400,4)
(2023000,1)
(263800,9)
(855100,2)
(1139700,3)
(10358000,2)
(2903300,1)
(7053800,3)
(1958400,1)
(6522800,5)
(10625300,1)
(10318400,1)
(3329000,2)
(10516400,1)
(10789200,1)
(8953800,3)
(3300100,1)
(9601700,1)
(10083500,2)
(9111100,1)
(8448900,3)
(8593800,1)
(3050900,1)
(10235600,1)
(1820600,9)
(10967400,1)
(9197700,3)
(449200,12)
(10407500,1)
(4819500,1)
(10902500,1)
(5928300,3)
(6817100,9)
(10390400,2)
(10354400,1)
(667000,8)
(5602400,1)
(396100,13)
(9448800,1)
(534700,7)
(9334400,3)
(3495600,8)
(10389600,1)
(2636000,1)
(9889900,1)
(4058000,1)
(88100,9)
(979400,1)
(9967200,1)
(6625400,8)
(94400,2)
(2839500,7)
(8552300,1)
(4523300,12)
(10022200,1)
(8582000,1)
(9215600,3)
(11192300,1)
(7597500,1)
(5564700,1)
(11053700,1)
(6813500,2)
(10710800,1)
(7295000,2)
(10932200,1)
(746200,44)
(4287600,1)
(277300,1)
(5267700,1)
(10494900,1)
(1377300,56)
(10261700,1)
(10916000,1)
(8360600,1)
(1486200,11)
(10631600,1)
(871300,3)
(10057400,1)
(5895000,1)
(9349800,1)
(9255200,3)
(1907000,1)
(5475600,1)
(726400,52)
(5797900,3)
(3089700,2)
(10977300,1)
(2404700,1)
(1045100,8)
(9547800,1)
(8983500,1)
(845200,2)
(9122900,2)
(1984500,4)
(6265400,2)
(6532700,3)
(3994200,2)
(9002200,3)
(2934900,1)
(6597600,2)
(8740400,7)
(5851800,2)
(43000,19)
(9251600,2)
(4584600,1)
(1709000,10)
(2147300,1)
(560800,6)
(9636900,1)
(6645200,3)
(570700,6)
(7111300,2)
(9759300,1)
(10785600,1)
(8265200,1)
(4687200,1)
(133200,274)
(10308500,1)
(10384100,3)
(11239100,1)
(1549200,3)
(10692900,1)
(11012200,1)
(9012100,4)
(10799100,1)
(9182300,1)
(9474900,1)
(4851900,16)
(2642300,1)
(10817000,1)
(7281500,4)
(5331500,2)
(1019000,6)
(11057300,1)
(11152700,1)
(5598000,4)
(9760100,1)
(9765600,1)
(2958300,2)
(5404400,1)
(11126600,1)
(4543100,16)
(5736600,8)
(1071200,1)
(6710900,1)
(9116600,4)
(2697300,7)
(84500,4)
(513000,1)
(287200,38)
(1155900,1)
(2122000,1)
(3410900,4)
(10285100,1)
(9088800,2)
(376300,218)
(2984400,1)
(10532600,1)
(7407500,1)
(5335100,7)
(10417400,1)
(9953700,1)
(10718000,1)
(1850300,117)
(8407400,1)
(8818800,5)
(3673800,1)
(1885500,1)
(10291400,1)
(7493000,5)
(6676800,1)
(2321900,1)
(8823200,3)
(2994300,2)
(6744200,8)
(3147200,1)
(9265100,2)
(9407300,1)
(1870100,3)
(9399300,1)
(9808800,1)
(3044600,2)
(6619100,1)
(1569000,2)
(5599900,3)
(6629000,10)
(2459700,1)
(10739700,1)
(9605300,2)
(10142900,2)
(584200,3)
(1504100,46)
(2829600,2)
(2391200,2)
(3252500,1)
(1496100,1)
(6764000,1)
(1903400,1)
(7077200,1)
(5984100,3)
(1928700,8)
(8899900,9)
(9390200,2)
(10803500,1)
(8609000,1)
(10700900,1)
(6884700,2)
(4257900,1)
(1875600,2)
(10166300,1)
(1561800,3)
(11087000,3)
(8734100,1)
(1701800,5)
(1669900,7)
(6888300,2)
(1824200,1)
(3485700,4)
(8813300,7)
(5444000,1)
(5918400,2)
(3434300,73)
(4376700,1)
(58400,10)
(5673600,2)
(4950900,4)
(1514000,10)
(10661300,1)
(9656700,2)
(5948100,1)
(9281300,1)
(9007700,1)
(9453200,3)
(1317900,1)
(9700700,1)
(10853000,1)
(10334600,1)
(10413800,2)
(9083300,1)
(3449700,2)
(7380500,1)
(2277900,23)
(6775800,1)
(9987000,7)
(6552500,2)
(4371200,1)
(4232600,3)
(1819800,3)
(6605600,2)
(5445900,1)
(7973700,2)
(3232700,2)
(1938600,2)
(6635300,24)
(2167100,2)
(8927700,1)
(222300,1)
(11156300,1)
(2090600,1)
(1555500,2)
(1782900,14)
(5489100,1)
(3168900,2)
(2211100,1)
(7067300,1)
(11261600,1)
(10002400,1)
(10641500,1)
(10666800,1)
(9126500,1)
(9522500,1)
(2495700,2)
(9552200,1)
(2444300,13)
(3236300,1)
(2246300,12)
(2507300,2)
(4183100,4)
(8838600,4)
(633700,8)
(10593900,1)
(107100,13)
(9261500,1)
(4772700,1)
(38600,12)
(475300,2)
(8799000,2)
(6833300,1)
(5721200,4)
(2632400,1)
(5716800,8)
(212400,23)
(4792500,1)
(415900,1)
(1658100,1)
(9833000,4)
(9043700,1)
(2845800,1)
(8807000,15)
(11176100,1)
(6770300,1)
(1415000,1)
(5481900,3)
(128800,13)
(5809500,1)
(10651400,1)
(8704400,2)
(10131100,2)
(2464100,4)
(4107500,1)
(1699600,1)
(944200,15)
(5588100,4)
(9597300,1)
(10740500,1)
(217900,1)
(3319100,1)
(8374100,1)
(7324700,1)
(10006000,1)
(7210300,1)
(637300,1)
(9557700,1)
(2810600,1)
(9775500,1)
(1804400,7)
(7447100,1)
(2325500,6)
(10952000,1)
(7328300,1)
(9033800,3)
(10463300,5)
(2376900,2)
(10780100,1)
(4449600,1)
(3968100,1)
(9271400,1)
(6720800,2)
(5491800,1)
(5590800,1)
(2079900,1)
(10182500,3)
(9750200,1)
(8686500,1)
(2177000,2)
(2424500,7)
(914500,34)
(4513400,2)
(8611700,1)
(4004900,1)
(3351500,1)
(10399500,1)
(9286800,1)
(3335300,1)
(2776500,2)
(579800,1)
(10963800,1)
(10734200,1)
(544600,4)
(6795600,1)
(273700,2)
(9593700,2)
(3107600,1)
(10770200,1)
(9443300,1)
(9276900,5)
(2771000,5)
(10922300,1)
(3480200,15)
(3345200,6)
(7399500,4)
(1756800,8)
(7818900,3)
(787700,4)
(4875300,1)
(4517000,7)
(5974200,1)
(2715200,1)
(3331700,3)
(1948500,4)
(98000,18)
(8285000,1)
(6916100,2)
(8720600,1)
(4450400,1)
(2824100,1)
(9888000,1)
(4158900,3)
(10775700,1)
(1189200,11)
(10894500,1)
(10433600,1)
(9734000,1)
(866900,1)
(9719700,1)
(3272300,1)
(7453400,5)
(3292100,5)
(8803400,3)
(9037400,2)
(1679800,40)
(2855700,1)
(7374200,1)
(8220100,1)
(10848600,1)
(8641400,1)
(8043800,1)
(267400,14)
(11111200,1)
(6754100,1)
(3211000,1)
(3266000,1)
(5830100,2)
(3305600,2)
(1284600,5)
(4503500,24)
(9621500,1)
(190900,1)
(8744000,2)
(2662100,47)
(10395900,2)
(9374000,1)
(4178700,11)
(9745800,1)
(11162600,2)
(9296700,1)
(6868500,1)
(9339900,3)
(9795300,1)
(9239000,1)
(6344600,1)
(3315500,5)
(10172600,1)
(3507200,2)
(1581600,1)
(3999700,3)
(1618500,1)
(2319200,1)
(1715300,9)
(1203500,2)
(1114400,12)
(9121000,3)
(4974300,1)
(1954800,1)
(10609100,1)
(351000,1)
(11007800,1)
(9275000,1)
(1881900,6)
(2266100,1)
(8676600,1)
(2153600,3)
(934300,18)
(7271600,1)
(9142700,1)
(1199100,7)
(10730600,1)
(2881800,2)
(9932000,3)
(8854800,5)
(9354200,1)
(3490100,10)
(1298100,4)
(3277800,1)
(420300,11)
(5891400,30)
(2430800,1)
(10229300,1)
(4954500,2)
(9714200,1)
(4400900,1)
(10621700,1)
(10152800,3)
(1525800,1)
(9152600,2)
(10032100,1)
(10121200,1)
(10303000,1)
(3064400,1)
(154900,4)
(6153200,1)
(8635100,3)
(404100,25)
(10567800,1)
(7176200,1)
(10577700,1)
(9868200,1)
(627400,7)
(1387200,1)
(4060700,2)
(7131100,3)
(1218900,1)
(4820300,3)
(5568300,1)
(28700,16)
(7433600,2)
(3578400,1)
(1025300,7)
(2112100,1)
(9385800,3)
(4627800,2)
(10854900,1)
(10097000,1)
(10605500,1)
(1899000,8)
(2198700,1)
(10779300,1)
(9884400,1)
(5479200,10)
(9844800,1)
(7106900,9)
(3222800,2)
(10488600,2)
(6374300,1)
(2414600,1)
(9933900,1)
(4117400,7)
(9458700,1)
(2485800,1)
(9577500,1)
(5776200,1)
(6621800,1)
(5038100,20)
(2954700,2)
(4381100,1)
(10813400,1)
(10043900,1)
(1140500,102)
(10708100,1)
(8843000,29)
(9611600,4)
(9176000,1)
(1839600,1)
(4440500,2)
(9413600,8)
(3117500,4)
(11291300,1)
(3404600,4)
(8894400,1)
(450000,31)
(9340700,2)
(10241900,1)
(10098900,1)
(11308400,1)
(10116800,1)
(4810400,1)
(548200,7)
(2070800,105)
(117000,9)
(11077100,1)
(10572200,2)
(5731100,2)
(1316000,1)
(7359900,2)
(1628400,1)
(6696600,2)
(10552400,1)
(7043900,4)
(990100,3)
(10271600,1)
(18800,96)
(11146400,1)
(10245500,1)
(8692800,1)
(1865700,1)
(3548700,1)
(10295000,1)
(550900,4)
(10215800,1)
(9813200,1)
(11002300,1)
(11187900,1)
(4282100,1)
(4934700,1)
(4222700,1)
(5212700,3)
(8255300,4)
(1312400,8)
(7073600,2)
(2345300,1)
(4147100,1)
(9912200,1)
(10324700,1)
(9838500,1)
(410400,1)
(7813400,3)
(8864700,6)
(999200,4)
(10141000,6)
(4970700,2)
(1509600,34)
(4143500,2)
(439300,2)
(9671000,2)
(1999900,1)
(9993300,1)
(237700,3)
(10597500,1)
(3469500,2)
(386200,6)
(9646800,1)
(3903200,3)
(9583800,1)
(7220200,1)
(8775600,1)
(2365100,3)
(568000,14)
(9314600,1)
(6739800,6)
(9047300,1)
(2835900,3)
(8785500,1)
(2315600,2)
(2292200,14)
(9729600,1)
(6511000,1)
(10818900,1)
(8308400,1)
(9022000,4)
(1520300,1)
(10259000,1)
(9380300,1)
(252000,9)
(9739500,1)
(11132900,1)
(1302500,3)
(4414400,1)
(9162500,8)
(9177900,1)
(1844000,11)
(5970600,1)
(10601900,1)
(8844900,8)
(1964700,1)
(10156400,1)
(7395900,1)
(469000,1)
(4554900,38)
(1421300,1)
(6512900,1)
(4410800,4)
(6718100,1)
(10275200,1)
(1638300,2)
(4460300,1)
(1000000,10)
(8587500,1)
(9463100,2)
(10053800,1)
(9828600,1)
(4064300,2)
(10047500,2)
(10556000,1)
(5815800,6)
(1185600,79)
(9494700,2)
(7458900,2)
(6631700,3)
(8957400,1)
(5980500,1)
(3924900,2)
(4479300,6)
(3099600,11)
(7379700,2)
(10204000,1)
(8334500,1)
(10281500,2)
(5060600,1)
(2256200,5)
(7619000,1)
(4538700,1)
(2537000,1)
(7478700,1)
(10374200,1)
(9350600,1)
(4979800,2)
(10042000,1)
(9417200,1)
(668900,25)
(3167000,8)
(3256100,1)
(5523200,1)
(4133600,1)
(10338200,1)
(11063600,1)
(10557900,1)
(1809900,15)
(7116800,2)
(3013000,1)
(11219300,1)
(9308300,1)
(5810300,1)
(930700,4)
(11229200,1)
(7251800,15)
(1452900,4)
(8998900,1)
(9200200,1)
(4839300,3)
(10536200,1)
(9818700,1)
(11200300,1)
(7245500,3)
(9067100,2)
(9073400,3)
(2964600,1)
(4960800,22)
(2626100,7)
(2024900,24)
(11067200,1)
(10186100,3)
(1968300,17)
(3143600,22)
(7443500,1)
(5297400,1)
(10101400,3)
(7042000,2)
(9785400,2)
(3824000,1)
(4246100,1)
(2602700,1)
(3913100,1)
(2068100,1)
(3489300,1)
(3513500,1)
(7360700,1)
(9468600,1)
(10917900,1)
(3538800,1)
(3533300,1)
(2721500,2)
(9692700,1)
(4861800,1)
(2201200,2)
(2673900,2)
(11245400,1)
(8884500,1)
(6686700,16)
(8681000,1)
(4074200,1)
(8780000,2)
(10890900,1)
(8779200,21)
(3523400,1)
(11265200,1)
(5772600,1)
(5885100,1)
(7691000,1)
(2490200,1)
(7230100,2)
(7370600,1)
(3454100,1)
(1849500,73)
(9488400,1)
(3470300,5)
(9235400,1)
(9562100,2)
(6902600,1)
(9330800,3)
(929900,21)
(9512600,2)
(3667500,3)
(959600,4)
(2923100,1)
(6572300,1)
(9676500,1)
(10878300,2)
(90800,1)
(8878200,2)
(9364100,2)
(8344400,1)
(9395700,1)
(2060900,39)
(9205700,1)
(3058100,107)
(1393500,4)
(6785700,2)
(9375900,1)
(8795400,4)
(2386800,1)
(1274700,1)
(3003100,1)
(7200400,1)
(3503600,1)
(9209300,7)
(118900,65)
(10344500,1)
(7047500,1)
(904600,4)
(4194900,4)
(11296800,1)
(7611800,1)
(9017600,1)
(2830400,2)
(1383600,2)
(6942200,2)
(8601800,1)
(9078900,3)
(5796000,1)
(5455800,2)
(9360500,1)
(6759600,1)
(11047400,1)
(9320900,1)
(10457000,1)
(8413700,1)
(7823300,1)
(10350800,1)
(11027600,1)
(3024800,2)
(1918800,35)
(673300,12)
(1944900,1)
(7572200,1)
(7318400,1)
(8917800,4)
(8037500,1)
(2480300,4)
(10126700,1)
(2517200,24)
(48500,57)
(242100,3)
(7105000,1)
(5800400,1)
(2667600,4)
(4242500,1)
(2054600,1)
(10037600,1)
(5964300,2)
(5904900,4)
(9427100,2)
(4277700,1)
(10192400,1)
(8912300,1)
(1446600,22)
(3984300,4)
(6765900,1)
(1149600,7)
(8906000,36)
(9755700,1)
(2137400,5)
(9221900,1)
(9369600,1)
(8547900,1)
(9710600,3)
(10403900,1)
(10210300,1)
(10502900,1)
(11017700,1)
(9389400,4)
(1233200,1)
(6542600,2)
(10997100,1)
(10265300,3)
(4459500,4)
(7093400,3)
(7526300,1)
(2968200,2)
(68300,1)
(2058200,47)
(1571700,22)
(7384100,4)
(11225600,1)
(1268400,1)
(9433400,1)
(4366800,1)
(495100,3)
(8858400,1)
(4198500,1)
(1124300,4)
(1500500,70)
(6704600,5)
(3068000,1)
(8868300,1)
(5960700,2)
(11073500,1)
(9063500,4)
(1159500,1)
(9403700,1)
(103500,1)
(9963600,1)
(9983400,2)
(1603100,7)
(2612600,1)
(7730600,2)
(7259000,1)
(10828800,1)
(2361500,2)
(3414500,3)
(3429900,2)
(3201100,9)
(6803600,3)
(4726800,2)
(2786400,5)
(11271500,1)
(11241800,1)
(9730400,1)
(752500,2)
(6615500,1)
(400500,12)
(809200,2)
(5792400,2)
(9338000,6)
(9803300,1)
(8977200,36)
(3127400,2)
(8340800,2)
(10230100,1)
(1170200,7)
(10884600,1)
(10874700,1)
(908200,18)
(3216500,2)
(8231900,2)
(1322300,35)
(10755900,1)
(11116700,1)
(9957300,1)
(10176200,1)
(10906100,1)
(9791700,1)
(3396600,1)
(2891700,1)
(4815900,1)
(11166200,1)
(2078000,1)
(10656900,1)
(409600,3)
(7906100,3)
(3430700,4)
(8403800,1)
(3424400,1)
(10686600,1)
(7790000,1)
(8281400,1)
(2064500,3)
(4080500,5)
(2460500,1)
(594100,1)
(8937600,1)
(8963700,1)
(9779100,1)
(1624800,1)
(10067300,1)
(970300,1)
(1009100,1)
(6734300,1)
(3069900,10)
(995600,3)
(10833200,1)
(8973600,1)
(10437200,1)
(2804300,1)
(293500,273)
(10498500,1)
(10912400,1)
(9823100,1)
(732700,2)
(9506300,1)
(4568400,1)
(10483100,1)
(1021700,3)
(9735900,2)
(8330900,1)
(2099700,1)
(10105000,1)
(8468700,2)
(1061300,8)
(8423600,1)
(8848500,3)
(8328200,1)
(10360700,1)
(5875200,1)
(7635200,3)
(8324600,1)
(5548500,2)
(11205800,1)
(1492500,1)
(7800,16)
(10007900,1)
(10791900,1)
(4095900,1)
(11142800,1)
(11285000,1)
(10205900,1)
(9231800,1)
(3553100,1)
(4578300,1)
(10696500,1)
(5958000,1)
(3881700,1)
(3960900,8)
(4267800,1)
(8542400,1)
(9858300,1)
(9587400,1)
(3262400,16)
(9615200,1)
(3934800,1)
(2772900,6)
(1869300,4)
(10759500,1)
(5459400,2)
(11131000,1)
(10864800,1)
(2683800,4)
(6730700,1)
(8453300,1)
(6018200,1)
(10364300,1)
(9146300,5)
(6724400,3)
(9423500,2)
(7215800,1)
(7556000,1)
(10162700,1)
(8888100,1)
(9318200,1)
(8546000,1)
(2814200,2)
(7285100,1)
(10073600,1)
(4859100,1)
(10370600,1)
(11182400,1)
(7557900,1)
(10200400,1)
(5485500,5)
(10823300,1)
(5558400,3)
(4292000,78)
(1978200,9)
(3938400,2)
(5766300,2)
(1011800,1)
(8902400,17)
(2371400,1)
(6927900,1)
(4829400,11)
(2622500,1)
(9291200,1)
(11210200,1)
(1591500,1)
(7261700,1)
(9635000,1)
(9720500,1)
(7468800,3)
(6370700,1)
(3440600,2)
(1529400,23)
(3034700,2)
(5805900,3)
(792100,1)
(4553000,1)
(4212800,4)
(10957500,1)
(5701400,1)
(3885300,1)
(10526300,1)
(6912500,3)
(10888200,1)
(3908700,1)
(11314700,1)
(2974500,4)
(7402000,2)
(7957500,2)
(10255400,1)
(6780200,1)
(10402000,1)
(9709800,1)
(6577800,1)
(1278300,11)
(5726700,1)
(6050600,2)
(10953900,1)
(6769500,1)
(3309200,2)
(5924700,1)
(5667300,1)
(198100,1)
(1190000,77)
(5622200,1)
(9532400,1)
(4226300,10)
(6536300,4)
(9438900,1)
(2870000,9)
(10220200,1)
(9696300,1)
(5059800,1)
(4439700,1)
(2320000,1)
(9789000,1)
(9101200,3)
(2970900,4)
(10898100,1)
(6728000,2)
(1223300,55)
(9192200,2)
(1081100,1)
(3408200,2)
(4701500,9)
(11043800,1)
(11032000,1)
(9740300,3)
(6609200,1)
(7427300,1)
(11230000,1)
(10600000,1)
(9225500,2)
(9880800,3)
(8769300,2)
(4845600,1)
(8770100,6)
(4391000,37)
(9057200,1)
(10512800,1)
(3090500,1)
(188200,23)
(2657700,1)
(3153500,1)
(10582100,1)
(9187800,2)
(663400,1)
(9132800,1)
(8615300,3)
(2475900,1)
(3460400,5)
(10427300,1)
(5499000,4)
(3895200,2)
(2300,44)
(2711600,2)
(153000,98)
(3341600,1)
(1711700,1)
(4938300,1)
(10296900,1)
(9484800,1)
(11220100,1)
(7937700,2)
(861400,3)
(164800,6)
(7609100,4)
(10093400,1)
(435700,3)
(4408100,11)
(1845900,22)
(3381200,31)
(10983600,1)
(5356800,1)
(10468800,1)
(762400,1)
(1515900,74)
(4168800,1)
(10858500,1)
(4193000,45)
(6587700,1)
(11249000,1)
(9023900,1)
(10473200,1)
(3391100,29)
(5944500,1)
(965900,2)
(11172500,1)
(8338100,1)
(9537900,1)
(3928500,1)
(10937700,1)
(1943000,1)
(9473000,3)
(4804100,1)
(6516500,1)
(11255300,1)
(11209400,1)
(4574700,1)
(8073500,1)
(8709900,1)
(10249100,1)
(4711400,1)
(1005500,1)
(1169400,4)
(1306100,4)
(3386700,1)
(10328300,1)
(8922200,1)
(5950800,1)
(9947400,1)
(9324500,3)
(503100,1)
(10012300,1)
(123300,339)
(5272100,1)
(3060800,1)
(9379500,9)
(1735100,4)
(4188600,18)
(3563000,3)
(9666600,1)
(4003000,1)
(8890800,1)
(9093200,1)
(10443500,3)
(1608600,1)
(4657500,7)
(2123900,1)
(1834100,1)
(10942100,1)
(7296900,1)
(10304900,1)
(9516200,1)
(949700,1)
(8567700,1)
(382600,1)
(10760300,1)
(2766600,31)
(9682800,1)
(430200,1)
(10795500,1)
(10447100,2)
(54800,1)
(1238700,2)
(3361400,14)
(4716900,1)
(9498300,4)
(10369800,1)
(4558500,1)
(10671200,1)
(3517100,1)
(2489400,1)
(10769400,1)
(8583900,3)
(9241700,1)
(7760300,1)
(4048100,2)
(2879100,20)
(9902300,1)
(5049900,1)
(9478500,1)
(7403900,1)
(9536000,1)
(7615400,4)
(11304800,1)
(297100,2)
(3439800,2)
(2107700,1)
(7354400,2)
(10379700,1)
(6729900,4)
(9641300,2)
(4908600,4)
(10209500,2)
(10611800,1)
(1860200,1)
(143100,4)
(13300,709)
(9328100,3)
(8808900,4)
(10790000,1)
(6562400,4)
(3564900,70)
(5820200,10)
(283600,1)
(10146500,1)
(8907900,2)
(9526100,1)
(712900,13)
(10987200,1)
(7291400,5)
(4869000,4)
(9672900,2)
(11275100,1)
(8942000,1)
(8745900,1)
(8828700,6)
(227800,3)
(2871900,140)
(11033900,1)
(11098800,1)
(3246200,1)
(4989700,1)
(9573900,2)
(9686400,1)
(2102200,9)
(1154000,18)
(8245400,1)
(2989900,1)
(1091000,1)
(6566000,1)
(10655000,1)
(5804000,2)
(1913300,2)
(9651200,4)
(4173200,1)
(7389600,1)
(7172600,2)
(10993500,3)
(1056900,1)
(1510400,3)
(8719800,3)
(7390400,1)
(1290900,245)
(9106700,1)
(8458800,3)
(9661100,2)
(6864900,1)
(8759400,1)
(10251800,1)
(7888200,1)
(1535700,1)
(10225700,1)
(6506600,1)
(9166100,1)
(1482600,59)
(1830500,8)
(6932300,1)
(3479400,1)
(6937800,1)
(10380500,1)
(4123700,3)
(10714400,1)
(8296800,1)
(1441100,2)
(1974600,1)
(1332200,5)
